7.1850	-0.359	-0.359
7.1851	-0.359	-0.359
7.1852	-0.359	-0.359
7.1853	-0.358	-0.359
7.1854	-0.358	-0.359
7.1855	-0.358	-0.359
7.1856	-0.358	-0.359
7.1857	-0.358	-0.359
7.1858	-0.358	-0.359
7.1859	-0.359	-0.359
7.1860	-0.359	-0.359
7.1861	-0.358	-0.359
7.1862	-0.358	-0.359
7.1863	-0.359	-0.359
7.1864	-0.359	-0.359
7.1865	-0.358	-0.359
7.1866	-0.358	-0.359
7.1867	-0.359	-0.359
7.1868	-0.359	-0.359
7.1869	-0.359	-0.359
7.1870	-0.359	-0.359
7.1871	-0.358	-0.359
7.1872	-0.358	-0.359
7.1873	-0.358	-0.359
7.1874	-0.358	-0.359
7.1875	-0.358	-0.359
7.1876	-0.358	-0.359
7.1877	-0.358	-0.36
7.1878	-0.358	-0.36
7.1879	-0.358	-0.359
7.1880	-0.358	-0.359
7.1881	-0.358	-0.359
7.1882	-0.358	-0.359
7.1883	-0.358	-0.359
7.1884	-0.358	-0.359
7.1885	-0.358	-0.359
7.1886	-0.358	-0.359
7.1887	-0.359	-0.359
7.1888	-0.359	-0.359
7.1889	-0.358	-0.359
7.1890	-0.358	-0.359
7.1891	-0.358	-0.359
7.1892	-0.358	-0.359
7.1893	-0.358	-0.359
7.1894	-0.358	-0.359
7.1895	-0.358	-0.359
7.1896	-0.358	-0.359
7.1897	-0.358	-0.359
7.1898	-0.358	-0.359
7.1899	-0.358	-0.359
7.1900	-0.358	-0.359
7.1901	-0.358	-0.359
7.1902	-0.358	-0.359
7.1903	-0.358	-0.359
7.1904	-0.358	-0.359
7.1905	-0.358	-0.359
7.1906	-0.358	-0.359
7.1907	-0.358	-0.359
7.1908	-0.358	-0.359
7.1909	-0.358	-0.359
7.1910	-0.358	-0.359
7.1911	-0.358	-0.359
7.1912	-0.358	-0.359
7.1913	-0.358	-0.359
7.1914	-0.358	-0.359
7.1915	-0.358	-0.359
7.1916	-0.358	-0.359
7.1917	-0.358	-0.359
7.1918	-0.358	-0.359
7.1919	-0.358	-0.358
7.1920	-0.358	-0.358
7.1921	-0.358	-0.359
7.1922	-0.358	-0.359
7.1923	-0.358	-0.359
7.1924	-0.358	-0.359
7.1925	-0.358	-0.359
7.1926	-0.358	-0.359
7.1927	-0.358	-0.359
7.1928	-0.358	-0.359
7.1929	-0.358	-0.359
7.1930	-0.358	-0.359
7.1931	-0.357	-0.359
7.1932	-0.357	-0.359
7.1933	-0.358	-0.359
7.1934	-0.358	-0.359
7.1935	-0.358	-0.359
7.1936	-0.358	-0.359
7.1937	-0.358	-0.359
7.1938	-0.358	-0.359
7.1939	-0.358	-0.359
7.1940	-0.358	-0.359
7.1941	-0.358	-0.359
7.1942	-0.358	-0.359
7.1943	-0.358	-0.359
7.1944	-0.358	-0.359
7.1945	-0.357	-0.359
7.1946	-0.357	-0.359
7.1947	-0.358	-0.359
7.1948	-0.358	-0.359
7.1949	-0.358	-0.359
7.1950	-0.358	-0.359
7.1951	-0.358	-0.359
7.1952	-0.358	-0.359
7.1953	-0.358	-0.359
7.1954	-0.358	-0.359
7.1955	-0.358	-0.359
7.1956	-0.358	-0.359
7.1957	-0.358	-0.359
7.1958	-0.358	-0.359
7.1959	-0.358	-0.359
7.1960	-0.358	-0.359
7.1961	-0.358	-0.359
7.1962	-0.358	-0.359
7.1963	-0.358	-0.359
7.1964	-0.358	-0.359
7.1965	-0.357	-0.359
7.1966	-0.357	-0.359
7.1967	-0.358	-0.359
7.1968	-0.358	-0.359
7.1969	-0.358	-0.359
7.1970	-0.358	-0.359
7.1971	-0.358	-0.359
7.1972	-0.358	-0.359
7.1973	-0.358	-0.359
7.1974	-0.358	-0.359
7.1975	-0.358	-0.359
7.1976	-0.358	-0.359
7.1977	-0.358	-0.359
7.1978	-0.358	-0.359
7.1979	-0.358	-0.358
7.1980	-0.358	-0.358
7.1981	-0.358	-0.359
7.1982	-0.358	-0.359
7.1983	-0.358	-0.359
7.1984	-0.358	-0.359
7.1985	-0.358	-0.359
7.1986	-0.358	-0.359
7.1987	-0.357	-0.359
7.1988	-0.357	-0.359
7.1989	-0.358	-0.359
7.1990	-0.358	-0.359
7.1991	-0.358	-0.359
7.1992	-0.358	-0.359
7.1993	-0.358	-0.358
7.1994	-0.358	-0.358
7.1995	-0.358	-0.359
7.1996	-0.358	-0.359
7.1997	-0.358	-0.359
7.1998	-0.358	-0.359
7.1999	-0.358	-0.359
7.2000	-0.358	-0.359
7.2001	-0.358	-0.359
7.2002	-0.358	-0.359
7.2003	-0.358	-0.358
7.2004	-0.358	-0.358
7.2005	-0.358	-0.359
7.2006	-0.358	-0.359
7.2007	-0.358	-0.359
7.2008	-0.358	-0.359
7.2009	-0.358	-0.358
7.2010	-0.358	-0.358
7.2011	-0.358	-0.359
7.2012	-0.358	-0.359
7.2013	-0.357	-0.359
7.2014	-0.357	-0.359
7.2015	-0.358	-0.358
7.2016	-0.358	-0.358
7.2017	-0.358	-0.358
7.2018	-0.358	-0.358
7.2019	-0.358	-0.358
7.2020	-0.358	-0.358
7.2021	-0.358	-0.358
7.2022	-0.358	-0.358
7.2023	-0.358	-0.358
7.2024	-0.358	-0.358
7.2025	-0.357	-0.359
7.2026	-0.357	-0.359
7.2027	-0.358	-0.359
7.2028	-0.358	-0.359
7.2029	-0.358	-0.359
7.2030	-0.358	-0.359
7.2031	-0.358	-0.358
7.2032	-0.358	-0.358
7.2033	-0.358	-0.358
7.2034	-0.358	-0.358
7.2035	-0.358	-0.358
7.2036	-0.358	-0.358
7.2037	-0.358	-0.359
7.2038	-0.358	-0.359
7.2039	-0.357	-0.358
7.2040	-0.357	-0.358
7.2041	-0.358	-0.358
7.2042	-0.358	-0.358
7.2043	-0.358	-0.358
7.2044	-0.358	-0.358
7.2045	-0.358	-0.359
7.2046	-0.358	-0.359
7.2047	-0.358	-0.359
7.2048	-0.358	-0.359
7.2049	-0.358	-0.358
7.2050	-0.358	-0.358
7.2051	-0.357	-0.358
7.2052	-0.357	-0.358
7.2053	-0.357	-0.358
7.2054	-0.357	-0.358
7.2055	-0.358	-0.358
7.2056	-0.358	-0.358
7.2057	-0.357	-0.358
7.2058	-0.357	-0.358
7.2059	-0.357	-0.358
7.2060	-0.357	-0.358
7.2061	-0.357	-0.358
7.2062	-0.357	-0.358
7.2063	-0.357	-0.358
7.2064	-0.357	-0.358
7.2065	-0.358	-0.358
7.2066	-0.358	-0.358
7.2067	-0.358	-0.359
7.2068	-0.358	-0.359
7.2069	-0.357	-0.359
7.2070	-0.357	-0.359
7.2071	-0.357	-0.358
7.2072	-0.357	-0.358
7.2073	-0.357	-0.358
7.2074	-0.357	-0.358
7.2075	-0.357	-0.358
7.2076	-0.357	-0.358
7.2077	-0.357	-0.358
7.2078	-0.357	-0.358
7.2079	-0.357	-0.358
7.2080	-0.357	-0.358
7.2081	-0.358	-0.358
7.2082	-0.358	-0.358
7.2083	-0.357	-0.359
7.2084	-0.357	-0.359
7.2085	-0.357	-0.358
7.2086	-0.357	-0.358
7.2087	-0.358	-0.358
7.2088	-0.358	-0.358
7.2089	-0.358	-0.358
7.2090	-0.358	-0.358
7.2091	-0.357	-0.358
7.2092	-0.357	-0.358
7.2093	-0.357	-0.359
7.2094	-0.357	-0.359
7.2095	-0.358	-0.359
7.2096	-0.358	-0.359
7.2097	-0.358	-0.358
7.2098	-0.358	-0.358
7.2099	-0.358	-0.358
7.2100	-0.358	-0.358
7.2101	-0.357	-0.358
7.2102	-0.357	-0.358
7.2103	-0.358	-0.358
7.2104	-0.358	-0.358
7.2105	-0.357	-0.359
7.2106	-0.357	-0.359
7.2107	-0.358	-0.358
7.2108	-0.358	-0.358
7.2109	-0.357	-0.358
7.2110	-0.357	-0.358
7.2111	-0.357	-0.359
7.2112	-0.357	-0.359
7.2113	-0.357	-0.358
7.2114	-0.357	-0.358
7.2115	-0.357	-0.359
7.2116	-0.357	-0.359
7.2117	-0.357	-0.359
7.2118	-0.357	-0.359
7.2119	-0.358	-0.357
7.2120	-0.358	-0.357
7.2121	-0.357	-0.357
7.2122	-0.357	-0.357
7.2123	-0.358	-0.358
7.2124	-0.358	-0.358
7.2125	-0.357	-0.358
7.2126	-0.357	-0.358
7.2127	-0.358	-0.357
7.2128	-0.358	-0.357
7.2129	-0.358	-0.358
7.2130	-0.358	-0.358
7.2131	-0.357	-0.358
7.2132	-0.357	-0.358
7.2133	-0.357	-0.357
7.2134	-0.357	-0.357
7.2135	-0.358	-0.358
7.2136	-0.358	-0.358
7.2137	-0.358	-0.358
7.2138	-0.358	-0.358
7.2139	-0.357	-0.358
7.2140	-0.357	-0.358
7.2141	-0.357	-0.358
7.2142	-0.357	-0.358
7.2143	-0.357	-0.358
7.2144	-0.357	-0.358
7.2145	-0.357	-0.358
7.2146	-0.357	-0.358
7.2147	-0.358	-0.357
7.2148	-0.358	-0.357
7.2149	-0.357	-0.358
7.2150	-0.357	-0.358
7.2151	-0.358	-0.358
7.2152	-0.358	-0.358
7.2153	-0.357	-0.357
7.2154	-0.357	-0.357
7.2155	-0.358	-0.357
7.2156	-0.358	-0.357
7.2157	-0.357	-0.358
7.2158	-0.357	-0.358
7.2159	-0.357	-0.358
7.2160	-0.357	-0.358
7.2161	-0.358	-0.357
7.2162	-0.358	-0.357
7.2163	-0.357	-0.357
7.2164	-0.357	-0.357
7.2165	-0.357	-0.357
7.2166	-0.357	-0.357
7.2167	-0.357	-0.357
7.2168	-0.357	-0.357
7.2169	-0.358	-0.357
7.2170	-0.358	-0.357
7.2171	-0.358	-0.358
7.2172	-0.358	-0.358
7.2173	-0.357	-0.358
7.2174	-0.357	-0.358
7.2175	-0.357	-0.357
7.2176	-0.357	-0.357
7.2177	-0.357	-0.358
7.2178	-0.357	-0.358
7.2179	-0.357	-0.358
7.2180	-0.357	-0.358
7.2181	-0.357	-0.357
7.2182	-0.357	-0.357
7.2183	-0.357	-0.358
7.2184	-0.357	-0.358
7.2185	-0.357	-0.357
7.2186	-0.357	-0.357
7.2187	-0.357	-0.357
7.2188	-0.357	-0.357
7.2189	-0.358	-0.358
7.2190	-0.358	-0.358
7.2191	-0.357	-0.357
7.2192	-0.357	-0.357
7.2193	-0.357	-0.357
7.2194	-0.357	-0.357
7.2195	-0.357	-0.358
7.2196	-0.357	-0.358
7.2197	-0.357	-0.357
7.2198	-0.357	-0.357
7.2199	-0.358	-0.358
7.2200	-0.358	-0.358
7.2201	-0.357	-0.358
7.2202	-0.357	-0.358
7.2203	-0.357	-0.358
7.2204	-0.357	-0.358
7.2205	-0.357	-0.358
7.2206	-0.357	-0.358
7.2207	-0.357	-0.357
7.2208	-0.357	-0.357
7.2209	-0.357	-0.357
7.2210	-0.357	-0.357
7.2211	-0.357	-0.357
7.2212	-0.357	-0.357
7.2213	-0.357	-0.358
7.2214	-0.357	-0.358
7.2215	-0.357	-0.357
7.2216	-0.357	-0.357
7.2217	-0.357	-0.358
7.2218	-0.357	-0.358
7.2219	-0.357	-0.358
7.2220	-0.357	-0.358
7.2221	-0.357	-0.357
7.2222	-0.357	-0.357
7.2223	-0.356	-0.358
7.2224	-0.356	-0.358
7.2225	-0.357	-0.358
7.2226	-0.357	-0.358
7.2227	-0.357	-0.357
7.2228	-0.357	-0.357
7.2229	-0.357	-0.358
7.2230	-0.357	-0.358
7.2231	-0.357	-0.357
7.2232	-0.357	-0.357
7.2233	-0.357	-0.358
7.2234	-0.357	-0.358
7.2235	-0.357	-0.357
7.2236	-0.357	-0.357
7.2237	-0.357	-0.357
7.2238	-0.357	-0.357
7.2239	-0.357	-0.357
7.2240	-0.357	-0.357
7.2241	-0.357	-0.357
7.2242	-0.357	-0.357
7.2243	-0.357	-0.357
7.2244	-0.357	-0.357
7.2245	-0.357	-0.357
7.2246	-0.357	-0.357
7.2247	-0.357	-0.357
7.2248	-0.357	-0.357
7.2249	-0.356	-0.357
7.2250	-0.356	-0.357
7.2251	-0.357	-0.357
7.2252	-0.357	-0.357
7.2253	-0.357	-0.357
7.2254	-0.357	-0.357
7.2255	-0.357	-0.358
7.2256	-0.357	-0.358
7.2257	-0.356	-0.357
7.2258	-0.356	-0.357
7.2259	-0.357	-0.358
7.2260	-0.357	-0.358
7.2261	-0.357	-0.356
7.2262	-0.357	-0.356
7.2263	-0.357	-0.357
7.2264	-0.357	-0.357
7.2265	-0.356	-0.357
7.2266	-0.356	-0.357
7.2267	-0.357	-0.357
7.2268	-0.357	-0.357
7.2269	-0.357	-0.357
7.2270	-0.357	-0.357
7.2271	-0.357	-0.357
7.2272	-0.357	-0.357
7.2273	-0.358	-0.357
7.2274	-0.358	-0.357
7.2275	-0.357	-0.357
7.2276	-0.357	-0.357
7.2277	-0.357	-0.357
7.2278	-0.357	-0.357
7.2279	-0.357	-0.357
7.2280	-0.357	-0.357
7.2281	-0.357	-0.358
7.2282	-0.357	-0.358
7.2283	-0.357	-0.357
7.2284	-0.357	-0.357
7.2285	-0.356	-0.357
7.2286	-0.356	-0.357
7.2287	-0.357	-0.357
7.2288	-0.357	-0.357
7.2289	-0.357	-0.357
7.2290	-0.357	-0.357
7.2291	-0.357	-0.357
7.2292	-0.357	-0.357
7.2293	-0.357	-0.357
7.2294	-0.357	-0.357
7.2295	-0.356	-0.357
7.2296	-0.356	-0.357
7.2297	-0.357	-0.356
7.2298	-0.357	-0.356
7.2299	-0.357	-0.357
7.2300	-0.357	-0.357
7.2301	-0.357	-0.357
7.2302	-0.357	-0.357
7.2303	-0.356	-0.357
7.2304	-0.356	-0.357
7.2305	-0.357	-0.357
7.2306	-0.357	-0.357
7.2307	-0.357	-0.357
7.2308	-0.357	-0.357
7.2309	-0.356	-0.357
7.2310	-0.356	-0.357
7.2311	-0.357	-0.357
7.2312	-0.357	-0.357
7.2313	-0.356	-0.357
7.2314	-0.356	-0.357
7.2315	-0.357	-0.357
7.2316	-0.357	-0.357
7.2317	-0.357	-0.357
7.2318	-0.357	-0.357
7.2319	-0.356	-0.357
7.2320	-0.356	-0.357
7.2321	-0.357	-0.357
7.2322	-0.357	-0.357
7.2323	-0.357	-0.356
7.2324	-0.357	-0.356
7.2325	-0.357	-0.357
7.2326	-0.357	-0.357
7.2327	-0.357	-0.356
7.2328	-0.357	-0.356
7.2329	-0.356	-0.357
7.2330	-0.356	-0.357
7.2331	-0.356	-0.357
7.2332	-0.356	-0.357
7.2333	-0.357	-0.357
7.2334	-0.357	-0.357
7.2335	-0.356	-0.356
7.2336	-0.356	-0.356
7.2337	-0.356	-0.357
7.2338	-0.356	-0.357
7.2339	-0.356	-0.356
7.2340	-0.356	-0.356
7.2341	-0.357	-0.356
7.2342	-0.357	-0.356
7.2343	-0.356	-0.357
7.2344	-0.356	-0.357
7.2345	-0.356	-0.357
7.2346	-0.356	-0.357
7.2347	-0.357	-0.356
7.2348	-0.357	-0.356
7.2349	-0.356	-0.356
7.2350	-0.356	-0.356
7.2351	-0.356	-0.357
7.2352	-0.356	-0.357
7.2353	-0.357	-0.356
7.2354	-0.357	-0.356
7.2355	-0.356	-0.357
7.2356	-0.356	-0.357
7.2357	-0.357	-0.356
7.2358	-0.357	-0.356
7.2359	-0.356	-0.357
7.2360	-0.356	-0.357
7.2361	-0.357	-0.357
7.2362	-0.357	-0.357
7.2363	-0.356	-0.357
7.2364	-0.356	-0.357
7.2365	-0.356	-0.357
7.2366	-0.356	-0.357
7.2367	-0.357	-0.357
7.2368	-0.357	-0.357
7.2369	-0.357	-0.357
7.2370	-0.357	-0.357
7.2371	-0.357	-0.356
7.2372	-0.357	-0.356
7.2373	-0.356	-0.357
7.2374	-0.356	-0.357
7.2375	-0.356	-0.357
7.2376	-0.356	-0.357
7.2377	-0.356	-0.357
7.2378	-0.356	-0.357
7.2379	-0.356	-0.358
7.2380	-0.356	-0.358
7.2381	-0.356	-0.356
7.2382	-0.356	-0.356
7.2383	-0.357	-0.356
7.2384	-0.357	-0.356
7.2385	-0.356	-0.357
7.2386	-0.356	-0.357
7.2387	-0.357	-0.357
7.2388	-0.357	-0.357
7.2389	-0.356	-0.356
7.2390	-0.356	-0.356
7.2391	-0.356	-0.357
7.2392	-0.356	-0.357
7.2393	-0.356	-0.356
7.2394	-0.356	-0.356
7.2395	-0.356	-0.356
7.2396	-0.356	-0.356
7.2397	-0.356	-0.357
7.2398	-0.356	-0.357
7.2399	-0.356	-0.357
7.2400	-0.356	-0.357
7.2401	-0.357	-0.357
7.2402	-0.357	-0.357
7.2403	-0.356	-0.356
7.2404	-0.356	-0.356
7.2405	-0.356	-0.355
7.2406	-0.356	-0.355
7.2407	-0.356	-0.357
7.2408	-0.356	-0.357
7.2409	-0.356	-0.357
7.2410	-0.356	-0.357
7.2411	-0.356	-0.357
7.2412	-0.356	-0.357
7.2413	-0.356	-0.357
7.2414	-0.356	-0.357
7.2415	-0.356	-0.356
7.2416	-0.356	-0.356
7.2417	-0.356	-0.357
7.2418	-0.356	-0.357
7.2419	-0.356	-0.357
7.2420	-0.356	-0.357
7.2421	-0.356	-0.356
7.2422	-0.356	-0.356
7.2423	-0.356	-0.357
7.2424	-0.356	-0.357
7.2425	-0.356	-0.356
7.2426	-0.356	-0.356
7.2427	-0.356	-0.355
7.2428	-0.356	-0.355
7.2429	-0.357	-0.356
7.2430	-0.357	-0.356
7.2431	-0.356	-0.356
7.2432	-0.356	-0.356
7.2433	-0.356	-0.356
7.2434	-0.356	-0.356
7.2435	-0.356	-0.357
7.2436	-0.356	-0.357
7.2437	-0.356	-0.356
7.2438	-0.356	-0.356
7.2439	-0.356	-0.355
7.2440	-0.356	-0.355
7.2441	-0.356	-0.356
7.2442	-0.356	-0.356
7.2443	-0.356	-0.356
7.2444	-0.356	-0.356
7.2445	-0.356	-0.356
7.2446	-0.356	-0.356
7.2447	-0.356	-0.355
7.2448	-0.356	-0.355
7.2449	-0.356	-0.356
7.2450	-0.356	-0.356
7.2451	-0.356	-0.357
7.2452	-0.356	-0.357
7.2453	-0.356	-0.356
7.2454	-0.356	-0.356
7.2455	-0.356	-0.356
7.2456	-0.356	-0.356
7.2457	-0.356	-0.356
7.2458	-0.356	-0.356
7.2459	-0.356	-0.356
7.2460	-0.356	-0.356
7.2461	-0.356	-0.355
7.2462	-0.356	-0.355
7.2463	-0.356	-0.357
7.2464	-0.356	-0.357
7.2465	-0.356	-0.356
7.2466	-0.356	-0.356
7.2467	-0.356	-0.356
7.2468	-0.356	-0.356
7.2469	-0.356	-0.355
7.2470	-0.356	-0.355
7.2471	-0.356	-0.356
7.2472	-0.356	-0.356
7.2473	-0.356	-0.356
7.2474	-0.356	-0.356
7.2475	-0.356	-0.355
7.2476	-0.356	-0.355
7.2477	-0.356	-0.355
7.2478	-0.356	-0.355
7.2479	-0.356	-0.356
7.2480	-0.356	-0.356
7.2481	-0.356	-0.356
7.2482	-0.356	-0.356
7.2483	-0.356	-0.356
7.2484	-0.356	-0.356
7.2485	-0.356	-0.356
7.2486	-0.356	-0.356
7.2487	-0.356	-0.356
7.2488	-0.356	-0.356
7.2489	-0.356	-0.356
7.2490	-0.356	-0.356
7.2491	-0.356	-0.355
7.2492	-0.356	-0.355
7.2493	-0.356	-0.356
7.2494	-0.356	-0.356
7.2495	-0.356	-0.356
7.2496	-0.356	-0.356
7.2497	-0.356	-0.355
7.2498	-0.356	-0.355
7.2499	-0.356	-0.355
7.2500	-0.356	-0.355
7.2501	-0.356	-0.355
7.2502	-0.356	-0.355
7.2503	-0.356	-0.356
7.2504	-0.356	-0.356
7.2505	-0.356	-0.356
7.2506	-0.356	-0.356
7.2507	-0.356	-0.356
7.2508	-0.356	-0.356
7.2509	-0.356	-0.356
7.2510	-0.356	-0.356
7.2511	-0.355	-0.355
7.2512	-0.355	-0.355
7.2513	-0.355	-0.355
7.2514	-0.355	-0.355
7.2515	-0.355	-0.356
7.2516	-0.355	-0.356
7.2517	-0.355	-0.356
7.2518	-0.355	-0.356
7.2519	-0.355	-0.356
7.2520	-0.355	-0.356
7.2521	-0.356	-0.355
7.2522	-0.356	-0.355
7.2523	-0.356	-0.355
7.2524	-0.356	-0.355
7.2525	-0.355	-0.355
7.2526	-0.355	-0.355
7.2527	-0.355	-0.356
7.2528	-0.355	-0.356
7.2529	-0.355	-0.356
7.2530	-0.355	-0.356
7.2531	-0.355	-0.355
7.2532	-0.355	-0.355
7.2533	-0.355	-0.355
7.2534	-0.355	-0.355
7.2535	-0.355	-0.355
7.2536	-0.355	-0.355
7.2537	-0.356	-0.356
7.2538	-0.356	-0.356
7.2539	-0.354	-0.355
7.2540	-0.354	-0.355
7.2541	-0.356	-0.356
7.2542	-0.356	-0.356
7.2543	-0.355	-0.356
7.2544	-0.355	-0.356
7.2545	-0.356	-0.355
7.2546	-0.356	-0.355
7.2547	-0.356	-0.355
7.2548	-0.356	-0.355
7.2549	-0.356	-0.355
7.2550	-0.356	-0.355
7.2551	-0.355	-0.355
7.2552	-0.355	-0.355
7.2553	-0.355	-0.356
7.2554	-0.355	-0.356
7.2555	-0.355	-0.355
7.2556	-0.355	-0.355
7.2557	-0.355	-0.355
7.2558	-0.355	-0.355
7.2559	-0.355	-0.355
7.2560	-0.355	-0.355
7.2561	-0.355	-0.355
7.2562	-0.355	-0.355
7.2563	-0.355	-0.356
7.2564	-0.355	-0.356
7.2565	-0.355	-0.355
7.2566	-0.355	-0.355
7.2567	-0.355	-0.355
7.2568	-0.355	-0.355
7.2569	-0.355	-0.355
7.2570	-0.355	-0.355
7.2571	-0.355	-0.356
7.2572	-0.355	-0.356
7.2573	-0.355	-0.355
7.2574	-0.355	-0.355
7.2575	-0.355	-0.355
7.2576	-0.355	-0.355
7.2577	-0.355	-0.355
7.2578	-0.355	-0.355
7.2579	-0.355	-0.355
7.2580	-0.355	-0.355
7.2581	-0.355	-0.355
7.2582	-0.355	-0.355
7.2583	-0.355	-0.355
7.2584	-0.355	-0.355
7.2585	-0.355	-0.355
7.2586	-0.355	-0.355
7.2587	-0.354	-0.355
7.2588	-0.354	-0.355
7.2589	-0.354	-0.355
7.2590	-0.354	-0.355
7.2591	-0.355	-0.355
7.2592	-0.355	-0.355
7.2593	-0.354	-0.355
7.2594	-0.354	-0.355
7.2595	-0.355	-0.355
7.2596	-0.355	-0.355
7.2597	-0.354	-0.355
7.2598	-0.354	-0.355
7.2599	-0.355	-0.355
7.2600	-0.355	-0.355
7.2601	-0.354	-0.355
7.2602	-0.354	-0.355
7.2603	-0.354	-0.355
7.2604	-0.354	-0.355
7.2605	-0.354	-0.355
7.2606	-0.354	-0.355
7.2607	-0.354	-0.355
7.2608	-0.354	-0.355
7.2609	-0.354	-0.354
7.2610	-0.354	-0.354
7.2611	-0.354	-0.354
7.2612	-0.354	-0.354
7.2613	-0.354	-0.355
7.2614	-0.354	-0.355
7.2615	-0.354	-0.354
7.2616	-0.354	-0.354
7.2617	-0.354	-0.355
7.2618	-0.354	-0.355
7.2619	-0.354	-0.355
7.2620	-0.354	-0.355
7.2621	-0.354	-0.355
7.2622	-0.354	-0.355
7.2623	-0.354	-0.355
7.2624	-0.354	-0.355
7.2625	-0.354	-0.354
7.2626	-0.354	-0.354
7.2627	-0.353	-0.354
7.2628	-0.353	-0.354
7.2629	-0.354	-0.354
7.2630	-0.354	-0.354
7.2631	-0.353	-0.354
7.2632	-0.353	-0.354
7.2633	-0.353	-0.355
7.2634	-0.353	-0.355
7.2635	-0.353	-0.353
7.2636	-0.353	-0.353
7.2637	-0.354	-0.355
7.2638	-0.354	-0.355
7.2639	-0.354	-0.354
7.2640	-0.354	-0.354
7.2641	-0.353	-0.354
7.2642	-0.353	-0.354
7.2643	-0.353	-0.354
7.2644	-0.353	-0.354
7.2645	-0.353	-0.354
7.2646	-0.353	-0.354
7.2647	-0.353	-0.354
7.2648	-0.353	-0.354
7.2649	-0.354	-0.354
7.2650	-0.354	-0.354
7.2651	-0.354	-0.354
7.2652	-0.354	-0.354
7.2653	-0.354	-0.355
7.2654	-0.354	-0.355
7.2655	-0.353	-0.354
7.2656	-0.353	-0.354
7.2657	-0.353	-0.354
7.2658	-0.353	-0.354
7.2659	-0.352	-0.354
7.2660	-0.352	-0.354
7.2661	-0.353	-0.353
7.2662	-0.353	-0.353
7.2663	-0.353	-0.353
7.2664	-0.353	-0.353
7.2665	-0.353	-0.354
7.2666	-0.353	-0.354
7.2667	-0.352	-0.354
7.2668	-0.352	-0.354
7.2669	-0.353	-0.353
7.2670	-0.353	-0.353
7.2671	-0.353	-0.354
7.2672	-0.353	-0.354
7.2673	-0.352	-0.354
7.2674	-0.352	-0.354
7.2675	-0.353	-0.354
7.2676	-0.353	-0.354
7.2677	-0.352	-0.354
7.2678	-0.352	-0.354
7.2679	-0.352	-0.354
7.2680	-0.352	-0.354
7.2681	-0.352	-0.353
7.2682	-0.352	-0.353
7.2683	-0.352	-0.352
7.2684	-0.352	-0.352
7.2685	-0.352	-0.353
7.2686	-0.352	-0.353
7.2687	-0.352	-0.352
7.2688	-0.352	-0.352
7.2689	-0.352	-0.353
7.2690	-0.352	-0.353
7.2691	-0.352	-0.353
7.2692	-0.352	-0.353
7.2693	-0.352	-0.353
7.2694	-0.352	-0.353
7.2695	-0.352	-0.353
7.2696	-0.352	-0.353
7.2697	-0.352	-0.352
7.2698	-0.352	-0.352
7.2699	-0.352	-0.354
7.2700	-0.352	-0.354
7.2701	-0.352	-0.353
7.2702	-0.352	-0.353
7.2703	-0.352	-0.353
7.2704	-0.352	-0.353
7.2705	-0.352	-0.353
7.2706	-0.352	-0.353
7.2707	-0.352	-0.353
7.2708	-0.352	-0.353
7.2709	-0.352	-0.352
7.2710	-0.352	-0.352
7.2711	-0.352	-0.353
7.2712	-0.352	-0.353
7.2713	-0.352	-0.353
7.2714	-0.352	-0.353
7.2715	-0.352	-0.353
7.2716	-0.352	-0.353
7.2717	-0.352	-0.352
7.2718	-0.352	-0.352
7.2719	-0.352	-0.353
7.2720	-0.352	-0.353
7.2721	-0.352	-0.352
7.2722	-0.352	-0.352
7.2723	-0.352	-0.352
7.2724	-0.352	-0.352
7.2725	-0.351	-0.352
7.2726	-0.351	-0.352
7.2727	-0.351	-0.352
7.2728	-0.351	-0.352
7.2729	-0.352	-0.352
7.2730	-0.352	-0.352
7.2731	-0.351	-0.352
7.2732	-0.351	-0.352
7.2733	-0.352	-0.352
7.2734	-0.352	-0.352
7.2735	-0.351	-0.352
7.2736	-0.351	-0.352
7.2737	-0.351	-0.351
7.2738	-0.351	-0.351
7.2739	-0.352	-0.353
7.2740	-0.352	-0.353
7.2741	-0.352	-0.352
7.2742	-0.352	-0.352
7.2743	-0.352	-0.351
7.2744	-0.352	-0.351
7.2745	-0.351	-0.352
7.2746	-0.351	-0.352
7.2747	-0.351	-0.351
7.2748	-0.351	-0.351
7.2749	-0.351	-0.351
7.2750	-0.351	-0.351
7.2751	-0.351	-0.351
7.2752	-0.351	-0.351
7.2753	-0.351	-0.351
7.2754	-0.351	-0.351
7.2755	-0.351	-0.351
7.2756	-0.351	-0.351
7.2757	-0.351	-0.351
7.2758	-0.351	-0.351
7.2759	-0.351	-0.351
7.2760	-0.351	-0.351
7.2761	-0.351	-0.351
7.2762	-0.351	-0.351
7.2763	-0.35	-0.351
7.2764	-0.35	-0.351
7.2765	-0.35	-0.351
7.2766	-0.35	-0.351
7.2767	-0.35	-0.351
7.2768	-0.35	-0.351
7.2769	-0.35	-0.351
7.2770	-0.35	-0.351
7.2771	-0.35	-0.351
7.2772	-0.35	-0.351
7.2773	-0.35	-0.351
7.2774	-0.35	-0.351
7.2775	-0.349	-0.351
7.2776	-0.349	-0.351
7.2777	-0.35	-0.351
7.2778	-0.35	-0.351
7.2779	-0.35	-0.351
7.2780	-0.35	-0.351
7.2781	-0.349	-0.35
7.2782	-0.349	-0.35
7.2783	-0.35	-0.351
7.2784	-0.35	-0.351
7.2785	-0.349	-0.351
7.2786	-0.349	-0.351
7.2787	-0.349	-0.351
7.2788	-0.349	-0.351
7.2789	-0.348	-0.351
7.2790	-0.348	-0.351
7.2791	-0.349	-0.35
7.2792	-0.349	-0.35
7.2793	-0.348	-0.35
7.2794	-0.348	-0.35
7.2795	-0.349	-0.351
7.2796	-0.349	-0.351
7.2797	-0.349	-0.351
7.2798	-0.349	-0.351
7.2799	-0.348	-0.351
7.2800	-0.348	-0.351
7.2801	-0.348	-0.35
7.2802	-0.348	-0.35
7.2803	-0.348	-0.35
7.2804	-0.348	-0.35
7.2805	-0.348	-0.35
7.2806	-0.348	-0.35
7.2807	-0.349	-0.349
7.2808	-0.349	-0.349
7.2809	-0.348	-0.349
7.2810	-0.348	-0.349
7.2811	-0.348	-0.349
7.2812	-0.348	-0.349
7.2813	-0.348	-0.349
7.2814	-0.348	-0.349
7.2815	-0.348	-0.349
7.2816	-0.348	-0.349
7.2817	-0.348	-0.349
7.2818	-0.348	-0.349
7.2819	-0.348	-0.349
7.2820	-0.348	-0.349
7.2821	-0.348	-0.349
7.2822	-0.348	-0.349
7.2823	-0.348	-0.349
7.2824	-0.348	-0.349
7.2825	-0.348	-0.348
7.2826	-0.348	-0.348
7.2827	-0.348	-0.348
7.2828	-0.348	-0.348
7.2829	-0.348	-0.348
7.2830	-0.348	-0.348
7.2831	-0.348	-0.348
7.2832	-0.348	-0.348
7.2833	-0.347	-0.348
7.2834	-0.347	-0.348
7.2835	-0.348	-0.348
7.2836	-0.348	-0.348
7.2837	-0.347	-0.348
7.2838	-0.347	-0.348
7.2839	-0.347	-0.348
7.2840	-0.347	-0.348
7.2841	-0.347	-0.347
7.2842	-0.347	-0.347
7.2843	-0.347	-0.348
7.2844	-0.347	-0.348
7.2845	-0.347	-0.347
7.2846	-0.347	-0.347
7.2847	-0.347	-0.348
7.2848	-0.347	-0.348
7.2849	-0.346	-0.348
7.2850	-0.346	-0.348
7.2851	-0.346	-0.347
7.2852	-0.346	-0.347
7.2853	-0.346	-0.347
7.2854	-0.346	-0.347
7.2855	-0.347	-0.347
7.2856	-0.347	-0.347
7.2857	-0.346	-0.347
7.2858	-0.346	-0.347
7.2859	-0.346	-0.347
7.2860	-0.346	-0.347
7.2861	-0.346	-0.347
7.2862	-0.346	-0.347
7.2863	-0.346	-0.347
7.2864	-0.346	-0.347
7.2865	-0.346	-0.347
7.2866	-0.346	-0.347
7.2867	-0.347	-0.347
7.2868	-0.347	-0.347
7.2869	-0.345	-0.347
7.2870	-0.345	-0.347
7.2871	-0.346	-0.347
7.2872	-0.346	-0.347
7.2873	-0.346	-0.347
7.2874	-0.346	-0.347
7.2875	-0.345	-0.347
7.2876	-0.345	-0.347
7.2877	-0.346	-0.347
7.2878	-0.346	-0.347
7.2879	-0.345	-0.346
7.2880	-0.345	-0.346
7.2881	-0.345	-0.346
7.2882	-0.345	-0.346
7.2883	-0.346	-0.346
7.2884	-0.346	-0.346
7.2885	-0.345	-0.346
7.2886	-0.345	-0.346
7.2887	-0.345	-0.346
7.2888	-0.345	-0.346
7.2889	-0.345	-0.346
7.2890	-0.345	-0.346
7.2891	-0.345	-0.347
7.2892	-0.345	-0.347
7.2893	-0.345	-0.345
7.2894	-0.345	-0.345
7.2895	-0.344	-0.345
7.2896	-0.344	-0.345
7.2897	-0.344	-0.345
7.2898	-0.344	-0.345
7.2899	-0.344	-0.345
7.2900	-0.344	-0.345
7.2901	-0.344	-0.345
7.2902	-0.344	-0.345
7.2903	-0.344	-0.345
7.2904	-0.344	-0.345
7.2905	-0.344	-0.345
7.2906	-0.344	-0.345
7.2907	-0.344	-0.345
7.2908	-0.344	-0.345
7.2909	-0.344	-0.344
7.2910	-0.344	-0.344
7.2911	-0.344	-0.344
7.2912	-0.344	-0.344
7.2913	-0.344	-0.344
7.2914	-0.344	-0.344
7.2915	-0.344	-0.344
7.2916	-0.344	-0.344
7.2917	-0.343	-0.344
7.2918	-0.343	-0.344
7.2919	-0.343	-0.344
7.2920	-0.343	-0.344
7.2921	-0.343	-0.344
7.2922	-0.343	-0.344
7.2923	-0.343	-0.344
7.2924	-0.343	-0.344
7.2925	-0.343	-0.343
7.2926	-0.343	-0.343
7.2927	-0.343	-0.343
7.2928	-0.343	-0.343
7.2929	-0.342	-0.343
7.2930	-0.342	-0.343
7.2931	-0.343	-0.344
7.2932	-0.343	-0.344
7.2933	-0.342	-0.343
7.2934	-0.342	-0.343
7.2935	-0.342	-0.343
7.2936	-0.342	-0.343
7.2937	-0.342	-0.343
7.2938	-0.342	-0.343
7.2939	-0.342	-0.343
7.2940	-0.342	-0.343
7.2941	-0.341	-0.342
7.2942	-0.341	-0.342
7.2943	-0.341	-0.342
7.2944	-0.341	-0.342
7.2945	-0.341	-0.342
7.2946	-0.341	-0.342
7.2947	-0.341	-0.342
7.2948	-0.341	-0.342
7.2949	-0.34	-0.342
7.2950	-0.34	-0.342
7.2951	-0.341	-0.342
7.2952	-0.341	-0.342
7.2953	-0.341	-0.342
7.2954	-0.341	-0.342
7.2955	-0.34	-0.342
7.2956	-0.34	-0.342
7.2957	-0.34	-0.341
7.2958	-0.34	-0.341
7.2959	-0.34	-0.34
7.2960	-0.34	-0.34
7.2961	-0.34	-0.34
7.2962	-0.34	-0.34
7.2963	-0.34	-0.34
7.2964	-0.34	-0.34
7.2965	-0.34	-0.34
7.2966	-0.34	-0.34
7.2967	-0.339	-0.34
7.2968	-0.339	-0.34
7.2969	-0.339	-0.34
7.2970	-0.339	-0.34
7.2971	-0.339	-0.339
7.2972	-0.339	-0.339
7.2973	-0.339	-0.339
7.2974	-0.339	-0.339
7.2975	-0.339	-0.339
7.2976	-0.339	-0.339
7.2977	-0.339	-0.339
7.2978	-0.339	-0.339
7.2979	-0.339	-0.34
7.2980	-0.339	-0.34
7.2981	-0.338	-0.339
7.2982	-0.338	-0.339
7.2983	-0.338	-0.339
7.2984	-0.338	-0.339
7.2985	-0.338	-0.339
7.2986	-0.338	-0.339
7.2987	-0.338	-0.339
7.2988	-0.338	-0.339
7.2989	-0.337	-0.338
7.2990	-0.337	-0.338
7.2991	-0.338	-0.338
7.2992	-0.338	-0.338
7.2993	-0.337	-0.338
7.2994	-0.337	-0.338
7.2995	-0.337	-0.338
7.2996	-0.337	-0.338
7.2997	-0.337	-0.338
7.2998	-0.337	-0.338
7.2999	-0.336	-0.337
7.3000	-0.336	-0.337
7.3001	-0.336	-0.337
7.3002	-0.336	-0.337
7.3003	-0.336	-0.337
7.3004	-0.336	-0.337
7.3005	-0.336	-0.336
7.3006	-0.336	-0.336
7.3007	-0.336	-0.337
7.3008	-0.336	-0.337
7.3009	-0.336	-0.337
7.3010	-0.336	-0.337
7.3011	-0.335	-0.337
7.3012	-0.335	-0.337
7.3013	-0.335	-0.336
7.3014	-0.335	-0.336
7.3015	-0.336	-0.335
7.3016	-0.336	-0.335
7.3017	-0.336	-0.335
7.3018	-0.336	-0.335
7.3019	-0.335	-0.335
7.3020	-0.335	-0.335
7.3021	-0.336	-0.335
7.3022	-0.336	-0.335
7.3023	-0.336	-0.335
7.3024	-0.336	-0.335
7.3025	-0.335	-0.335
7.3026	-0.335	-0.335
7.3027	-0.334	-0.335
7.3028	-0.334	-0.335
7.3029	-0.334	-0.335
7.3030	-0.334	-0.335
7.3031	-0.334	-0.335
7.3032	-0.334	-0.335
7.3033	-0.334	-0.335
7.3034	-0.334	-0.335
7.3035	-0.334	-0.335
7.3036	-0.334	-0.335
7.3037	-0.334	-0.335
7.3038	-0.334	-0.335
7.3039	-0.334	-0.335
7.3040	-0.334	-0.335
7.3041	-0.334	-0.335
7.3042	-0.334	-0.335
7.3043	-0.333	-0.335
7.3044	-0.333	-0.335
7.3045	-0.333	-0.335
7.3046	-0.333	-0.335
7.3047	-0.333	-0.335
7.3048	-0.333	-0.335
7.3049	-0.332	-0.334
7.3050	-0.332	-0.334
7.3051	-0.332	-0.334
7.3052	-0.332	-0.334
7.3053	-0.332	-0.334
7.3054	-0.332	-0.334
7.3055	-0.332	-0.333
7.3056	-0.332	-0.333
7.3057	-0.332	-0.334
7.3058	-0.332	-0.334
7.3059	-0.332	-0.332
7.3060	-0.332	-0.332
7.3061	-0.332	-0.332
7.3062	-0.332	-0.332
7.3063	-0.332	-0.333
7.3064	-0.332	-0.333
7.3065	-0.332	-0.332
7.3066	-0.332	-0.332
7.3067	-0.331	-0.332
7.3068	-0.331	-0.332
7.3069	-0.331	-0.331
7.3070	-0.331	-0.331
7.3071	-0.331	-0.331
7.3072	-0.331	-0.331
7.3073	-0.33	-0.331
7.3074	-0.33	-0.331
7.3075	-0.33	-0.331
7.3076	-0.33	-0.331
7.3077	-0.331	-0.331
7.3078	-0.331	-0.331
7.3079	-0.331	-0.331
7.3080	-0.331	-0.331
7.3081	-0.33	-0.331
7.3082	-0.33	-0.331
7.3083	-0.329	-0.331
7.3084	-0.329	-0.331
7.3085	-0.329	-0.331
7.3086	-0.329	-0.331
7.3087	-0.329	-0.33
7.3088	-0.329	-0.33
7.3089	-0.328	-0.33
7.3090	-0.328	-0.33
7.3091	-0.329	-0.33
7.3092	-0.329	-0.33
7.3093	-0.328	-0.329
7.3094	-0.328	-0.329
7.3095	-0.328	-0.329
7.3096	-0.328	-0.329
7.3097	-0.328	-0.328
7.3098	-0.328	-0.328
7.3099	-0.328	-0.328
7.3100	-0.328	-0.328
7.3101	-0.328	-0.328
7.3102	-0.328	-0.328
7.3103	-0.328	-0.327
7.3104	-0.328	-0.327
7.3105	-0.327	-0.327
7.3106	-0.327	-0.327
7.3107	-0.327	-0.327
7.3108	-0.327	-0.327
7.3109	-0.326	-0.327
7.3110	-0.326	-0.327
7.3111	-0.326	-0.327
7.3112	-0.326	-0.327
7.3113	-0.326	-0.326
7.3114	-0.326	-0.326
7.3115	-0.325	-0.326
7.3116	-0.325	-0.326
7.3117	-0.325	-0.327
7.3118	-0.325	-0.327
7.3119	-0.324	-0.326
7.3120	-0.324	-0.326
7.3121	-0.325	-0.326
7.3122	-0.325	-0.326
7.3123	-0.324	-0.325
7.3124	-0.324	-0.325
7.3125	-0.324	-0.325
7.3126	-0.324	-0.325
7.3127	-0.324	-0.324
7.3128	-0.324	-0.324
7.3129	-0.324	-0.324
7.3130	-0.324	-0.324
7.3131	-0.324	-0.324
7.3132	-0.324	-0.324
7.3133	-0.324	-0.323
7.3134	-0.324	-0.323
7.3135	-0.323	-0.323
7.3136	-0.323	-0.323
7.3137	-0.323	-0.323
7.3138	-0.323	-0.323
7.3139	-0.323	-0.323
7.3140	-0.323	-0.323
7.3141	-0.323	-0.323
7.3142	-0.323	-0.323
7.3143	-0.322	-0.323
7.3144	-0.322	-0.323
7.3145	-0.322	-0.323
7.3146	-0.322	-0.323
7.3147	-0.321	-0.323
7.3148	-0.321	-0.323
7.3149	-0.321	-0.322
7.3150	-0.321	-0.322
7.3151	-0.321	-0.322
7.3152	-0.321	-0.322
7.3153	-0.32	-0.322
7.3154	-0.32	-0.322
7.3155	-0.32	-0.322
7.3156	-0.32	-0.322
7.3157	-0.32	-0.32
7.3158	-0.32	-0.32
7.3159	-0.32	-0.319
7.3160	-0.32	-0.319
7.3161	-0.32	-0.32
7.3162	-0.32	-0.32
7.3163	-0.32	-0.32
7.3164	-0.32	-0.32
7.3165	-0.319	-0.319
7.3166	-0.319	-0.319
7.3167	-0.319	-0.319
7.3168	-0.319	-0.319
7.3169	-0.319	-0.319
7.3170	-0.319	-0.319
7.3171	-0.318	-0.319
7.3172	-0.318	-0.319
7.3173	-0.318	-0.318
7.3174	-0.318	-0.318
7.3175	-0.317	-0.319
7.3176	-0.317	-0.319
7.3177	-0.317	-0.318
7.3178	-0.317	-0.318
7.3179	-0.317	-0.318
7.3180	-0.317	-0.318
7.3181	-0.316	-0.318
7.3182	-0.316	-0.318
7.3183	-0.317	-0.317
7.3184	-0.317	-0.317
7.3185	-0.316	-0.317
7.3186	-0.316	-0.317
7.3187	-0.316	-0.317
7.3188	-0.316	-0.317
7.3189	-0.316	-0.316
7.3190	-0.316	-0.316
7.3191	-0.316	-0.317
7.3192	-0.316	-0.317
7.3193	-0.316	-0.317
7.3194	-0.316	-0.317
7.3195	-0.316	-0.316
7.3196	-0.316	-0.316
7.3197	-0.316	-0.316
7.3198	-0.316	-0.316
7.3199	-0.316	-0.316
7.3200	-0.316	-0.316
7.3201	-0.316	-0.316
7.3202	-0.316	-0.316
7.3203	-0.314	-0.315
7.3204	-0.314	-0.315
7.3205	-0.316	-0.316
7.3206	-0.316	-0.316
7.3207	-0.315	-0.315
7.3208	-0.315	-0.315
7.3209	-0.315	-0.315
7.3210	-0.315	-0.315
7.3211	-0.315	-0.315
7.3212	-0.315	-0.315
7.3213	-0.314	-0.315
7.3214	-0.314	-0.315
7.3215	-0.314	-0.314
7.3216	-0.314	-0.314
7.3217	-0.314	-0.315
7.3218	-0.314	-0.315
7.3219	-0.313	-0.313
7.3220	-0.313	-0.313
7.3221	-0.312	-0.313
7.3222	-0.312	-0.313
7.3223	-0.313	-0.313
7.3224	-0.313	-0.313
7.3225	-0.313	-0.313
7.3226	-0.313	-0.313
7.3227	-0.312	-0.312
7.3228	-0.312	-0.312
7.3229	-0.312	-0.311
7.3230	-0.312	-0.311
7.3231	-0.312	-0.311
7.3232	-0.312	-0.311
7.3233	-0.312	-0.312
7.3234	-0.312	-0.312
7.3235	-0.312	-0.311
7.3236	-0.312	-0.311
7.3237	-0.31	-0.311
7.3238	-0.31	-0.311
7.3239	-0.31	-0.311
7.3240	-0.31	-0.311
7.3241	-0.31	-0.311
7.3242	-0.31	-0.311
7.3243	-0.31	-0.311
7.3244	-0.31	-0.311
7.3245	-0.309	-0.31
7.3246	-0.309	-0.31
7.3247	-0.309	-0.31
7.3248	-0.309	-0.31
7.3249	-0.309	-0.31
7.3250	-0.309	-0.31
7.3251	-0.308	-0.309
7.3252	-0.308	-0.309
7.3253	-0.308	-0.309
7.3254	-0.308	-0.309
7.3255	-0.308	-0.309
7.3256	-0.308	-0.309
7.3257	-0.308	-0.308
7.3258	-0.308	-0.308
7.3259	-0.307	-0.307
7.3260	-0.307	-0.307
7.3261	-0.307	-0.307
7.3262	-0.307	-0.307
7.3263	-0.307	-0.307
7.3264	-0.307	-0.307
7.3265	-0.306	-0.306
7.3266	-0.306	-0.306
7.3267	-0.307	-0.307
7.3268	-0.307	-0.307
7.3269	-0.306	-0.306
7.3270	-0.306	-0.306
7.3271	-0.305	-0.306
7.3272	-0.305	-0.306
7.3273	-0.305	-0.305
7.3274	-0.305	-0.305
7.3275	-0.305	-0.305
7.3276	-0.305	-0.305
7.3277	-0.304	-0.305
7.3278	-0.304	-0.305
7.3279	-0.304	-0.303
7.3280	-0.304	-0.303
7.3281	-0.304	-0.304
7.3282	-0.304	-0.304
7.3283	-0.303	-0.303
7.3284	-0.303	-0.303
7.3285	-0.303	-0.303
7.3286	-0.303	-0.303
7.3287	-0.302	-0.303
7.3288	-0.302	-0.303
7.3289	-0.301	-0.303
7.3290	-0.301	-0.303
7.3291	-0.301	-0.302
7.3292	-0.301	-0.302
7.3293	-0.301	-0.302
7.3294	-0.301	-0.302
7.3295	-0.3	-0.302
7.3296	-0.3	-0.302
7.3297	-0.3	-0.301
7.3298	-0.3	-0.301
7.3299	-0.3	-0.301
7.3300	-0.3	-0.301
7.3301	-0.3	-0.3
7.3302	-0.3	-0.3
7.3303	-0.3	-0.3
7.3304	-0.3	-0.3
7.3305	-0.299	-0.3
7.3306	-0.299	-0.3
7.3307	-0.3	-0.299
7.3308	-0.3	-0.299
7.3309	-0.299	-0.3
7.3310	-0.299	-0.3
7.3311	-0.3	-0.299
7.3312	-0.3	-0.299
7.3313	-0.298	-0.299
7.3314	-0.298	-0.299
7.3315	-0.297	-0.298
7.3316	-0.297	-0.298
7.3317	-0.297	-0.298
7.3318	-0.297	-0.298
7.3319	-0.297	-0.297
7.3320	-0.297	-0.297
7.3321	-0.296	-0.297
7.3322	-0.296	-0.297
7.3323	-0.296	-0.296
7.3324	-0.296	-0.296
7.3325	-0.296	-0.296
7.3326	-0.296	-0.296
7.3327	-0.296	-0.296
7.3328	-0.296	-0.296
7.3329	-0.296	-0.295
7.3330	-0.296	-0.295
7.3331	-0.294	-0.295
7.3332	-0.294	-0.295
7.3333	-0.295	-0.295
7.3334	-0.295	-0.295
7.3335	-0.294	-0.295
7.3336	-0.294	-0.295
7.3337	-0.293	-0.295
7.3338	-0.293	-0.295
7.3339	-0.293	-0.295
7.3340	-0.293	-0.295
7.3341	-0.293	-0.295
7.3342	-0.293	-0.295
7.3343	-0.292	-0.294
7.3344	-0.292	-0.294
7.3345	-0.292	-0.294
7.3346	-0.292	-0.294
7.3347	-0.292	-0.294
7.3348	-0.292	-0.294
7.3349	-0.292	-0.293
7.3350	-0.292	-0.293
7.3351	-0.292	-0.293
7.3352	-0.292	-0.293
7.3353	-0.291	-0.293
7.3354	-0.291	-0.293
7.3355	-0.291	-0.292
7.3356	-0.291	-0.292
7.3357	-0.292	-0.291
7.3358	-0.292	-0.291
7.3359	-0.291	-0.291
7.3360	-0.291	-0.291
7.3361	-0.291	-0.291
7.3362	-0.291	-0.291
7.3363	-0.291	-0.291
7.3364	-0.291	-0.291
7.3365	-0.29	-0.291
7.3366	-0.29	-0.291
7.3367	-0.291	-0.291
7.3368	-0.291	-0.291
7.3369	-0.29	-0.291
7.3370	-0.29	-0.291
7.3371	-0.29	-0.29
7.3372	-0.29	-0.29
7.3373	-0.289	-0.289
7.3374	-0.289	-0.289
7.3375	-0.289	-0.29
7.3376	-0.289	-0.29
7.3377	-0.289	-0.289
7.3378	-0.289	-0.289
7.3379	-0.288	-0.288
7.3380	-0.288	-0.288
7.3381	-0.288	-0.288
7.3382	-0.288	-0.288
7.3383	-0.288	-0.287
7.3384	-0.288	-0.287
7.3385	-0.288	-0.288
7.3386	-0.288	-0.288
7.3387	-0.287	-0.288
7.3388	-0.287	-0.288
7.3389	-0.287	-0.287
7.3390	-0.287	-0.287
7.3391	-0.287	-0.287
7.3392	-0.287	-0.287
7.3393	-0.286	-0.287
7.3394	-0.286	-0.287
7.3395	-0.286	-0.287
7.3396	-0.286	-0.287
7.3397	-0.286	-0.287
7.3398	-0.286	-0.287
7.3399	-0.286	-0.286
7.3400	-0.286	-0.286
7.3401	-0.286	-0.286
7.3402	-0.286	-0.286
7.3403	-0.285	-0.285
7.3404	-0.285	-0.285
7.3405	-0.284	-0.285
7.3406	-0.284	-0.285
7.3407	-0.284	-0.285
7.3408	-0.284	-0.285
7.3409	-0.284	-0.284
7.3410	-0.284	-0.284
7.3411	-0.284	-0.284
7.3412	-0.284	-0.284
7.3413	-0.284	-0.283
7.3414	-0.284	-0.283
7.3415	-0.284	-0.283
7.3416	-0.284	-0.283
7.3417	-0.283	-0.283
7.3418	-0.283	-0.283
7.3419	-0.283	-0.283
7.3420	-0.283	-0.283
7.3421	-0.282	-0.283
7.3422	-0.282	-0.283
7.3423	-0.282	-0.283
7.3424	-0.282	-0.283
7.3425	-0.281	-0.283
7.3426	-0.281	-0.283
7.3427	-0.281	-0.283
7.3428	-0.281	-0.283
7.3429	-0.281	-0.281
7.3430	-0.281	-0.281
7.3431	-0.28	-0.281
7.3432	-0.28	-0.281
7.3433	-0.28	-0.281
7.3434	-0.28	-0.281
7.3435	-0.28	-0.281
7.3436	-0.28	-0.281
7.3437	-0.28	-0.28
7.3438	-0.28	-0.28
7.3439	-0.279	-0.28
7.3440	-0.279	-0.28
7.3441	-0.279	-0.279
7.3442	-0.279	-0.279
7.3443	-0.278	-0.279
7.3444	-0.278	-0.279
7.3445	-0.277	-0.279
7.3446	-0.277	-0.279
7.3447	-0.276	-0.279
7.3448	-0.276	-0.279
7.3449	-0.277	-0.278
7.3450	-0.277	-0.278
7.3451	-0.276	-0.277
7.3452	-0.276	-0.277
7.3453	-0.276	-0.277
7.3454	-0.276	-0.277
7.3455	-0.276	-0.276
7.3456	-0.276	-0.276
7.3457	-0.276	-0.275
7.3458	-0.276	-0.275
7.3459	-0.276	-0.276
7.3460	-0.276	-0.276
7.3461	-0.275	-0.275
7.3462	-0.275	-0.275
7.3463	-0.274	-0.275
7.3464	-0.274	-0.275
7.3465	-0.275	-0.275
7.3466	-0.275	-0.275
7.3467	-0.274	-0.275
7.3468	-0.274	-0.275
7.3469	-0.273	-0.274
7.3470	-0.273	-0.274
7.3471	-0.273	-0.274
7.3472	-0.273	-0.274
7.3473	-0.272	-0.274
7.3474	-0.272	-0.274
7.3475	-0.272	-0.274
7.3476	-0.272	-0.274
7.3477	-0.272	-0.273
7.3478	-0.272	-0.273
7.3479	-0.272	-0.273
7.3480	-0.272	-0.273
7.3481	-0.272	-0.273
7.3482	-0.272	-0.273
7.3483	-0.271	-0.272
7.3484	-0.271	-0.272
7.3485	-0.271	-0.271
7.3486	-0.271	-0.271
7.3487	-0.271	-0.271
7.3488	-0.271	-0.271
7.3489	-0.271	-0.271
7.3490	-0.271	-0.271
7.3491	-0.27	-0.271
7.3492	-0.27	-0.271
7.3493	-0.268	-0.271
7.3494	-0.268	-0.271
7.3495	-0.268	-0.271
7.3496	-0.268	-0.271
7.3497	-0.269	-0.27
7.3498	-0.269	-0.27
7.3499	-0.268	-0.271
7.3500	-0.268	-0.271
7.3501	-0.268	-0.27
7.3502	-0.268	-0.27
7.3503	-0.268	-0.27
7.3504	-0.268	-0.27
7.3505	-0.268	-0.269
7.3506	-0.268	-0.269
7.3507	-0.267	-0.269
7.3508	-0.267	-0.269
7.3509	-0.267	-0.268
7.3510	-0.267	-0.268
7.3511	-0.266	-0.268
7.3512	-0.266	-0.268
7.3513	-0.266	-0.267
7.3514	-0.266	-0.267
7.3515	-0.266	-0.267
7.3516	-0.266	-0.267
7.3517	-0.266	-0.266
7.3518	-0.266	-0.266
7.3519	-0.265	-0.267
7.3520	-0.265	-0.267
7.3521	-0.265	-0.267
7.3522	-0.265	-0.267
7.3523	-0.264	-0.267
7.3524	-0.264	-0.267
7.3525	-0.264	-0.266
7.3526	-0.264	-0.266
7.3527	-0.264	-0.266
7.3528	-0.264	-0.266
7.3529	-0.264	-0.267
7.3530	-0.264	-0.267
7.3531	-0.264	-0.265
7.3532	-0.264	-0.265
7.3533	-0.264	-0.266
7.3534	-0.264	-0.266
7.3535	-0.264	-0.265
7.3536	-0.264	-0.265
7.3537	-0.264	-0.264
7.3538	-0.264	-0.264
7.3539	-0.263	-0.264
7.3540	-0.263	-0.264
7.3541	-0.263	-0.265
7.3542	-0.263	-0.265
7.3543	-0.263	-0.264
7.3544	-0.263	-0.264
7.3545	-0.263	-0.263
7.3546	-0.263	-0.263
7.3547	-0.263	-0.263
7.3548	-0.263	-0.263
7.3549	-0.262	-0.263
7.3550	-0.262	-0.263
7.3551	-0.261	-0.263
7.3552	-0.261	-0.263
7.3553	-0.26	-0.263
7.3554	-0.26	-0.263
7.3555	-0.26	-0.263
7.3556	-0.26	-0.263
7.3557	-0.26	-0.263
7.3558	-0.26	-0.263
7.3559	-0.261	-0.262
7.3560	-0.261	-0.262
7.3561	-0.26	-0.262
7.3562	-0.26	-0.262
7.3563	-0.26	-0.262
7.3564	-0.26	-0.262
7.3565	-0.26	-0.262
7.3566	-0.26	-0.262
7.3567	-0.26	-0.261
7.3568	-0.26	-0.261
7.3569	-0.26	-0.261
7.3570	-0.26	-0.261
7.3571	-0.259	-0.261
7.3572	-0.259	-0.261
7.3573	-0.258	-0.26
7.3574	-0.258	-0.26
7.3575	-0.259	-0.26
7.3576	-0.259	-0.26
7.3577	-0.258	-0.259
7.3578	-0.258	-0.259
7.3579	-0.257	-0.259
7.3580	-0.257	-0.259
7.3581	-0.258	-0.259
7.3582	-0.258	-0.259
7.3583	-0.258	-0.259
7.3584	-0.258	-0.259
7.3585	-0.257	-0.259
7.3586	-0.257	-0.259
7.3587	-0.256	-0.259
7.3588	-0.256	-0.259
7.3589	-0.256	-0.259
7.3590	-0.256	-0.259
7.3591	-0.256	-0.259
7.3592	-0.256	-0.259
7.3593	-0.256	-0.258
7.3594	-0.256	-0.258
7.3595	-0.256	-0.257
7.3596	-0.256	-0.257
7.3597	-0.255	-0.257
7.3598	-0.255	-0.257
7.3599	-0.254	-0.257
7.3600	-0.254	-0.257
7.3601	-0.255	-0.257
7.3602	-0.255	-0.257
7.3603	-0.255	-0.257
7.3604	-0.255	-0.257
7.3605	-0.255	-0.257
7.3606	-0.255	-0.257
7.3607	-0.253	-0.256
7.3608	-0.253	-0.256
7.3609	-0.253	-0.255
7.3610	-0.253	-0.255
7.3611	-0.253	-0.255
7.3612	-0.253	-0.255
7.3613	-0.252	-0.255
7.3614	-0.252	-0.255
7.3615	-0.252	-0.255
7.3616	-0.252	-0.255
7.3617	-0.253	-0.255
7.3618	-0.253	-0.255
7.3619	-0.252	-0.255
7.3620	-0.252	-0.255
7.3621	-0.252	-0.254
7.3622	-0.252	-0.254
7.3623	-0.252	-0.255
7.3624	-0.252	-0.255
7.3625	-0.251	-0.255
7.3626	-0.251	-0.255
7.3627	-0.252	-0.254
7.3628	-0.252	-0.254
7.3629	-0.251	-0.254
7.3630	-0.251	-0.254
7.3631	-0.25	-0.252
7.3632	-0.25	-0.252
7.3633	-0.25	-0.253
7.3634	-0.25	-0.253
7.3635	-0.25	-0.252
7.3636	-0.25	-0.252
7.3637	-0.249	-0.252
7.3638	-0.249	-0.252
7.3639	-0.25	-0.252
7.3640	-0.25	-0.252
7.3641	-0.249	-0.251
7.3642	-0.249	-0.251
7.3643	-0.249	-0.251
7.3644	-0.249	-0.251
7.3645	-0.248	-0.251
7.3646	-0.248	-0.251
7.3647	-0.248	-0.251
7.3648	-0.248	-0.251
7.3649	-0.248	-0.251
7.3650	-0.248	-0.251
7.3651	-0.248	-0.251
7.3652	-0.248	-0.251
7.3653	-0.248	-0.251
7.3654	-0.248	-0.251
7.3655	-0.247	-0.25
7.3656	-0.247	-0.25
7.3657	-0.248	-0.251
7.3658	-0.248	-0.251
7.3659	-0.247	-0.249
7.3660	-0.247	-0.249
7.3661	-0.247	-0.249
7.3662	-0.247	-0.249
7.3663	-0.247	-0.249
7.3664	-0.247	-0.249
7.3665	-0.246	-0.249
7.3666	-0.246	-0.249
7.3667	-0.246	-0.25
7.3668	-0.246	-0.25
7.3669	-0.246	-0.249
7.3670	-0.246	-0.249
7.3671	-0.246	-0.249
7.3672	-0.246	-0.249
7.3673	-0.245	-0.249
7.3674	-0.245	-0.249
7.3675	-0.245	-0.249
7.3676	-0.245	-0.249
7.3677	-0.244	-0.249
7.3678	-0.244	-0.249
7.3679	-0.245	-0.248
7.3680	-0.245	-0.248
7.3681	-0.245	-0.248
7.3682	-0.245	-0.248
7.3683	-0.244	-0.249
7.3684	-0.244	-0.249
7.3685	-0.244	-0.248
7.3686	-0.244	-0.248
7.3687	-0.244	-0.247
7.3688	-0.244	-0.247
7.3689	-0.244	-0.247
7.3690	-0.244	-0.247
7.3691	-0.244	-0.248
7.3692	-0.244	-0.248
7.3693	-0.244	-0.247
7.3694	-0.244	-0.247
7.3695	-0.244	-0.247
7.3696	-0.244	-0.247
7.3697	-0.244	-0.247
7.3698	-0.244	-0.247
7.3699	-0.244	-0.247
7.3700	-0.244	-0.247
7.3701	-0.243	-0.247
7.3702	-0.243	-0.247
7.3703	-0.243	-0.247
7.3704	-0.243	-0.247
7.3705	-0.244	-0.247
7.3706	-0.244	-0.247
7.3707	-0.243	-0.247
7.3708	-0.243	-0.247
7.3709	-0.243	-0.247
7.3710	-0.243	-0.247
7.3711	-0.242	-0.247
7.3712	-0.242	-0.247
7.3713	-0.242	-0.247
7.3714	-0.242	-0.247
7.3715	-0.243	-0.247
7.3716	-0.243	-0.247
7.3717	-0.242	-0.246
7.3718	-0.242	-0.246
7.3719	-0.242	-0.247
7.3720	-0.242	-0.247
7.3721	-0.241	-0.247
7.3722	-0.241	-0.247
7.3723	-0.241	-0.246
7.3724	-0.241	-0.246
7.3725	-0.24	-0.247
7.3726	-0.24	-0.247
7.3727	-0.241	-0.246
7.3728	-0.241	-0.246
7.3729	-0.241	-0.246
7.3730	-0.241	-0.246
7.3731	-0.241	-0.247
7.3732	-0.241	-0.247
7.3733	-0.24	-0.246
7.3734	-0.24	-0.246
7.3735	-0.24	-0.246
7.3736	-0.24	-0.246
7.3737	-0.24	-0.246
7.3738	-0.24	-0.246
7.3739	-0.24	-0.246
7.3740	-0.24	-0.246
7.3741	-0.24	-0.246
7.3742	-0.24	-0.246
7.3743	-0.239	-0.246
7.3744	-0.239	-0.246
7.3745	-0.24	-0.246
7.3746	-0.24	-0.246
7.3747	-0.239	-0.247
7.3748	-0.239	-0.247
7.3749	-0.239	-0.246
7.3750	-0.239	-0.246
7.3751	-0.239	-0.246
7.3752	-0.239	-0.246
7.3753	-0.239	-0.246
7.3754	-0.239	-0.246
7.3755	-0.239	-0.246
7.3756	-0.239	-0.246
7.3757	-0.239	-0.247
7.3758	-0.239	-0.247
7.3759	-0.238	-0.246
7.3760	-0.238	-0.246
7.3761	-0.239	-0.246
7.3762	-0.239	-0.246
7.3763	-0.238	-0.246
7.3764	-0.238	-0.246
7.3765	-0.239	-0.247
7.3766	-0.239	-0.247
7.3767	-0.238	-0.246
7.3768	-0.238	-0.246
7.3769	-0.237	-0.246
7.3770	-0.237	-0.246
7.3771	-0.238	-0.247
7.3772	-0.238	-0.247
7.3773	-0.238	-0.247
7.3774	-0.238	-0.247
7.3775	-0.237	-0.247
7.3776	-0.237	-0.247
7.3777	-0.236	-0.247
7.3778	-0.236	-0.247
7.3779	-0.237	-0.247
7.3780	-0.237	-0.247
7.3781	-0.236	-0.247
7.3782	-0.236	-0.247
7.3783	-0.236	-0.247
7.3784	-0.236	-0.247
7.3785	-0.236	-0.248
7.3786	-0.236	-0.248
7.3787	-0.236	-0.247
7.3788	-0.236	-0.247
7.3789	-0.236	-0.249
7.3790	-0.236	-0.249
7.3791	-0.236	-0.249
7.3792	-0.236	-0.249
7.3793	-0.236	-0.25
7.3794	-0.236	-0.25
7.3795	-0.236	-0.25
7.3796	-0.236	-0.25
7.3797	-0.236	-0.249
7.3798	-0.236	-0.249
7.3799	-0.236	-0.25
7.3800	-0.236	-0.25
7.3801	-0.236	-0.251
7.3802	-0.236	-0.251
7.3803	-0.235	-0.251
7.3804	-0.235	-0.251
7.3805	-0.235	-0.251
7.3806	-0.235	-0.251
7.3807	-0.236	-0.252
7.3808	-0.236	-0.252
7.3809	-0.235	-0.253
7.3810	-0.235	-0.253
7.3811	-0.236	-0.253
7.3812	-0.236	-0.253
7.3813	-0.235	-0.254
7.3814	-0.235	-0.254
7.3815	-0.235	-0.254
7.3816	-0.235	-0.254
7.3817	-0.235	-0.255
7.3818	-0.235	-0.255
7.3819	-0.234	-0.255
7.3820	-0.234	-0.255
7.3821	-0.234	-0.257
7.3822	-0.234	-0.257
7.3823	-0.234	-0.257
7.3824	-0.234	-0.257
7.3825	-0.235	-0.259
7.3826	-0.235	-0.259
7.3827	-0.234	-0.259
7.3828	-0.234	-0.259
7.3829	-0.234	-0.259
7.3830	-0.234	-0.259
7.3831	-0.234	-0.259
7.3832	-0.234	-0.259
7.3833	-0.234	-0.259
7.3834	-0.234	-0.259
7.3835	-0.233	-0.259
7.3836	-0.233	-0.259
7.3837	-0.233	-0.259
7.3838	-0.233	-0.259
7.3839	-0.233	-0.259
7.3840	-0.233	-0.259
7.3841	-0.234	-0.261
7.3842	-0.234	-0.261
7.3843	-0.233	-0.261
7.3844	-0.233	-0.261
7.3845	-0.233	-0.261
7.3846	-0.233	-0.261
7.3847	-0.233	-0.261
7.3848	-0.233	-0.261
7.3849	-0.233	-0.261
7.3850	-0.233	-0.261
7.3851	-0.234	-0.262
7.3852	-0.234	-0.262
7.3853	-0.234	-0.262
7.3854	-0.234	-0.262
7.3855	-0.233	-0.263
7.3856	-0.233	-0.263
7.3857	-0.234	-0.263
7.3858	-0.234	-0.263
7.3859	-0.233	-0.263
7.3860	-0.233	-0.263
7.3861	-0.233	-0.263
7.3862	-0.233	-0.263
7.3863	-0.233	-0.263
7.3864	-0.233	-0.263
7.3865	-0.233	-0.264
7.3866	-0.233	-0.264
7.3867	-0.233	-0.264
7.3868	-0.233	-0.264
7.3869	-0.233	-0.265
7.3870	-0.233	-0.265
7.3871	-0.233	-0.265
7.3872	-0.233	-0.265
7.3873	-0.233	-0.265
7.3874	-0.233	-0.265
7.3875	-0.233	-0.265
7.3876	-0.233	-0.265
7.3877	-0.233	-0.266
7.3878	-0.233	-0.266
7.3879	-0.232	-0.267
7.3880	-0.232	-0.267
7.3881	-0.233	-0.267
7.3882	-0.233	-0.267
7.3883	-0.233	-0.268
7.3884	-0.233	-0.268
7.3885	-0.233	-0.267
7.3886	-0.233	-0.267
7.3887	-0.233	-0.268
7.3888	-0.233	-0.268
7.3889	-0.232	-0.27
7.3890	-0.232	-0.27
7.3891	-0.232	-0.271
7.3892	-0.232	-0.271
7.3893	-0.233	-0.271
7.3894	-0.233	-0.271
7.3895	-0.232	-0.272
7.3896	-0.232	-0.272
7.3897	-0.232	-0.273
7.3898	-0.232	-0.273
7.3899	-0.233	-0.274
7.3900	-0.233	-0.274
7.3901	-0.232	-0.275
7.3902	-0.232	-0.275
7.3903	-0.232	-0.275
7.3904	-0.232	-0.275
7.3905	-0.233	-0.275
7.3906	-0.233	-0.275
7.3907	-0.232	-0.276
7.3908	-0.232	-0.276
7.3909	-0.233	-0.278
7.3910	-0.233	-0.278
7.3911	-0.233	-0.278
7.3912	-0.233	-0.278
7.3913	-0.233	-0.279
7.3914	-0.233	-0.279
7.3915	-0.233	-0.279
7.3916	-0.233	-0.279
7.3917	-0.232	-0.279
7.3918	-0.232	-0.279
7.3919	-0.233	-0.28
7.3920	-0.233	-0.28
7.3921	-0.232	-0.28
7.3922	-0.232	-0.28
7.3923	-0.233	-0.282
7.3924	-0.233	-0.282
7.3925	-0.232	-0.283
7.3926	-0.232	-0.283
7.3927	-0.233	-0.282
7.3928	-0.233	-0.282
7.3929	-0.233	-0.283
7.3930	-0.233	-0.283
7.3931	-0.232	-0.283
7.3932	-0.232	-0.283
7.3933	-0.232	-0.283
7.3934	-0.232	-0.283
7.3935	-0.232	-0.283
7.3936	-0.232	-0.283
7.3937	-0.233	-0.283
7.3938	-0.233	-0.283
7.3939	-0.233	-0.284
7.3940	-0.233	-0.284
7.3941	-0.233	-0.285
7.3942	-0.233	-0.285
7.3943	-0.233	-0.285
7.3944	-0.233	-0.285
7.3945	-0.233	-0.285
7.3946	-0.233	-0.285
7.3947	-0.233	-0.284
7.3948	-0.233	-0.284
7.3949	-0.233	-0.284
7.3950	-0.233	-0.284
7.3951	-0.233	-0.283
7.3952	-0.233	-0.283
7.3953	-0.233	-0.283
7.3954	-0.233	-0.283
7.3955	-0.233	-0.282
7.3956	-0.233	-0.282
7.3957	-0.233	-0.281
7.3958	-0.233	-0.281
7.3959	-0.233	-0.281
7.3960	-0.233	-0.281
7.3961	-0.233	-0.281
7.3962	-0.233	-0.281
7.3963	-0.233	-0.279
7.3964	-0.233	-0.279
7.3965	-0.233	-0.279
7.3966	-0.233	-0.279
7.3967	-0.233	-0.278
7.3968	-0.233	-0.278
7.3969	-0.233	-0.277
7.3970	-0.233	-0.277
7.3971	-0.234	-0.275
7.3972	-0.234	-0.275
7.3973	-0.233	-0.274
7.3974	-0.233	-0.274
7.3975	-0.233	-0.275
7.3976	-0.233	-0.275
7.3977	-0.234	-0.273
7.3978	-0.234	-0.273
7.3979	-0.234	-0.272
7.3980	-0.234	-0.272
7.3981	-0.234	-0.271
7.3982	-0.234	-0.271
7.3983	-0.235	-0.271
7.3984	-0.235	-0.271
7.3985	-0.234	-0.271
7.3986	-0.234	-0.271
7.3987	-0.234	-0.269
7.3988	-0.234	-0.269
7.3989	-0.234	-0.268
7.3990	-0.234	-0.268
7.3991	-0.236	-0.269
7.3992	-0.236	-0.269
7.3993	-0.235	-0.267
7.3994	-0.235	-0.267
7.3995	-0.235	-0.266
7.3996	-0.235	-0.266
7.3997	-0.235	-0.267
7.3998	-0.235	-0.267
7.3999	-0.235	-0.267
7.4000	-0.235	-0.267
7.4001	-0.236	-0.266
7.4002	-0.236	-0.266
7.4003	-0.235	-0.266
7.4004	-0.235	-0.266
7.4005	-0.236	-0.266
7.4006	-0.236	-0.266
7.4007	-0.236	-0.265
7.4008	-0.236	-0.265
7.4009	-0.236	-0.265
7.4010	-0.236	-0.265
7.4011	-0.236	-0.265
7.4012	-0.236	-0.265
7.4013	-0.236	-0.264
7.4014	-0.236	-0.264
7.4015	-0.236	-0.265
7.4016	-0.236	-0.265
7.4017	-0.236	-0.264
7.4018	-0.236	-0.264
7.4019	-0.236	-0.264
7.4020	-0.236	-0.264
7.4021	-0.236	-0.264
7.4022	-0.236	-0.264
7.4023	-0.236	-0.263
7.4024	-0.236	-0.263
7.4025	-0.236	-0.263
7.4026	-0.236	-0.263
7.4027	-0.236	-0.263
7.4028	-0.236	-0.263
7.4029	-0.236	-0.263
7.4030	-0.236	-0.263
7.4031	-0.236	-0.263
7.4032	-0.236	-0.263
7.4033	-0.236	-0.262
7.4034	-0.236	-0.262
7.4035	-0.236	-0.263
7.4036	-0.236	-0.263
7.4037	-0.236	-0.262
7.4038	-0.236	-0.262
7.4039	-0.236	-0.262
7.4040	-0.236	-0.262
7.4041	-0.236	-0.261
7.4042	-0.236	-0.261
7.4043	-0.237	-0.261
7.4044	-0.237	-0.261
7.4045	-0.237	-0.26
7.4046	-0.237	-0.26
7.4047	-0.237	-0.259
7.4048	-0.237	-0.259
7.4049	-0.237	-0.259
7.4050	-0.237	-0.259
7.4051	-0.238	-0.259
7.4052	-0.238	-0.259
7.4053	-0.237	-0.259
7.4054	-0.237	-0.259
7.4055	-0.238	-0.258
7.4056	-0.238	-0.258
7.4057	-0.238	-0.257
7.4058	-0.238	-0.257
7.4059	-0.238	-0.257
7.4060	-0.238	-0.257
7.4061	-0.238	-0.256
7.4062	-0.238	-0.256
7.4063	-0.238	-0.256
7.4064	-0.238	-0.256
7.4065	-0.238	-0.255
7.4066	-0.238	-0.255
7.4067	-0.239	-0.255
7.4068	-0.239	-0.255
7.4069	-0.239	-0.255
7.4070	-0.239	-0.255
7.4071	-0.239	-0.255
7.4072	-0.239	-0.255
7.4073	-0.239	-0.255
7.4074	-0.239	-0.255
7.4075	-0.239	-0.254
7.4076	-0.239	-0.254
7.4077	-0.24	-0.253
7.4078	-0.24	-0.253
7.4079	-0.24	-0.253
7.4080	-0.24	-0.253
7.4081	-0.24	-0.253
7.4082	-0.24	-0.253
7.4083	-0.24	-0.253
7.4084	-0.24	-0.253
7.4085	-0.24	-0.251
7.4086	-0.24	-0.251
7.4087	-0.24	-0.251
7.4088	-0.24	-0.251
7.4089	-0.24	-0.252
7.4090	-0.24	-0.252
7.4091	-0.24	-0.251
7.4092	-0.24	-0.251
7.4093	-0.24	-0.252
7.4094	-0.24	-0.252
7.4095	-0.24	-0.251
7.4096	-0.24	-0.251
7.4097	-0.241	-0.251
7.4098	-0.241	-0.251
7.4099	-0.241	-0.251
7.4100	-0.241	-0.251
7.4101	-0.241	-0.251
7.4102	-0.241	-0.251
7.4103	-0.241	-0.251
7.4104	-0.241	-0.251
7.4105	-0.242	-0.25
7.4106	-0.242	-0.25
7.4107	-0.241	-0.251
7.4108	-0.241	-0.251
7.4109	-0.242	-0.251
7.4110	-0.242	-0.251
7.4111	-0.242	-0.251
7.4112	-0.242	-0.251
7.4113	-0.243	-0.251
7.4114	-0.243	-0.251
7.4115	-0.243	-0.25
7.4116	-0.243	-0.25
7.4117	-0.243	-0.25
7.4118	-0.243	-0.25
7.4119	-0.243	-0.251
7.4120	-0.243	-0.251
7.4121	-0.244	-0.25
7.4122	-0.244	-0.25
7.4123	-0.243	-0.25
7.4124	-0.243	-0.25
7.4125	-0.244	-0.25
7.4126	-0.244	-0.25
7.4127	-0.244	-0.25
7.4128	-0.244	-0.25
7.4129	-0.244	-0.251
7.4130	-0.244	-0.251
7.4131	-0.244	-0.251
7.4132	-0.244	-0.251
7.4133	-0.244	-0.251
7.4134	-0.244	-0.251
7.4135	-0.244	-0.251
7.4136	-0.244	-0.251
7.4137	-0.244	-0.251
7.4138	-0.244	-0.251
7.4139	-0.244	-0.251
7.4140	-0.244	-0.251
7.4141	-0.245	-0.251
7.4142	-0.245	-0.251
7.4143	-0.245	-0.251
7.4144	-0.245	-0.251
7.4145	-0.245	-0.251
7.4146	-0.245	-0.251
7.4147	-0.246	-0.251
7.4148	-0.246	-0.251
7.4149	-0.246	-0.251
7.4150	-0.246	-0.251
7.4151	-0.247	-0.251
7.4152	-0.247	-0.251
7.4153	-0.246	-0.252
7.4154	-0.246	-0.252
7.4155	-0.247	-0.251
7.4156	-0.247	-0.251
7.4157	-0.248	-0.251
7.4158	-0.248	-0.251
7.4159	-0.248	-0.252
7.4160	-0.248	-0.252
7.4161	-0.248	-0.251
7.4162	-0.248	-0.251
7.4163	-0.248	-0.252
7.4164	-0.248	-0.252
7.4165	-0.249	-0.252
7.4166	-0.249	-0.252
7.4167	-0.248	-0.252
7.4168	-0.248	-0.252
7.4169	-0.249	-0.252
7.4170	-0.249	-0.252
7.4171	-0.249	-0.252
7.4172	-0.249	-0.252
7.4173	-0.25	-0.252
7.4174	-0.25	-0.252
7.4175	-0.249	-0.253
7.4176	-0.249	-0.253
7.4177	-0.25	-0.252
7.4178	-0.25	-0.252
7.4179	-0.251	-0.252
7.4180	-0.251	-0.252
7.4181	-0.25	-0.253
7.4182	-0.25	-0.253
7.4183	-0.25	-0.253
7.4184	-0.25	-0.253
7.4185	-0.251	-0.254
7.4186	-0.251	-0.254
7.4187	-0.251	-0.254
7.4188	-0.251	-0.254
7.4189	-0.251	-0.254
7.4190	-0.251	-0.254
7.4191	-0.251	-0.255
7.4192	-0.251	-0.255
7.4193	-0.251	-0.254
7.4194	-0.251	-0.254
7.4195	-0.252	-0.254
7.4196	-0.252	-0.254
7.4197	-0.251	-0.255
7.4198	-0.251	-0.255
7.4199	-0.252	-0.255
7.4200	-0.252	-0.255
7.4201	-0.252	-0.254
7.4202	-0.252	-0.254
7.4203	-0.252	-0.256
7.4204	-0.252	-0.256
7.4205	-0.252	-0.255
7.4206	-0.252	-0.255
7.4207	-0.253	-0.255
7.4208	-0.253	-0.255
7.4209	-0.252	-0.255
7.4210	-0.252	-0.255
7.4211	-0.253	-0.255
7.4212	-0.253	-0.255
7.4213	-0.253	-0.255
7.4214	-0.253	-0.255
7.4215	-0.252	-0.255
7.4216	-0.252	-0.255
7.4217	-0.253	-0.256
7.4218	-0.253	-0.256
7.4219	-0.254	-0.256
7.4220	-0.254	-0.256
7.4221	-0.253	-0.256
7.4222	-0.253	-0.256
7.4223	-0.254	-0.257
7.4224	-0.254	-0.257
7.4225	-0.255	-0.257
7.4226	-0.255	-0.257
7.4227	-0.255	-0.257
7.4228	-0.255	-0.257
7.4229	-0.255	-0.257
7.4230	-0.255	-0.257
7.4231	-0.256	-0.258
7.4232	-0.256	-0.258
7.4233	-0.256	-0.257
7.4234	-0.256	-0.257
7.4235	-0.256	-0.259
7.4236	-0.256	-0.259
7.4237	-0.256	-0.259
7.4238	-0.256	-0.259
7.4239	-0.256	-0.259
7.4240	-0.256	-0.259
7.4241	-0.257	-0.259
7.4242	-0.257	-0.259
7.4243	-0.256	-0.259
7.4244	-0.256	-0.259
7.4245	-0.256	-0.259
7.4246	-0.256	-0.259
7.4247	-0.258	-0.259
7.4248	-0.258	-0.259
7.4249	-0.258	-0.259
7.4250	-0.258	-0.259
7.4251	-0.257	-0.259
7.4252	-0.257	-0.259
7.4253	-0.259	-0.259
7.4254	-0.259	-0.259
7.4255	-0.258	-0.26
7.4256	-0.258	-0.26
7.4257	-0.259	-0.261
7.4258	-0.259	-0.261
7.4259	-0.259	-0.26
7.4260	-0.259	-0.26
7.4261	-0.26	-0.26
7.4262	-0.26	-0.26
7.4263	-0.26	-0.262
7.4264	-0.26	-0.262
7.4265	-0.26	-0.261
7.4266	-0.26	-0.261
7.4267	-0.26	-0.262
7.4268	-0.26	-0.262
7.4269	-0.26	-0.262
7.4270	-0.26	-0.262
7.4271	-0.261	-0.262
7.4272	-0.261	-0.262
7.4273	-0.262	-0.263
7.4274	-0.262	-0.263
7.4275	-0.262	-0.263
7.4276	-0.262	-0.263
7.4277	-0.262	-0.263
7.4278	-0.262	-0.263
7.4279	-0.263	-0.263
7.4280	-0.263	-0.263
7.4281	-0.263	-0.263
7.4282	-0.263	-0.263
7.4283	-0.264	-0.263
7.4284	-0.264	-0.263
7.4285	-0.264	-0.265
7.4286	-0.264	-0.265
7.4287	-0.264	-0.265
7.4288	-0.264	-0.265
7.4289	-0.264	-0.265
7.4290	-0.264	-0.265
7.4291	-0.265	-0.265
7.4292	-0.265	-0.265
7.4293	-0.265	-0.265
7.4294	-0.265	-0.265
7.4295	-0.265	-0.266
7.4296	-0.265	-0.266
7.4297	-0.266	-0.265
7.4298	-0.266	-0.265
7.4299	-0.266	-0.267
7.4300	-0.266	-0.267
7.4301	-0.266	-0.267
7.4302	-0.266	-0.267
7.4303	-0.266	-0.267
7.4304	-0.266	-0.267
7.4305	-0.266	-0.267
7.4306	-0.266	-0.267
7.4307	-0.267	-0.267
7.4308	-0.267	-0.267
7.4309	-0.267	-0.267
7.4310	-0.267	-0.267
7.4311	-0.268	-0.268
7.4312	-0.268	-0.268
7.4313	-0.268	-0.268
7.4314	-0.268	-0.268
7.4315	-0.268	-0.268
7.4316	-0.268	-0.268
7.4317	-0.268	-0.269
7.4318	-0.268	-0.269
7.4319	-0.268	-0.269
7.4320	-0.268	-0.269
7.4321	-0.269	-0.271
7.4322	-0.269	-0.271
7.4323	-0.269	-0.271
7.4324	-0.269	-0.271
7.4325	-0.27	-0.271
7.4326	-0.27	-0.271
7.4327	-0.27	-0.271
7.4328	-0.27	-0.271
7.4329	-0.271	-0.271
7.4330	-0.271	-0.271
7.4331	-0.272	-0.271
7.4332	-0.272	-0.271
7.4333	-0.272	-0.271
7.4334	-0.272	-0.271
7.4335	-0.272	-0.271
7.4336	-0.272	-0.271
7.4337	-0.272	-0.271
7.4338	-0.272	-0.271
7.4339	-0.272	-0.272
7.4340	-0.272	-0.272
7.4341	-0.272	-0.272
7.4342	-0.272	-0.272
7.4343	-0.273	-0.272
7.4344	-0.273	-0.272
7.4345	-0.274	-0.273
7.4346	-0.274	-0.273
7.4347	-0.274	-0.273
7.4348	-0.274	-0.273
7.4349	-0.273	-0.273
7.4350	-0.273	-0.273
7.4351	-0.274	-0.274
7.4352	-0.274	-0.274
7.4353	-0.273	-0.274
7.4354	-0.273	-0.274
7.4355	-0.275	-0.275
7.4356	-0.275	-0.275
7.4357	-0.275	-0.275
7.4358	-0.275	-0.275
7.4359	-0.275	-0.275
7.4360	-0.275	-0.275
7.4361	-0.275	-0.275
7.4362	-0.275	-0.275
7.4363	-0.275	-0.275
7.4364	-0.275	-0.275
7.4365	-0.275	-0.275
7.4366	-0.275	-0.275
7.4367	-0.276	-0.275
7.4368	-0.276	-0.275
7.4369	-0.276	-0.275
7.4370	-0.276	-0.275
7.4371	-0.276	-0.276
7.4372	-0.276	-0.276
7.4373	-0.276	-0.275
7.4374	-0.276	-0.275
7.4375	-0.276	-0.276
7.4376	-0.276	-0.276
7.4377	-0.277	-0.276
7.4378	-0.277	-0.276
7.4379	-0.277	-0.277
7.4380	-0.277	-0.277
7.4381	-0.277	-0.277
7.4382	-0.277	-0.277
7.4383	-0.278	-0.277
7.4384	-0.278	-0.277
7.4385	-0.278	-0.278
7.4386	-0.278	-0.278
7.4387	-0.278	-0.278
7.4388	-0.278	-0.278
7.4389	-0.28	-0.279
7.4390	-0.28	-0.279
7.4391	-0.279	-0.279
7.4392	-0.279	-0.279
7.4393	-0.28	-0.279
7.4394	-0.28	-0.279
7.4395	-0.28	-0.279
7.4396	-0.28	-0.279
7.4397	-0.28	-0.28
7.4398	-0.28	-0.28
7.4399	-0.28	-0.28
7.4400	-0.28	-0.28
7.4401	-0.28	-0.28
7.4402	-0.28	-0.28
7.4403	-0.28	-0.28
7.4404	-0.28	-0.28
7.4405	-0.281	-0.281
7.4406	-0.281	-0.281
7.4407	-0.281	-0.281
7.4408	-0.281	-0.281
7.4409	-0.282	-0.282
7.4410	-0.282	-0.282
7.4411	-0.282	-0.281
7.4412	-0.282	-0.281
7.4413	-0.282	-0.282
7.4414	-0.282	-0.282
7.4415	-0.282	-0.283
7.4416	-0.282	-0.283
7.4417	-0.282	-0.283
7.4418	-0.282	-0.283
7.4419	-0.283	-0.283
7.4420	-0.283	-0.283
7.4421	-0.284	-0.283
7.4422	-0.284	-0.283
7.4423	-0.284	-0.283
7.4424	-0.284	-0.283
7.4425	-0.284	-0.284
7.4426	-0.284	-0.284
7.4427	-0.284	-0.284
7.4428	-0.284	-0.284
7.4429	-0.284	-0.285
7.4430	-0.284	-0.285
7.4431	-0.284	-0.284
7.4432	-0.284	-0.284
7.4433	-0.286	-0.285
7.4434	-0.286	-0.285
7.4435	-0.286	-0.285
7.4436	-0.286	-0.285
7.4437	-0.286	-0.285
7.4438	-0.286	-0.285
7.4439	-0.287	-0.286
7.4440	-0.287	-0.286
7.4441	-0.287	-0.285
7.4442	-0.287	-0.285
7.4443	-0.288	-0.286
7.4444	-0.288	-0.286
7.4445	-0.288	-0.286
7.4446	-0.288	-0.286
7.4447	-0.288	-0.287
7.4448	-0.288	-0.287
7.4449	-0.288	-0.287
7.4450	-0.288	-0.287
7.4451	-0.289	-0.288
7.4452	-0.289	-0.288
7.4453	-0.29	-0.287
7.4454	-0.29	-0.287
7.4455	-0.29	-0.288
7.4456	-0.29	-0.288
7.4457	-0.291	-0.288
7.4458	-0.291	-0.288
7.4459	-0.291	-0.29
7.4460	-0.291	-0.29
7.4461	-0.291	-0.29
7.4462	-0.291	-0.29
7.4463	-0.291	-0.29
7.4464	-0.291	-0.29
7.4465	-0.292	-0.291
7.4466	-0.292	-0.291
7.4467	-0.292	-0.291
7.4468	-0.292	-0.291
7.4469	-0.292	-0.291
7.4470	-0.292	-0.291
7.4471	-0.292	-0.291
7.4472	-0.292	-0.291
7.4473	-0.292	-0.292
7.4474	-0.292	-0.292
7.4475	-0.293	-0.292
7.4476	-0.293	-0.292
7.4477	-0.292	-0.293
7.4478	-0.292	-0.293
7.4479	-0.293	-0.293
7.4480	-0.293	-0.293
7.4481	-0.294	-0.293
7.4482	-0.294	-0.293
7.4483	-0.295	-0.294
7.4484	-0.295	-0.294
7.4485	-0.295	-0.295
7.4486	-0.295	-0.295
7.4487	-0.295	-0.295
7.4488	-0.295	-0.295
7.4489	-0.295	-0.295
7.4490	-0.295	-0.295
7.4491	-0.296	-0.295
7.4492	-0.296	-0.295
7.4493	-0.296	-0.296
7.4494	-0.296	-0.296
7.4495	-0.296	-0.296
7.4496	-0.296	-0.296
7.4497	-0.296	-0.297
7.4498	-0.296	-0.297
7.4499	-0.297	-0.296
7.4500	-0.297	-0.296
7.4501	-0.298	-0.297
7.4502	-0.298	-0.297
7.4503	-0.298	-0.297
7.4504	-0.298	-0.297
7.4505	-0.299	-0.297
7.4506	-0.299	-0.297
7.4507	-0.298	-0.298
7.4508	-0.298	-0.298
7.4509	-0.3	-0.298
7.4510	-0.3	-0.298
7.4511	-0.3	-0.298
7.4512	-0.3	-0.298
7.4513	-0.3	-0.299
7.4514	-0.3	-0.299
7.4515	-0.3	-0.299
7.4516	-0.3	-0.299
7.4517	-0.3	-0.299
7.4518	-0.3	-0.299
7.4519	-0.3	-0.299
7.4520	-0.3	-0.299
7.4521	-0.3	-0.299
7.4522	-0.3	-0.299
7.4523	-0.3	-0.3
7.4524	-0.3	-0.3
7.4525	-0.3	-0.3
7.4526	-0.3	-0.3
7.4527	-0.3	-0.3
7.4528	-0.3	-0.3
7.4529	-0.3	-0.3
7.4530	-0.3	-0.3
7.4531	-0.3	-0.3
7.4532	-0.3	-0.3
7.4533	-0.3	-0.3
7.4534	-0.3	-0.3
7.4535	-0.301	-0.301
7.4536	-0.301	-0.301
7.4537	-0.302	-0.301
7.4538	-0.302	-0.301
7.4539	-0.301	-0.301
7.4540	-0.301	-0.301
7.4541	-0.301	-0.302
7.4542	-0.301	-0.302
7.4543	-0.302	-0.302
7.4544	-0.302	-0.302
7.4545	-0.303	-0.302
7.4546	-0.303	-0.302
7.4547	-0.303	-0.303
7.4548	-0.303	-0.303
7.4549	-0.303	-0.303
7.4550	-0.303	-0.303
7.4551	-0.304	-0.303
7.4552	-0.304	-0.303
7.4553	-0.303	-0.303
7.4554	-0.303	-0.303
7.4555	-0.304	-0.303
7.4556	-0.304	-0.303
7.4557	-0.304	-0.303
7.4558	-0.304	-0.303
7.4559	-0.304	-0.303
7.4560	-0.304	-0.303
7.4561	-0.305	-0.304
7.4562	-0.305	-0.304
7.4563	-0.305	-0.305
7.4564	-0.305	-0.305
7.4565	-0.305	-0.305
7.4566	-0.305	-0.305
7.4567	-0.306	-0.305
7.4568	-0.306	-0.305
7.4569	-0.305	-0.306
7.4570	-0.305	-0.306
7.4571	-0.306	-0.305
7.4572	-0.306	-0.305
7.4573	-0.306	-0.307
7.4574	-0.306	-0.307
7.4575	-0.307	-0.306
7.4576	-0.307	-0.306
7.4577	-0.307	-0.306
7.4578	-0.307	-0.306
7.4579	-0.307	-0.307
7.4580	-0.307	-0.307
7.4581	-0.307	-0.307
7.4582	-0.307	-0.307
7.4583	-0.307	-0.307
7.4584	-0.307	-0.307
7.4585	-0.308	-0.307
7.4586	-0.308	-0.307
7.4587	-0.308	-0.307
7.4588	-0.308	-0.307
7.4589	-0.308	-0.308
7.4590	-0.308	-0.308
7.4591	-0.308	-0.309
7.4592	-0.308	-0.309
7.4593	-0.309	-0.309
7.4594	-0.309	-0.309
7.4595	-0.309	-0.309
7.4596	-0.309	-0.309
7.4597	-0.31	-0.309
7.4598	-0.31	-0.309
7.4599	-0.309	-0.31
7.4600	-0.309	-0.31
7.4601	-0.31	-0.31
7.4602	-0.31	-0.31
7.4603	-0.31	-0.31
7.4604	-0.31	-0.31
7.4605	-0.311	-0.311
7.4606	-0.311	-0.311
7.4607	-0.311	-0.311
7.4608	-0.311	-0.311
7.4609	-0.311	-0.311
7.4610	-0.311	-0.311
7.4611	-0.312	-0.311
7.4612	-0.312	-0.311
7.4613	-0.312	-0.311
7.4614	-0.312	-0.311
7.4615	-0.312	-0.312
7.4616	-0.312	-0.312
7.4617	-0.312	-0.312
7.4618	-0.312	-0.312
7.4619	-0.312	-0.313
7.4620	-0.312	-0.313
7.4621	-0.313	-0.313
7.4622	-0.313	-0.313
7.4623	-0.313	-0.314
7.4624	-0.313	-0.314
7.4625	-0.313	-0.315
7.4626	-0.313	-0.315
7.4627	-0.314	-0.315
7.4628	-0.314	-0.315
7.4629	-0.314	-0.315
7.4630	-0.314	-0.315
7.4631	-0.314	-0.315
7.4632	-0.314	-0.315
7.4633	-0.315	-0.315
7.4634	-0.315	-0.315
7.4635	-0.315	-0.315
7.4636	-0.315	-0.315
7.4637	-0.316	-0.316
7.4638	-0.316	-0.316
7.4639	-0.316	-0.316
7.4640	-0.316	-0.316
7.4641	-0.316	-0.316
7.4642	-0.316	-0.316
7.4643	-0.316	-0.316
7.4644	-0.316	-0.316
7.4645	-0.316	-0.316
7.4646	-0.316	-0.316
7.4647	-0.316	-0.317
7.4648	-0.316	-0.317
7.4649	-0.317	-0.317
7.4650	-0.317	-0.317
7.4651	-0.317	-0.316
7.4652	-0.317	-0.316
7.4653	-0.317	-0.317
7.4654	-0.317	-0.317
7.4655	-0.318	-0.318
7.4656	-0.318	-0.318
7.4657	-0.319	-0.318
7.4658	-0.319	-0.318
7.4659	-0.318	-0.319
7.4660	-0.318	-0.319
7.4661	-0.319	-0.319
7.4662	-0.319	-0.319
7.4663	-0.319	-0.319
7.4664	-0.319	-0.319
7.4665	-0.319	-0.319
7.4666	-0.319	-0.319
7.4667	-0.319	-0.32
7.4668	-0.319	-0.32
7.4669	-0.32	-0.32
7.4670	-0.32	-0.32
7.4671	-0.32	-0.319
7.4672	-0.32	-0.319
7.4673	-0.32	-0.32
7.4674	-0.32	-0.32
7.4675	-0.32	-0.319
7.4676	-0.32	-0.319
7.4677	-0.32	-0.321
7.4678	-0.32	-0.321
7.4679	-0.321	-0.321
7.4680	-0.321	-0.321
7.4681	-0.321	-0.321
7.4682	-0.321	-0.321
7.4683	-0.32	-0.321
7.4684	-0.32	-0.321
7.4685	-0.321	-0.321
7.4686	-0.321	-0.321
7.4687	-0.321	-0.322
7.4688	-0.321	-0.322
7.4689	-0.321	-0.323
7.4690	-0.321	-0.323
7.4691	-0.321	-0.322
7.4692	-0.321	-0.322
7.4693	-0.321	-0.322
7.4694	-0.321	-0.322
7.4695	-0.321	-0.322
7.4696	-0.321	-0.322
7.4697	-0.322	-0.323
7.4698	-0.322	-0.323
7.4699	-0.322	-0.322
7.4700	-0.322	-0.322
7.4701	-0.322	-0.322
7.4702	-0.322	-0.322
7.4703	-0.322	-0.323
7.4704	-0.322	-0.323
7.4705	-0.323	-0.323
7.4706	-0.323	-0.323
7.4707	-0.323	-0.323
7.4708	-0.323	-0.323
7.4709	-0.323	-0.323
7.4710	-0.323	-0.323
7.4711	-0.323	-0.323
7.4712	-0.323	-0.323
7.4713	-0.323	-0.323
7.4714	-0.323	-0.323
7.4715	-0.323	-0.323
7.4716	-0.323	-0.323
7.4717	-0.324	-0.324
7.4718	-0.324	-0.324
7.4719	-0.324	-0.323
7.4720	-0.324	-0.323
7.4721	-0.324	-0.324
7.4722	-0.324	-0.324
7.4723	-0.324	-0.325
7.4724	-0.324	-0.325
7.4725	-0.324	-0.324
7.4726	-0.324	-0.324
7.4727	-0.324	-0.324
7.4728	-0.324	-0.324
7.4729	-0.324	-0.324
7.4730	-0.324	-0.324
7.4731	-0.325	-0.325
7.4732	-0.325	-0.325
7.4733	-0.325	-0.325
7.4734	-0.325	-0.325
7.4735	-0.325	-0.326
7.4736	-0.325	-0.326
7.4737	-0.325	-0.325
7.4738	-0.325	-0.325
7.4739	-0.325	-0.326
7.4740	-0.325	-0.326
7.4741	-0.325	-0.326
7.4742	-0.325	-0.326
7.4743	-0.326	-0.326
7.4744	-0.326	-0.326
7.4745	-0.326	-0.327
7.4746	-0.326	-0.327
7.4747	-0.327	-0.327
7.4748	-0.327	-0.327
7.4749	-0.327	-0.326
7.4750	-0.327	-0.326
7.4751	-0.327	-0.327
7.4752	-0.327	-0.327
7.4753	-0.327	-0.327
7.4754	-0.327	-0.327
7.4755	-0.328	-0.327
7.4756	-0.328	-0.327
7.4757	-0.327	-0.328
7.4758	-0.327	-0.328
7.4759	-0.328	-0.327
7.4760	-0.328	-0.327
7.4761	-0.328	-0.328
7.4762	-0.328	-0.328
7.4763	-0.328	-0.328
7.4764	-0.328	-0.328
7.4765	-0.327	-0.328
7.4766	-0.327	-0.328
7.4767	-0.328	-0.328
7.4768	-0.328	-0.328
7.4769	-0.328	-0.329
7.4770	-0.328	-0.329
7.4771	-0.329	-0.329
7.4772	-0.329	-0.329
7.4773	-0.329	-0.33
7.4774	-0.329	-0.33
7.4775	-0.329	-0.329
7.4776	-0.329	-0.329
7.4777	-0.329	-0.33
7.4778	-0.329	-0.33
7.4779	-0.33	-0.33
7.4780	-0.33	-0.33
7.4781	-0.329	-0.331
7.4782	-0.329	-0.331
7.4783	-0.33	-0.33
7.4784	-0.33	-0.33
7.4785	-0.33	-0.331
7.4786	-0.33	-0.331
7.4787	-0.331	-0.331
7.4788	-0.331	-0.331
7.4789	-0.331	-0.331
7.4790	-0.331	-0.331
7.4791	-0.332	-0.331
7.4792	-0.332	-0.331
7.4793	-0.331	-0.332
7.4794	-0.331	-0.332
7.4795	-0.331	-0.332
7.4796	-0.331	-0.332
7.4797	-0.332	-0.332
7.4798	-0.332	-0.332
7.4799	-0.332	-0.332
7.4800	-0.332	-0.332
7.4801	-0.332	-0.332
7.4802	-0.332	-0.332
7.4803	-0.332	-0.332
7.4804	-0.332	-0.332
7.4805	-0.332	-0.333
7.4806	-0.332	-0.333
7.4807	-0.332	-0.333
7.4808	-0.332	-0.333
7.4809	-0.332	-0.333
7.4810	-0.332	-0.333
7.4811	-0.332	-0.333
7.4812	-0.332	-0.333
7.4813	-0.333	-0.333
7.4814	-0.333	-0.333
7.4815	-0.333	-0.334
7.4816	-0.333	-0.334
7.4817	-0.332	-0.334
7.4818	-0.332	-0.334
7.4819	-0.333	-0.334
7.4820	-0.333	-0.334
7.4821	-0.334	-0.334
7.4822	-0.334	-0.334
7.4823	-0.333	-0.334
7.4824	-0.333	-0.334
7.4825	-0.334	-0.335
7.4826	-0.334	-0.335
7.4827	-0.333	-0.335
7.4828	-0.333	-0.335
7.4829	-0.334	-0.335
7.4830	-0.334	-0.335
7.4831	-0.334	-0.335
7.4832	-0.334	-0.335
7.4833	-0.335	-0.335
7.4834	-0.335	-0.335
7.4835	-0.335	-0.335
7.4836	-0.335	-0.335
7.4837	-0.335	-0.335
7.4838	-0.335	-0.335
7.4839	-0.335	-0.335
7.4840	-0.335	-0.335
7.4841	-0.335	-0.335
7.4842	-0.335	-0.335
7.4843	-0.335	-0.335
7.4844	-0.335	-0.335
7.4845	-0.336	-0.336
7.4846	-0.336	-0.336
7.4847	-0.336	-0.335
7.4848	-0.336	-0.335
7.4849	-0.336	-0.336
7.4850	-0.336	-0.336
7.4851	-0.336	-0.335
7.4852	-0.336	-0.335
7.4853	-0.336	-0.336
7.4854	-0.336	-0.336
7.4855	-0.336	-0.336
7.4856	-0.336	-0.336
7.4857	-0.336	-0.336
7.4858	-0.336	-0.336
7.4859	-0.336	-0.336
7.4860	-0.336	-0.336
7.4861	-0.336	-0.336
7.4862	-0.336	-0.336
7.4863	-0.336	-0.337
7.4864	-0.336	-0.337
7.4865	-0.336	-0.337
7.4866	-0.336	-0.337
7.4867	-0.336	-0.337
7.4868	-0.336	-0.337
7.4869	-0.336	-0.337
7.4870	-0.336	-0.337
7.4871	-0.336	-0.337
7.4872	-0.336	-0.337
7.4873	-0.337	-0.338
7.4874	-0.337	-0.338
7.4875	-0.336	-0.338
7.4876	-0.336	-0.338
7.4877	-0.336	-0.338
7.4878	-0.336	-0.338
7.4879	-0.337	-0.338
7.4880	-0.337	-0.338
7.4881	-0.336	-0.338
7.4882	-0.336	-0.338
7.4883	-0.337	-0.338
7.4884	-0.337	-0.338
7.4885	-0.337	-0.339
7.4886	-0.337	-0.339
7.4887	-0.337	-0.338
7.4888	-0.337	-0.338
7.4889	-0.338	-0.339
7.4890	-0.338	-0.339
7.4891	-0.337	-0.339
7.4892	-0.337	-0.339
7.4893	-0.337	-0.338
7.4894	-0.337	-0.338
7.4895	-0.338	-0.339
7.4896	-0.338	-0.339
7.4897	-0.338	-0.339
7.4898	-0.338	-0.339
7.4899	-0.338	-0.339
7.4900	-0.338	-0.339
7.4901	-0.338	-0.339
7.4902	-0.338	-0.339
7.4903	-0.338	-0.339
7.4904	-0.338	-0.339
7.4905	-0.338	-0.339
7.4906	-0.338	-0.339
7.4907	-0.338	-0.339
7.4908	-0.338	-0.339
7.4909	-0.338	-0.339
7.4910	-0.338	-0.339
7.4911	-0.338	-0.339
7.4912	-0.338	-0.339
7.4913	-0.338	-0.34
7.4914	-0.338	-0.34
7.4915	-0.339	-0.339
7.4916	-0.339	-0.339
7.4917	-0.339	-0.339
7.4918	-0.339	-0.339
7.4919	-0.339	-0.339
7.4920	-0.339	-0.339
7.4921	-0.339	-0.339
7.4922	-0.339	-0.339
7.4923	-0.34	-0.339
7.4924	-0.34	-0.339
7.4925	-0.34	-0.34
7.4926	-0.34	-0.34
7.4927	-0.339	-0.34
7.4928	-0.339	-0.34
7.4929	-0.34	-0.341
7.4930	-0.34	-0.341
7.4931	-0.34	-0.34
7.4932	-0.34	-0.34
7.4933	-0.34	-0.34
7.4934	-0.34	-0.34
7.4935	-0.34	-0.34
7.4936	-0.34	-0.34
7.4937	-0.34	-0.341
7.4938	-0.34	-0.341
7.4939	-0.34	-0.341
7.4940	-0.34	-0.341
7.4941	-0.34	-0.342
7.4942	-0.34	-0.342
7.4943	-0.34	-0.341
7.4944	-0.34	-0.341
7.4945	-0.341	-0.341
7.4946	-0.341	-0.341
7.4947	-0.341	-0.341
7.4948	-0.341	-0.341
7.4949	-0.341	-0.341
7.4950	-0.341	-0.341
7.4951	-0.341	-0.342
7.4952	-0.341	-0.342
7.4953	-0.341	-0.341
7.4954	-0.341	-0.341
7.4955	-0.341	-0.342
7.4956	-0.341	-0.342
7.4957	-0.342	-0.343
7.4958	-0.342	-0.343
7.4959	-0.342	-0.342
7.4960	-0.342	-0.342
7.4961	-0.342	-0.342
7.4962	-0.342	-0.342
7.4963	-0.342	-0.343
7.4964	-0.342	-0.343
7.4965	-0.341	-0.343
7.4966	-0.341	-0.343
7.4967	-0.342	-0.343
7.4968	-0.342	-0.343
7.4969	-0.341	-0.342
7.4970	-0.341	-0.342
7.4971	-0.343	-0.342
7.4972	-0.343	-0.342
7.4973	-0.341	-0.343
7.4974	-0.341	-0.343
7.4975	-0.342	-0.342
7.4976	-0.342	-0.342
7.4977	-0.342	-0.343
7.4978	-0.342	-0.343
7.4979	-0.342	-0.343
7.4980	-0.342	-0.343
7.4981	-0.343	-0.343
7.4982	-0.343	-0.343
7.4983	-0.342	-0.343
7.4984	-0.342	-0.343
7.4985	-0.344	-0.343
7.4986	-0.344	-0.343
7.4987	-0.343	-0.343
7.4988	-0.343	-0.343
7.4989	-0.343	-0.343
7.4990	-0.343	-0.343
7.4991	-0.343	-0.343
7.4992	-0.343	-0.343
7.4993	-0.343	-0.343
7.4994	-0.343	-0.343
7.4995	-0.344	-0.343
7.4996	-0.344	-0.343
7.4997	-0.343	-0.344
7.4998	-0.343	-0.344
7.4999	-0.343	-0.343
7.5000	-0.343	-0.343
7.5001	-0.343	-0.344
7.5002	-0.343	-0.344
7.5003	-0.344	-0.344
7.5004	-0.344	-0.344
7.5005	-0.344	-0.344
7.5006	-0.344	-0.344
7.5007	-0.344	-0.345
7.5008	-0.344	-0.345
7.5009	-0.344	-0.344
7.5010	-0.344	-0.344
7.5011	-0.344	-0.345
7.5012	-0.344	-0.345
7.5013	-0.344	-0.344
7.5014	-0.344	-0.344
7.5015	-0.344	-0.344
7.5016	-0.344	-0.344
7.5017	-0.344	-0.344
7.5018	-0.344	-0.344
7.5019	-0.344	-0.344
7.5020	-0.344	-0.344
7.5021	-0.344	-0.345
7.5022	-0.344	-0.345
7.5023	-0.344	-0.344
7.5024	-0.344	-0.344
7.5025	-0.344	-0.345
7.5026	-0.344	-0.345
7.5027	-0.344	-0.344
7.5028	-0.344	-0.344
7.5029	-0.344	-0.345
7.5030	-0.344	-0.345
7.5031	-0.344	-0.345
7.5032	-0.344	-0.345
7.5033	-0.344	-0.345
7.5034	-0.344	-0.345
7.5035	-0.344	-0.345
7.5036	-0.344	-0.345
7.5037	-0.344	-0.344
7.5038	-0.344	-0.344
7.5039	-0.344	-0.345
7.5040	-0.344	-0.345
7.5041	-0.344	-0.344
7.5042	-0.344	-0.344
7.5043	-0.344	-0.345
7.5044	-0.344	-0.345
7.5045	-0.344	-0.344
7.5046	-0.344	-0.344
7.5047	-0.344	-0.345
7.5048	-0.344	-0.345
7.5049	-0.344	-0.345
7.5050	-0.344	-0.345
7.5051	-0.344	-0.344
7.5052	-0.344	-0.344
7.5053	-0.344	-0.345
7.5054	-0.344	-0.345
7.5055	-0.344	-0.346
7.5056	-0.344	-0.346
7.5057	-0.344	-0.345
7.5058	-0.344	-0.345
7.5059	-0.345	-0.346
7.5060	-0.345	-0.346
7.5061	-0.344	-0.345
7.5062	-0.344	-0.345
7.5063	-0.344	-0.346
7.5064	-0.344	-0.346
7.5065	-0.345	-0.346
7.5066	-0.345	-0.346
7.5067	-0.345	-0.345
7.5068	-0.345	-0.345
7.5069	-0.344	-0.346
7.5070	-0.344	-0.346
7.5071	-0.345	-0.346
7.5072	-0.345	-0.346
7.5073	-0.345	-0.346
7.5074	-0.345	-0.346
7.5075	-0.345	-0.346
7.5076	-0.345	-0.346
7.5077	-0.345	-0.346
7.5078	-0.345	-0.346
7.5079	-0.345	-0.347
7.5080	-0.345	-0.347
7.5081	-0.345	-0.346
7.5082	-0.345	-0.346
7.5083	-0.345	-0.346
7.5084	-0.345	-0.346
7.5085	-0.346	-0.346
7.5086	-0.346	-0.346
7.5087	-0.345	-0.347
7.5088	-0.345	-0.347
7.5089	-0.345	-0.347
7.5090	-0.345	-0.347
7.5091	-0.345	-0.347
7.5092	-0.345	-0.347
7.5093	-0.345	-0.347
7.5094	-0.345	-0.347
7.5095	-0.346	-0.346
7.5096	-0.346	-0.346
7.5097	-0.346	-0.347
7.5098	-0.346	-0.347
7.5099	-0.345	-0.347
7.5100	-0.345	-0.347
7.5101	-0.345	-0.347
7.5102	-0.345	-0.347
7.5103	-0.346	-0.346
7.5104	-0.346	-0.346
7.5105	-0.346	-0.347
7.5106	-0.346	-0.347
7.5107	-0.347	-0.347
7.5108	-0.347	-0.347
7.5109	-0.346	-0.347
7.5110	-0.346	-0.347
7.5111	-0.346	-0.346
7.5112	-0.346	-0.346
7.5113	-0.346	-0.346
7.5114	-0.346	-0.346
7.5115	-0.346	-0.347
7.5116	-0.346	-0.347
7.5117	-0.346	-0.347
7.5118	-0.346	-0.347
7.5119	-0.347	-0.347
7.5120	-0.347	-0.347
7.5121	-0.347	-0.347
7.5122	-0.347	-0.347
7.5123	-0.346	-0.347
7.5124	-0.346	-0.347
7.5125	-0.346	-0.347
7.5126	-0.346	-0.347
7.5127	-0.346	-0.347
7.5128	-0.346	-0.347
7.5129	-0.347	-0.346
7.5130	-0.347	-0.346
7.5131	-0.347	-0.347
7.5132	-0.347	-0.347
7.5133	-0.347	-0.347
7.5134	-0.347	-0.347
7.5135	-0.346	-0.347
7.5136	-0.346	-0.347
7.5137	-0.347	-0.347
7.5138	-0.347	-0.347
7.5139	-0.346	-0.347
7.5140	-0.346	-0.347
7.5141	-0.347	-0.347
7.5142	-0.347	-0.347
7.5143	-0.347	-0.347
7.5144	-0.347	-0.347
7.5145	-0.347	-0.347
7.5146	-0.347	-0.347
7.5147	-0.347	-0.347
7.5148	-0.347	-0.347
7.5149	-0.347	-0.347
7.5150	-0.347	-0.347
7.5151	-0.347	-0.347
7.5152	-0.347	-0.347
7.5153	-0.347	-0.347
7.5154	-0.347	-0.347
7.5155	-0.347	-0.347
7.5156	-0.347	-0.347
7.5157	-0.347	-0.347
7.5158	-0.347	-0.347
7.5159	-0.348	-0.347
7.5160	-0.348	-0.347
7.5161	-0.347	-0.347
7.5162	-0.347	-0.347
7.5163	-0.348	-0.347
7.5164	-0.348	-0.347
7.5165	-0.348	-0.347
7.5166	-0.348	-0.347
7.5167	-0.347	-0.348
7.5168	-0.347	-0.348
7.5169	-0.347	-0.347
7.5170	-0.347	-0.347
7.5171	-0.348	-0.347
7.5172	-0.348	-0.347
7.5173	-0.348	-0.347
7.5174	-0.348	-0.347
7.5175	-0.348	-0.347
7.5176	-0.348	-0.347
7.5177	-0.348	-0.348
7.5178	-0.348	-0.348
7.5179	-0.348	-0.347
7.5180	-0.348	-0.347
7.5181	-0.347	-0.347
7.5182	-0.347	-0.347
7.5183	-0.348	-0.347
7.5184	-0.348	-0.347
7.5185	-0.347	-0.348
7.5186	-0.347	-0.348
7.5187	-0.348	-0.348
7.5188	-0.348	-0.348
7.5189	-0.348	-0.347
7.5190	-0.348	-0.347
7.5191	-0.348	-0.347
7.5192	-0.348	-0.347
7.5193	-0.348	-0.347
7.5194	-0.348	-0.347
7.5195	-0.348	-0.347
7.5196	-0.348	-0.347
7.5197	-0.348	-0.348
7.5198	-0.348	-0.348
7.5199	-0.348	-0.347
7.5200	-0.348	-0.347
7.5201	-0.348	-0.347
7.5202	-0.348	-0.347
7.5203	-0.348	-0.347
7.5204	-0.348	-0.347
7.5205	-0.348	-0.348
7.5206	-0.348	-0.348
7.5207	-0.348	-0.348
7.5208	-0.348	-0.348
7.5209	-0.347	-0.348
7.5210	-0.347	-0.348
7.5211	-0.347	-0.347
7.5212	-0.347	-0.347
7.5213	-0.348	-0.348
7.5214	-0.348	-0.348
7.5215	-0.348	-0.348
7.5216	-0.348	-0.348
7.5217	-0.348	-0.347
7.5218	-0.348	-0.347
7.5219	-0.348	-0.348
7.5220	-0.348	-0.348
7.5221	-0.348	-0.348
7.5222	-0.348	-0.348
7.5223	-0.348	-0.348
7.5224	-0.348	-0.348
7.5225	-0.348	-0.348
7.5226	-0.348	-0.348
7.5227	-0.348	-0.348
7.5228	-0.348	-0.348
7.5229	-0.348	-0.348
7.5230	-0.348	-0.348
7.5231	-0.348	-0.348
7.5232	-0.348	-0.348
7.5233	-0.348	-0.348
7.5234	-0.348	-0.348
7.5235	-0.348	-0.348
7.5236	-0.348	-0.348
7.5237	-0.348	-0.347
7.5238	-0.348	-0.347
7.5239	-0.348	-0.348
7.5240	-0.348	-0.348
7.5241	-0.348	-0.348
7.5242	-0.348	-0.348
7.5243	-0.348	-0.348
7.5244	-0.348	-0.348
7.5245	-0.348	-0.347
7.5246	-0.348	-0.347
7.5247	-0.348	-0.348
7.5248	-0.348	-0.348
7.5249	-0.348	-0.348
7.5250	-0.348	-0.348
7.5251	-0.348	-0.348
7.5252	-0.348	-0.348
7.5253	-0.348	-0.348
7.5254	-0.348	-0.348
7.5255	-0.348	-0.348
7.5256	-0.348	-0.348
7.5257	-0.348	-0.348
7.5258	-0.348	-0.348
7.5259	-0.348	-0.348
7.5260	-0.348	-0.348
7.5261	-0.348	-0.348
7.5262	-0.348	-0.348
7.5263	-0.348	-0.348
7.5264	-0.348	-0.348
7.5265	-0.348	-0.348
7.5266	-0.348	-0.348
7.5267	-0.348	-0.348
7.5268	-0.348	-0.348
7.5269	-0.348	-0.348
7.5270	-0.348	-0.348
7.5271	-0.348	-0.348
7.5272	-0.348	-0.348
7.5273	-0.348	-0.348
7.5274	-0.348	-0.348
7.5275	-0.348	-0.348
7.5276	-0.348	-0.348
7.5277	-0.348	-0.348
7.5278	-0.348	-0.348
7.5279	-0.348	-0.348
7.5280	-0.348	-0.348
7.5281	-0.348	-0.348
7.5282	-0.348	-0.348
7.5283	-0.348	-0.349
7.5284	-0.348	-0.349
7.5285	-0.348	-0.348
7.5286	-0.348	-0.348
7.5287	-0.348	-0.349
7.5288	-0.348	-0.349
7.5289	-0.348	-0.347
7.5290	-0.348	-0.347
7.5291	-0.349	-0.348
7.5292	-0.349	-0.348
7.5293	-0.348	-0.348
7.5294	-0.348	-0.348
7.5295	-0.348	-0.348
7.5296	-0.348	-0.348
7.5297	-0.348	-0.348
7.5298	-0.348	-0.348
7.5299	-0.348	-0.348
7.5300	-0.348	-0.348
7.5301	-0.348	-0.348
7.5302	-0.348	-0.348
7.5303	-0.348	-0.348
7.5304	-0.348	-0.348
7.5305	-0.348	-0.348
7.5306	-0.348	-0.348
7.5307	-0.348	-0.348
7.5308	-0.348	-0.348
7.5309	-0.348	-0.348
7.5310	-0.348	-0.348
7.5311	-0.348	-0.348
7.5312	-0.348	-0.348
7.5313	-0.349	-0.348
7.5314	-0.349	-0.348
7.5315	-0.348	-0.348
7.5316	-0.348	-0.348
7.5317	-0.348	-0.348
7.5318	-0.348	-0.348
7.5319	-0.349	-0.348
7.5320	-0.349	-0.348
7.5321	-0.348	-0.348
7.5322	-0.348	-0.348
7.5323	-0.348	-0.348
7.5324	-0.348	-0.348
7.5325	-0.348	-0.348
7.5326	-0.348	-0.348
7.5327	-0.349	-0.348
7.5328	-0.349	-0.348
7.5329	-0.348	-0.349
7.5330	-0.348	-0.349
7.5331	-0.349	-0.348
7.5332	-0.349	-0.348
7.5333	-0.348	-0.348
7.5334	-0.348	-0.348
7.5335	-0.348	-0.348
7.5336	-0.348	-0.348
7.5337	-0.348	-0.348
7.5338	-0.348	-0.348
7.5339	-0.348	-0.349
7.5340	-0.348	-0.349
7.5341	-0.349	-0.348
7.5342	-0.349	-0.348
7.5343	-0.348	-0.348
7.5344	-0.348	-0.348
7.5345	-0.348	-0.348
7.5346	-0.348	-0.348
7.5347	-0.348	-0.348
7.5348	-0.348	-0.348
7.5349	-0.348	-0.348
7.5350	-0.348	-0.348
7.5351	-0.348	-0.348
7.5352	-0.348	-0.348
7.5353	-0.349	-0.348
7.5354	-0.349	-0.348
7.5355	-0.348	-0.348
7.5356	-0.348	-0.348
7.5357	-0.348	-0.348
7.5358	-0.348	-0.348
7.5359	-0.348	-0.348
7.5360	-0.348	-0.348
7.5361	-0.348	-0.348
7.5362	-0.348	-0.348
7.5363	-0.349	-0.348
7.5364	-0.349	-0.348
7.5365	-0.348	-0.348
7.5366	-0.348	-0.348
7.5367	-0.348	-0.348
7.5368	-0.348	-0.348
7.5369	-0.348	-0.348
7.5370	-0.348	-0.348
7.5371	-0.348	-0.348
7.5372	-0.348	-0.348
7.5373	-0.348	-0.348
7.5374	-0.348	-0.348
7.5375	-0.349	-0.348
7.5376	-0.349	-0.348
7.5377	-0.348	-0.348
7.5378	-0.348	-0.348
7.5379	-0.348	-0.348
7.5380	-0.348	-0.348
7.5381	-0.348	-0.348
7.5382	-0.348	-0.348
7.5383	-0.349	-0.349
7.5384	-0.349	-0.349
7.5385	-0.348	-0.348
7.5386	-0.348	-0.348
7.5387	-0.349	-0.348
7.5388	-0.349	-0.348
7.5389	-0.348	-0.348
7.5390	-0.348	-0.348
7.5391	-0.348	-0.349
7.5392	-0.348	-0.349
7.5393	-0.348	-0.348
7.5394	-0.348	-0.348
7.5395	-0.35	-0.348
7.5396	-0.35	-0.348
7.5397	-0.349	-0.348
7.5398	-0.349	-0.348
7.5399	-0.348	-0.349
7.5400	-0.348	-0.349
7.5401	-0.349	-0.348
7.5402	-0.349	-0.348
7.5403	-0.348	-0.348
7.5404	-0.348	-0.348
7.5405	-0.349	-0.348
7.5406	-0.349	-0.348
7.5407	-0.349	-0.348
7.5408	-0.349	-0.348
7.5409	-0.35	-0.348
7.5410	-0.35	-0.348
7.5411	-0.349	-0.349
7.5412	-0.349	-0.349
7.5413	-0.348	-0.348
7.5414	-0.348	-0.348
7.5415	-0.349	-0.348
7.5416	-0.349	-0.348
7.5417	-0.348	-0.348
7.5418	-0.348	-0.348
7.5419	-0.349	-0.348
7.5420	-0.349	-0.348
7.5421	-0.348	-0.348
7.5422	-0.348	-0.348
7.5423	-0.348	-0.349
7.5424	-0.348	-0.349
7.5425	-0.348	-0.348
7.5426	-0.348	-0.348
7.5427	-0.349	-0.348
7.5428	-0.349	-0.348
7.5429	-0.349	-0.348
7.5430	-0.349	-0.348
7.5431	-0.348	-0.348
7.5432	-0.348	-0.348
7.5433	-0.349	-0.348
7.5434	-0.349	-0.348
7.5435	-0.349	-0.348
7.5436	-0.349	-0.348
7.5437	-0.349	-0.348
7.5438	-0.349	-0.348
7.5439	-0.349	-0.348
7.5440	-0.349	-0.348
7.5441	-0.349	-0.349
7.5442	-0.349	-0.349
7.5443	-0.349	-0.348
7.5444	-0.349	-0.348
7.5445	-0.348	-0.348
7.5446	-0.348	-0.348
7.5447	-0.348	-0.348
7.5448	-0.348	-0.348
7.5449	-0.348	-0.348
7.5450	-0.348	-0.348
7.5451	-0.348	-0.349
7.5452	-0.348	-0.349
7.5453	-0.349	-0.349
7.5454	-0.349	-0.349
7.5455	-0.349	-0.349
7.5456	-0.349	-0.349
7.5457	-0.348	-0.348
7.5458	-0.348	-0.348
7.5459	-0.348	-0.349
7.5460	-0.348	-0.349
7.5461	-0.348	-0.348
7.5462	-0.348	-0.348
7.5463	-0.35	-0.348
7.5464	-0.35	-0.348
7.5465	-0.349	-0.348
7.5466	-0.349	-0.348
7.5467	-0.348	-0.348
7.5468	-0.348	-0.348
7.5469	-0.349	-0.348
7.5470	-0.349	-0.348
7.5471	-0.348	-0.348
7.5472	-0.348	-0.348
7.5473	-0.348	-0.348
7.5474	-0.348	-0.348
7.5475	-0.348	-0.348
7.5476	-0.348	-0.348
7.5477	-0.348	-0.348
7.5478	-0.348	-0.348
7.5479	-0.348	-0.349
7.5480	-0.348	-0.349
7.5481	-0.348	-0.349
7.5482	-0.348	-0.349
7.5483	-0.348	-0.348
7.5484	-0.348	-0.348
7.5485	-0.349	-0.348
7.5486	-0.349	-0.348
7.5487	-0.348	-0.348
7.5488	-0.348	-0.348
7.5489	-0.348	-0.348
7.5490	-0.348	-0.348
7.5491	-0.349	-0.349
7.5492	-0.349	-0.349
7.5493	-0.348	-0.348
7.5494	-0.348	-0.348
7.5495	-0.349	-0.349
7.5496	-0.349	-0.349
7.5497	-0.349	-0.348
7.5498	-0.349	-0.348
7.5499	-0.349	-0.349
7.5500	-0.349	-0.349
7.5501	-0.348	-0.348
7.5502	-0.348	-0.348
7.5503	-0.348	-0.348
7.5504	-0.348	-0.348
7.5505	-0.348	-0.349
7.5506	-0.348	-0.349
7.5507	-0.349	-0.348
7.5508	-0.349	-0.348
7.5509	-0.349	-0.348
7.5510	-0.349	-0.348
7.5511	-0.349	-0.35
7.5512	-0.349	-0.35
7.5513	-0.348	-0.349
7.5514	-0.348	-0.349
7.5515	-0.349	-0.348
7.5516	-0.349	-0.348
7.5517	-0.348	-0.348
7.5518	-0.348	-0.348
7.5519	-0.349	-0.348
7.5520	-0.349	-0.348
7.5521	-0.348	-0.349
7.5522	-0.348	-0.349
7.5523	-0.348	-0.349
7.5524	-0.348	-0.349
7.5525	-0.349	-0.348
7.5526	-0.349	-0.348
7.5527	-0.348	-0.348
7.5528	-0.348	-0.348
7.5529	-0.348	-0.348
7.5530	-0.348	-0.348
7.5531	-0.348	-0.349
7.5532	-0.348	-0.349
7.5533	-0.349	-0.349
7.5534	-0.349	-0.349
7.5535	-0.348	-0.349
7.5536	-0.348	-0.349
7.5537	-0.349	-0.349
7.5538	-0.349	-0.349
7.5539	-0.348	-0.348
7.5540	-0.348	-0.348
7.5541	-0.349	-0.349
7.5542	-0.349	-0.349
7.5543	-0.348	-0.348
7.5544	-0.348	-0.348
7.5545	-0.349	-0.349
7.5546	-0.349	-0.349
7.5547	-0.349	-0.348
7.5548	-0.349	-0.348
7.5549	-0.348	-0.348
7.5550	-0.348	-0.348
7.5551	-0.348	-0.349
7.5552	-0.348	-0.349
7.5553	-0.348	-0.349
7.5554	-0.348	-0.349
7.5555	-0.348	-0.349
7.5556	-0.348	-0.349
7.5557	-0.349	-0.348
7.5558	-0.349	-0.348
7.5559	-0.348	-0.349
7.5560	-0.348	-0.349
7.5561	-0.348	-0.349
7.5562	-0.348	-0.349
7.5563	-0.348	-0.348
7.5564	-0.348	-0.348
7.5565	-0.349	-0.349
7.5566	-0.349	-0.349
7.5567	-0.348	-0.348
7.5568	-0.348	-0.348
7.5569	-0.348	-0.349
7.5570	-0.348	-0.349
7.5571	-0.348	-0.349
7.5572	-0.348	-0.349
7.5573	-0.348	-0.349
7.5574	-0.348	-0.349
7.5575	-0.349	-0.349
7.5576	-0.349	-0.349
7.5577	-0.349	-0.348
7.5578	-0.349	-0.348
7.5579	-0.348	-0.349
7.5580	-0.348	-0.349
7.5581	-0.348	-0.349
7.5582	-0.348	-0.349
7.5583	-0.349	-0.348
7.5584	-0.349	-0.348
7.5585	-0.348	-0.349
7.5586	-0.348	-0.349
7.5587	-0.348	-0.349
7.5588	-0.348	-0.349
7.5589	-0.349	-0.349
7.5590	-0.349	-0.349
7.5591	-0.348	-0.348
7.5592	-0.348	-0.348
7.5593	-0.348	-0.348
7.5594	-0.348	-0.348
7.5595	-0.348	-0.348
7.5596	-0.348	-0.348
7.5597	-0.348	-0.348
7.5598	-0.348	-0.348
7.5599	-0.348	-0.349
7.5600	-0.348	-0.349
7.5601	-0.349	-0.348
7.5602	-0.349	-0.348
7.5603	-0.348	-0.349
7.5604	-0.348	-0.349
7.5605	-0.348	-0.348
7.5606	-0.348	-0.348
7.5607	-0.349	-0.349
7.5608	-0.349	-0.349
7.5609	-0.349	-0.348
7.5610	-0.349	-0.348
7.5611	-0.348	-0.348
7.5612	-0.348	-0.348
7.5613	-0.348	-0.348
7.5614	-0.348	-0.348
7.5615	-0.348	-0.348
7.5616	-0.348	-0.348
7.5617	-0.348	-0.348
7.5618	-0.348	-0.348
7.5619	-0.348	-0.349
7.5620	-0.348	-0.349
7.5621	-0.348	-0.349
7.5622	-0.348	-0.349
7.5623	-0.348	-0.349
7.5624	-0.348	-0.349
7.5625	-0.348	-0.349
7.5626	-0.348	-0.349
7.5627	-0.348	-0.348
7.5628	-0.348	-0.348
7.5629	-0.348	-0.348
7.5630	-0.348	-0.348
7.5631	-0.348	-0.348
7.5632	-0.348	-0.348
7.5633	-0.348	-0.348
7.5634	-0.348	-0.348
7.5635	-0.348	-0.348
7.5636	-0.348	-0.348
7.5637	-0.349	-0.349
7.5638	-0.349	-0.349
7.5639	-0.348	-0.349
7.5640	-0.348	-0.349
7.5641	-0.349	-0.349
7.5642	-0.349	-0.349
7.5643	-0.349	-0.35
7.5644	-0.349	-0.35
7.5645	-0.348	-0.348
7.5646	-0.348	-0.348
7.5647	-0.349	-0.349
7.5648	-0.349	-0.349
7.5649	-0.349	-0.349
7.5650	-0.349	-0.349
7.5651	-0.348	-0.349
7.5652	-0.348	-0.349
7.5653	-0.349	-0.349
7.5654	-0.349	-0.349
7.5655	-0.348	-0.348
7.5656	-0.348	-0.348
7.5657	-0.349	-0.349
7.5658	-0.349	-0.349
7.5659	-0.348	-0.349
7.5660	-0.348	-0.349
7.5661	-0.349	-0.349
7.5662	-0.349	-0.349
7.5663	-0.348	-0.349
7.5664	-0.348	-0.349
7.5665	-0.348	-0.349
7.5666	-0.348	-0.349
7.5667	-0.348	-0.348
7.5668	-0.348	-0.348
7.5669	-0.348	-0.349
7.5670	-0.348	-0.349
7.5671	-0.348	-0.349
7.5672	-0.348	-0.349
7.5673	-0.348	-0.349
7.5674	-0.348	-0.349
7.5675	-0.348	-0.348
7.5676	-0.348	-0.348
7.5677	-0.348	-0.35
7.5678	-0.348	-0.35
7.5679	-0.349	-0.349
7.5680	-0.349	-0.349
7.5681	-0.349	-0.35
7.5682	-0.349	-0.35
7.5683	-0.349	-0.35
7.5684	-0.349	-0.35
7.5685	-0.348	-0.349
7.5686	-0.348	-0.349
7.5687	-0.348	-0.349
7.5688	-0.348	-0.349
7.5689	-0.348	-0.349
7.5690	-0.348	-0.349
7.5691	-0.349	-0.349
7.5692	-0.349	-0.349
7.5693	-0.348	-0.349
7.5694	-0.348	-0.349
7.5695	-0.349	-0.348
7.5696	-0.349	-0.348
7.5697	-0.348	-0.349
7.5698	-0.348	-0.349
7.5699	-0.348	-0.35
7.5700	-0.348	-0.35
7.5701	-0.348	-0.349
7.5702	-0.348	-0.349
7.5703	-0.348	-0.349
7.5704	-0.348	-0.349
7.5705	-0.348	-0.35
7.5706	-0.348	-0.35
7.5707	-0.348	-0.349
7.5708	-0.348	-0.349
7.5709	-0.348	-0.348
7.5710	-0.348	-0.348
7.5711	-0.348	-0.349
7.5712	-0.348	-0.349
7.5713	-0.348	-0.349
7.5714	-0.348	-0.349
7.5715	-0.348	-0.349
7.5716	-0.348	-0.349
7.5717	-0.348	-0.35
7.5718	-0.348	-0.35
7.5719	-0.349	-0.35
7.5720	-0.349	-0.35
7.5721	-0.348	-0.349
7.5722	-0.348	-0.349
7.5723	-0.348	-0.349
7.5724	-0.348	-0.349
7.5725	-0.349	-0.349
7.5726	-0.349	-0.349
7.5727	-0.348	-0.349
7.5728	-0.348	-0.349
7.5729	-0.348	-0.349
7.5730	-0.348	-0.349
7.5731	-0.348	-0.349
7.5732	-0.348	-0.349
7.5733	-0.348	-0.348
7.5734	-0.348	-0.348
7.5735	-0.348	-0.348
7.5736	-0.348	-0.348
7.5737	-0.348	-0.349
7.5738	-0.348	-0.349
7.5739	-0.348	-0.349
7.5740	-0.348	-0.349
7.5741	-0.348	-0.349
7.5742	-0.348	-0.349
7.5743	-0.348	-0.349
7.5744	-0.348	-0.349
7.5745	-0.349	-0.349
7.5746	-0.349	-0.349
7.5747	-0.348	-0.349
7.5748	-0.348	-0.349
7.5749	-0.348	-0.349
7.5750	-0.348	-0.349
7.5751	-0.349	-0.349
7.5752	-0.349	-0.349
7.5753	-0.348	-0.35
7.5754	-0.348	-0.35
7.5755	-0.348	-0.349
7.5756	-0.348	-0.349
7.5757	-0.349	-0.349
7.5758	-0.349	-0.349
7.5759	-0.348	-0.349
7.5760	-0.348	-0.349
7.5761	-0.348	-0.35
7.5762	-0.348	-0.35
7.5763	-0.348	-0.349
7.5764	-0.348	-0.349
7.5765	-0.348	-0.349
7.5766	-0.348	-0.349
7.5767	-0.348	-0.349
7.5768	-0.348	-0.349
7.5769	-0.348	-0.35
7.5770	-0.348	-0.35
7.5771	-0.348	-0.348
7.5772	-0.348	-0.348
7.5773	-0.348	-0.349
7.5774	-0.348	-0.349
7.5775	-0.348	-0.348
7.5776	-0.348	-0.348
7.5777	-0.348	-0.349
7.5778	-0.348	-0.349
7.5779	-0.348	-0.349
7.5780	-0.348	-0.349
7.5781	-0.348	-0.349
7.5782	-0.348	-0.349
7.5783	-0.348	-0.349
7.5784	-0.348	-0.349
7.5785	-0.348	-0.349
7.5786	-0.348	-0.349
7.5787	-0.349	-0.349
7.5788	-0.349	-0.349
7.5789	-0.348	-0.348
7.5790	-0.348	-0.348
7.5791	-0.348	-0.349
7.5792	-0.348	-0.349
7.5793	-0.348	-0.349
7.5794	-0.348	-0.349
7.5795	-0.348	-0.35
7.5796	-0.348	-0.35
7.5797	-0.348	-0.348
7.5798	-0.348	-0.348
7.5799	-0.348	-0.35
7.5800	-0.348	-0.35
7.5801	-0.348	-0.35
7.5802	-0.348	-0.35
7.5803	-0.349	-0.349
7.5804	-0.349	-0.349
7.5805	-0.348	-0.349
7.5806	-0.348	-0.349
7.5807	-0.348	-0.349
7.5808	-0.348	-0.349
7.5809	-0.348	-0.349
7.5810	-0.348	-0.349
7.5811	-0.348	-0.35
7.5812	-0.348	-0.35
7.5813	-0.348	-0.349
7.5814	-0.348	-0.349
7.5815	-0.348	-0.349
7.5816	-0.348	-0.349
7.5817	-0.348	-0.349
7.5818	-0.348	-0.349
7.5819	-0.348	-0.35
7.5820	-0.348	-0.35
7.5821	-0.348	-0.35
7.5822	-0.348	-0.35
7.5823	-0.348	-0.349
7.5824	-0.348	-0.349
7.5825	-0.348	-0.349
7.5826	-0.348	-0.349
7.5827	-0.348	-0.349
7.5828	-0.348	-0.349
7.5829	-0.348	-0.349
7.5830	-0.348	-0.349
7.5831	-0.348	-0.35
7.5832	-0.348	-0.35
7.5833	-0.348	-0.35
7.5834	-0.348	-0.35
7.5835	-0.348	-0.349
7.5836	-0.348	-0.349
7.5837	-0.348	-0.349
7.5838	-0.348	-0.349
7.5839	-0.348	-0.349
7.5840	-0.348	-0.349
7.5841	-0.348	-0.349
7.5842	-0.348	-0.349
7.5843	-0.348	-0.348
7.5844	-0.348	-0.348
7.5845	-0.348	-0.349
7.5846	-0.348	-0.349
7.5847	-0.348	-0.349
7.5848	-0.348	-0.349
7.5849	-0.348	-0.349
