6.332	0.054	0.380
6.332	0.054	0.380
6.332	0.054	0.380
6.332	0.054	0.380
6.332	0.054	0.380
6.332	0.058	0.380
6.333	0.058	0.380
6.333	0.058	0.380
6.333	0.058	0.380
6.333	0.058	0.380
6.333	0.058	0.380
6.333	0.056	0.380
6.333	0.056	0.380
6.333	0.058	0.380
6.333	0.058	0.380
6.333	0.054	0.380
6.334	0.054	0.380
6.334	0.058	0.381
6.334	0.058	0.381
6.334	0.054	0.380
6.334	0.054	0.380
6.334	0.054	0.380
6.334	0.054	0.380
6.334	0.058	0.380
6.334	0.058	0.380
6.334	0.054	0.380
6.335	0.054	0.380
6.335	0.056	0.380
6.335	0.056	0.380
6.335	0.058	0.380
6.335	0.058	0.380
6.335	0.054	0.380
6.335	0.054	0.380
6.335	0.054	0.381
6.335	0.054	0.381
6.335	0.054	0.381
6.336	0.054	0.381
6.336	0.054	0.380
6.336	0.054	0.380
6.336	0.054	0.380
6.336	0.054	0.380
6.336	0.056	0.380
6.336	0.056	0.380
6.336	0.056	0.380
6.336	0.056	0.380
6.336	0.054	0.380
6.337	0.054	0.380
6.337	0.054	0.380
6.337	0.054	0.380
6.337	0.054	0.380
6.337	0.054	0.380
6.337	0.052	0.380
6.337	0.052	0.380
6.337	0.058	0.380
6.337	0.058	0.380
6.337	0.054	0.380
6.338	0.054	0.380
6.338	0.054	0.380
6.338	0.054	0.380
6.338	0.056	0.380
6.338	0.056	0.380
6.338	0.058	0.380
6.338	0.058	0.380
6.338	0.054	0.380
6.338	0.054	0.380
6.338	0.056	0.380
6.339	0.056	0.380
6.339	0.054	0.380
6.339	0.054	0.380
6.339	0.054	0.380
6.339	0.054	0.380
6.339	0.054	0.380
6.339	0.054	0.380
6.339	0.054	0.380
6.339	0.054	0.380
6.339	0.054	0.380
6.340	0.054	0.380
6.340	0.054	0.380
6.340	0.054	0.380
6.340	0.054	0.380
6.340	0.054	0.380
6.340	0.054	0.380
6.340	0.054	0.380
6.340	0.054	0.380
6.340	0.054	0.380
6.340	0.054	0.380
6.341	0.054	0.380
6.341	0.058	0.380
6.341	0.058	0.380
6.341	0.054	0.380
6.341	0.054	0.380
6.341	0.058	0.380
6.341	0.058	0.380
6.341	0.056	0.380
6.341	0.056	0.380
6.341	0.054	0.380
6.342	0.054	0.380
6.342	0.054	0.380
6.342	0.054	0.380
6.342	0.054	0.380
6.342	0.054	0.380
6.342	0.054	0.380
6.342	0.054	0.380
6.342	0.054	0.380
6.342	0.054	0.380
6.342	0.054	0.380
6.343	0.054	0.380
6.343	0.054	0.380
6.343	0.054	0.380
6.343	0.056	0.380
6.343	0.056	0.380
6.343	0.054	0.380
6.343	0.054	0.380
6.343	0.054	0.380
6.343	0.054	0.380
6.343	0.056	0.380
6.344	0.056	0.380
6.344	0.058	0.380
6.344	0.058	0.380
6.344	0.054	0.380
6.344	0.054	0.380
6.344	0.054	0.380
6.344	0.054	0.380
6.344	0.054	0.380
6.344	0.054	0.380
6.344	0.054	0.380
6.345	0.054	0.380
6.345	0.054	0.380
6.345	0.054	0.380
6.345	0.052	0.380
6.345	0.052	0.380
6.345	0.054	0.380
6.345	0.054	0.380
6.345	0.058	0.380
6.345	0.058	0.380
6.345	0.054	0.380
6.346	0.054	0.380
6.346	0.054	0.380
6.346	0.054	0.380
6.346	0.056	0.380
6.346	0.056	0.380
6.346	0.056	0.380
6.346	0.056	0.380
6.346	0.052	0.380
6.346	0.052	0.380
6.346	0.056	0.380
6.347	0.056	0.380
6.347	0.056	0.380
6.347	0.056	0.380
6.347	0.054	0.380
6.347	0.054	0.380
6.347	0.056	0.380
6.347	0.056	0.380
6.347	0.054	0.380
6.347	0.054	0.380
6.347	0.054	0.380
6.348	0.054	0.380
6.348	0.054	0.380
6.348	0.054	0.380
6.348	0.056	0.380
6.348	0.056	0.380
6.348	0.054	0.380
6.348	0.054	0.380
6.348	0.052	0.380
6.348	0.052	0.380
6.348	0.056	0.380
6.349	0.056	0.380
6.349	0.054	0.380
6.349	0.054	0.380
6.349	0.054	0.380
6.349	0.054	0.380
6.349	0.058	0.380
6.349	0.058	0.380
6.349	0.054	0.380
6.349	0.054	0.380
6.349	0.054	0.380
6.350	0.054	0.380
6.350	0.054	0.380
6.350	0.054	0.380
6.350	0.054	0.380
6.350	0.054	0.380
6.350	0.058	0.380
6.350	0.058	0.380
6.350	0.056	0.380
6.350	0.056	0.380
6.350	0.054	0.380
6.351	0.054	0.380
6.351	0.054	0.380
6.351	0.054	0.380
6.351	0.052	0.380
6.351	0.052	0.380
6.351	0.054	0.379
6.351	0.054	0.379
6.351	0.054	0.380
6.351	0.054	0.380
6.351	0.054	0.380
6.352	0.054	0.380
6.352	0.054	0.380
6.352	0.054	0.380
6.352	0.054	0.380
6.352	0.054	0.380
6.352	0.054	0.380
6.352	0.054	0.380
6.352	0.052	0.380
6.352	0.052	0.380
6.352	0.054	0.380
6.353	0.054	0.380
6.353	0.054	0.379
6.353	0.054	0.379
6.353	0.056	0.380
6.353	0.056	0.380
6.353	0.054	0.380
6.353	0.054	0.380
6.353	0.054	0.380
6.353	0.054	0.380
6.353	0.054	0.380
6.354	0.054	0.380
6.354	0.056	0.380
6.354	0.056	0.380
6.354	0.052	0.380
6.354	0.052	0.380
6.354	0.056	0.380
6.354	0.056	0.380
6.354	0.054	0.380
6.354	0.054	0.380
6.354	0.054	0.379
6.355	0.054	0.379
6.355	0.052	0.379
6.355	0.052	0.379
6.355	0.052	0.379
6.355	0.052	0.379
6.355	0.052	0.380
6.355	0.052	0.380
6.355	0.054	0.379
6.355	0.054	0.379
6.355	0.054	0.380
6.356	0.054	0.380
6.356	0.052	0.380
6.356	0.052	0.380
6.356	0.054	0.380
6.356	0.054	0.380
6.356	0.052	0.380
6.356	0.052	0.380
6.356	0.054	0.380
6.356	0.054	0.380
6.356	0.052	0.380
6.357	0.052	0.380
6.357	0.056	0.380
6.357	0.056	0.380
6.357	0.052	0.380
6.357	0.052	0.380
6.357	0.052	0.380
6.357	0.052	0.380
6.357	0.054	0.380
6.357	0.054	0.380
6.357	0.054	0.379
6.358	0.054	0.379
6.358	0.052	0.380
6.358	0.052	0.380
6.358	0.054	0.380
6.358	0.054	0.380
6.358	0.052	0.379
6.358	0.052	0.379
6.358	0.052	0.379
6.358	0.052	0.379
6.358	0.054	0.380
6.359	0.054	0.380
6.359	0.052	0.380
6.359	0.052	0.380
6.359	0.056	0.380
6.359	0.056	0.380
6.359	0.050	0.380
6.359	0.050	0.380
6.359	0.052	0.380
6.359	0.052	0.380
6.359	0.052	0.379
6.360	0.052	0.379
6.360	0.054	0.380
6.360	0.054	0.380
6.360	0.054	0.380
6.360	0.054	0.380
6.360	0.052	0.380
6.360	0.052	0.380
6.360	0.052	0.380
6.360	0.052	0.380
6.360	0.054	0.379
6.361	0.054	0.379
6.361	0.052	0.379
6.361	0.052	0.379
6.361	0.052	0.379
6.361	0.052	0.379
6.361	0.054	0.379
6.361	0.054	0.379
6.361	0.054	0.380
6.361	0.054	0.380
6.361	0.054	0.379
6.362	0.054	0.379
6.362	0.054	0.379
6.362	0.054	0.379
6.362	0.054	0.380
6.362	0.054	0.380
6.362	0.058	0.380
6.362	0.058	0.380
6.362	0.054	0.380
6.362	0.054	0.380
6.362	0.054	0.380
6.363	0.054	0.380
6.363	0.050	0.380
6.363	0.050	0.380
6.363	0.052	0.379
6.363	0.052	0.379
6.363	0.054	0.379
6.363	0.054	0.379
6.363	0.052	0.380
6.363	0.052	0.380
6.363	0.052	0.379
6.364	0.052	0.379
6.364	0.054	0.379
6.364	0.054	0.379
6.364	0.052	0.380
6.364	0.052	0.380
6.364	0.054	0.379
6.364	0.054	0.379
6.364	0.054	0.379
6.364	0.054	0.379
6.364	0.054	0.379
6.365	0.054	0.379
6.365	0.054	0.380
6.365	0.054	0.380
6.365	0.054	0.379
6.365	0.054	0.379
6.365	0.054	0.379
6.365	0.054	0.379
6.365	0.054	0.379
6.365	0.054	0.379
6.365	0.054	0.380
6.366	0.054	0.380
6.366	0.054	0.380
6.366	0.054	0.380
6.366	0.054	0.379
6.366	0.054	0.379
6.366	0.054	0.379
6.366	0.054	0.379
6.366	0.052	0.380
6.366	0.052	0.380
6.366	0.054	0.379
6.367	0.054	0.379
6.367	0.052	0.379
6.367	0.052	0.379
6.367	0.054	0.379
6.367	0.054	0.379
6.367	0.054	0.380
6.367	0.054	0.380
6.367	0.054	0.380
6.367	0.054	0.380
6.367	0.054	0.379
6.368	0.054	0.379
6.368	0.054	0.379
6.368	0.054	0.379
6.368	0.054	0.380
6.368	0.054	0.380
6.368	0.052	0.379
6.368	0.052	0.379
6.368	0.052	0.379
6.368	0.052	0.379
6.368	0.052	0.379
6.369	0.052	0.379
6.369	0.054	0.379
6.369	0.054	0.379
6.369	0.052	0.379
6.369	0.052	0.379
6.369	0.054	0.379
6.369	0.054	0.379
6.369	0.054	0.379
6.369	0.054	0.379
6.369	0.052	0.379
6.370	0.052	0.379
6.370	0.052	0.379
6.370	0.052	0.379
6.370	0.054	0.379
6.370	0.054	0.379
6.370	0.052	0.379
6.370	0.052	0.379
6.370	0.056	0.379
6.370	0.056	0.379
6.370	0.052	0.380
6.371	0.052	0.380
6.371	0.054	0.379
6.371	0.054	0.379
6.371	0.052	0.379
6.371	0.052	0.379
6.371	0.054	0.379
6.371	0.054	0.379
6.371	0.054	0.379
6.371	0.054	0.379
6.371	0.052	0.379
6.372	0.052	0.379
6.372	0.052	0.378
6.372	0.052	0.378
6.372	0.052	0.378
6.372	0.052	0.378
6.372	0.052	0.379
6.372	0.052	0.379
6.372	0.054	0.379
6.372	0.054	0.379
6.372	0.054	0.379
6.373	0.054	0.379
6.373	0.052	0.380
6.373	0.052	0.380
6.373	0.052	0.379
6.373	0.052	0.379
6.373	0.052	0.379
6.373	0.052	0.379
6.373	0.052	0.379
6.373	0.052	0.379
6.373	0.054	0.379
6.374	0.054	0.379
6.374	0.052	0.379
6.374	0.052	0.379
6.374	0.054	0.379
6.374	0.054	0.379
6.374	0.054	0.379
6.374	0.054	0.379
6.374	0.052	0.379
6.374	0.052	0.379
6.374	0.054	0.379
6.375	0.054	0.379
6.375	0.052	0.378
6.375	0.052	0.378
6.375	0.052	0.379
6.375	0.052	0.379
6.375	0.054	0.378
6.375	0.054	0.378
6.375	0.052	0.379
6.375	0.052	0.379
6.375	0.052	0.379
6.376	0.052	0.379
6.376	0.054	0.378
6.376	0.054	0.378
6.376	0.052	0.379
6.376	0.052	0.379
6.376	0.052	0.379
6.376	0.052	0.379
6.376	0.054	0.379
6.376	0.054	0.379
6.376	0.052	0.379
6.377	0.052	0.379
6.377	0.052	0.378
6.377	0.052	0.378
6.377	0.052	0.379
6.377	0.052	0.379
6.377	0.052	0.379
6.377	0.052	0.379
6.377	0.054	0.379
6.377	0.054	0.379
6.377	0.052	0.379
6.378	0.052	0.379
6.378	0.054	0.378
6.378	0.054	0.378
6.378	0.054	0.378
6.378	0.054	0.378
6.378	0.052	0.378
6.378	0.052	0.378
6.378	0.052	0.379
6.378	0.052	0.379
6.378	0.052	0.379
6.379	0.052	0.379
6.379	0.052	0.378
6.379	0.052	0.378
6.379	0.052	0.379
6.379	0.052	0.379
6.379	0.054	0.379
6.379	0.054	0.379
6.379	0.052	0.379
6.379	0.052	0.379
6.379	0.052	0.378
6.380	0.052	0.378
6.380	0.050	0.378
6.380	0.050	0.378
6.380	0.052	0.378
6.380	0.052	0.378
6.380	0.054	0.378
6.380	0.054	0.378
6.380	0.054	0.379
6.380	0.054	0.379
6.380	0.050	0.378
6.381	0.050	0.378
6.381	0.052	0.378
6.381	0.052	0.378
6.381	0.052	0.378
6.381	0.052	0.378
6.381	0.054	0.378
6.381	0.054	0.378
6.381	0.052	0.378
6.381	0.052	0.378
6.381	0.054	0.378
6.382	0.054	0.378
6.382	0.050	0.378
6.382	0.050	0.378
6.382	0.052	0.378
6.382	0.052	0.378
6.382	0.052	0.378
6.382	0.052	0.378
6.382	0.050	0.378
6.382	0.050	0.378
6.382	0.052	0.379
6.383	0.052	0.379
6.383	0.052	0.378
6.383	0.052	0.378
6.383	0.052	0.379
6.383	0.052	0.379
6.383	0.052	0.378
6.383	0.052	0.378
6.383	0.054	0.378
6.383	0.054	0.378
6.383	0.052	0.379
6.384	0.052	0.379
6.384	0.052	0.378
6.384	0.052	0.378
6.384	0.052	0.378
6.384	0.052	0.378
6.384	0.054	0.377
6.384	0.054	0.377
6.384	0.052	0.378
6.384	0.052	0.378
6.384	0.052	0.377
6.385	0.052	0.377
6.385	0.052	0.378
6.385	0.052	0.378
6.385	0.052	0.377
6.385	0.052	0.377
6.385	0.050	0.377
6.385	0.050	0.377
6.385	0.052	0.377
6.385	0.052	0.377
6.385	0.052	0.378
6.386	0.052	0.378
6.386	0.052	0.378
6.386	0.052	0.378
6.386	0.050	0.378
6.386	0.050	0.378
6.386	0.050	0.378
6.386	0.050	0.378
6.386	0.054	0.377
6.386	0.054	0.377
6.386	0.050	0.377
6.387	0.050	0.377
6.387	0.052	0.378
6.387	0.052	0.378
6.387	0.052	0.378
6.387	0.052	0.378
6.387	0.054	0.377
6.387	0.054	0.377
6.387	0.050	0.377
6.387	0.050	0.377
6.387	0.052	0.377
6.388	0.052	0.377
6.388	0.052	0.377
6.388	0.052	0.377
6.388	0.054	0.377
6.388	0.054	0.377
6.388	0.052	0.377
6.388	0.052	0.377
6.388	0.050	0.377
6.388	0.050	0.377
6.388	0.050	0.378
6.389	0.050	0.378
6.389	0.054	0.377
6.389	0.054	0.377
6.389	0.052	0.377
6.389	0.052	0.377
6.389	0.052	0.377
6.389	0.052	0.377
6.389	0.052	0.377
6.389	0.052	0.377
6.389	0.052	0.377
6.390	0.052	0.377
6.390	0.050	0.377
6.390	0.050	0.377
6.390	0.052	0.377
6.390	0.052	0.377
6.390	0.052	0.377
6.390	0.052	0.377
6.390	0.054	0.377
6.390	0.054	0.377
6.390	0.052	0.378
6.391	0.052	0.378
6.391	0.052	0.377
6.391	0.052	0.377
6.391	0.054	0.377
6.391	0.054	0.377
6.391	0.052	0.376
6.391	0.052	0.376
6.391	0.052	0.377
6.391	0.052	0.377
6.391	0.052	0.377
6.392	0.052	0.377
6.392	0.052	0.376
6.392	0.052	0.376
6.392	0.050	0.377
6.392	0.050	0.377
6.392	0.052	0.378
6.392	0.052	0.378
6.392	0.052	0.376
6.392	0.052	0.376
6.392	0.052	0.377
6.393	0.052	0.377
6.393	0.052	0.376
6.393	0.052	0.376
6.393	0.052	0.377
6.393	0.052	0.377
6.393	0.052	0.377
6.393	0.052	0.377
6.393	0.054	0.377
6.393	0.054	0.377
6.393	0.050	0.377
6.394	0.050	0.377
6.394	0.052	0.376
6.394	0.052	0.376
6.394	0.050	0.376
6.394	0.050	0.376
6.394	0.052	0.376
6.394	0.052	0.376
6.394	0.050	0.377
6.394	0.050	0.377
6.394	0.054	0.377
6.395	0.054	0.377
6.395	0.052	0.376
6.395	0.052	0.376
6.395	0.050	0.376
6.395	0.050	0.376
6.395	0.050	0.376
6.395	0.050	0.376
6.395	0.050	0.376
6.395	0.050	0.376
6.395	0.050	0.376
6.396	0.050	0.376
6.396	0.054	0.376
6.396	0.054	0.376
6.396	0.052	0.376
6.396	0.052	0.376
6.396	0.050	0.377
6.396	0.050	0.377
6.396	0.050	0.376
6.396	0.050	0.376
6.396	0.050	0.376
6.397	0.050	0.376
6.397	0.052	0.376
6.397	0.052	0.376
6.397	0.050	0.376
6.397	0.050	0.376
6.397	0.050	0.376
6.397	0.050	0.376
6.397	0.052	0.376
6.397	0.052	0.376
6.397	0.052	0.377
6.398	0.052	0.377
6.398	0.052	0.376
6.398	0.052	0.376
6.398	0.050	0.376
6.398	0.050	0.376
6.398	0.052	0.376
6.398	0.052	0.376
6.398	0.052	0.376
6.398	0.052	0.376
6.398	0.052	0.376
6.399	0.052	0.376
6.399	0.052	0.376
6.399	0.052	0.376
6.399	0.052	0.376
6.399	0.052	0.376
6.399	0.052	0.376
6.399	0.052	0.376
6.399	0.052	0.376
6.399	0.052	0.376
6.399	0.052	0.376
6.400	0.052	0.376
6.400	0.052	0.376
6.400	0.052	0.376
6.400	0.054	0.376
6.400	0.054	0.376
6.400	0.050	0.376
6.400	0.050	0.376
6.400	0.050	0.376
6.400	0.050	0.376
6.400	0.050	0.376
6.401	0.050	0.376
6.401	0.052	0.376
6.401	0.052	0.376
6.401	0.052	0.376
6.401	0.052	0.376
6.401	0.050	0.376
6.401	0.050	0.376
6.401	0.052	0.376
6.401	0.052	0.376
6.401	0.054	0.376
6.402	0.054	0.376
6.402	0.052	0.376
6.402	0.052	0.376
6.402	0.052	0.376
6.402	0.052	0.376
6.402	0.052	0.376
6.402	0.052	0.376
6.402	0.050	0.376
6.402	0.050	0.376
6.402	0.052	0.376
6.403	0.052	0.376
6.403	0.052	0.376
6.403	0.052	0.376
6.403	0.050	0.376
6.403	0.050	0.376
6.403	0.050	0.376
6.403	0.050	0.376
6.403	0.052	0.376
6.403	0.052	0.376
6.403	0.050	0.376
6.404	0.050	0.376
6.404	0.050	0.375
6.404	0.050	0.375
6.404	0.050	0.376
6.404	0.050	0.376
6.404	0.050	0.375
6.404	0.050	0.375
6.404	0.050	0.376
6.404	0.050	0.376
6.404	0.050	0.376
6.405	0.050	0.376
6.405	0.052	0.376
6.405	0.052	0.376
6.405	0.052	0.375
6.405	0.052	0.375
6.405	0.050	0.375
6.405	0.050	0.375
6.405	0.050	0.375
6.405	0.050	0.375
6.405	0.050	0.375
6.406	0.050	0.375
6.406	0.052	0.374
6.406	0.052	0.374
6.406	0.050	0.376
6.406	0.050	0.376
6.406	0.052	0.374
6.406	0.052	0.374
6.406	0.052	0.376
6.406	0.052	0.376
6.406	0.050	0.374
6.407	0.050	0.374
6.407	0.050	0.376
6.407	0.050	0.376
6.407	0.050	0.375
6.407	0.050	0.375
6.407	0.050	0.375
6.407	0.050	0.375
6.407	0.050	0.375
6.407	0.050	0.375
6.407	0.050	0.376
6.408	0.050	0.376
6.408	0.052	0.375
6.408	0.052	0.375
6.408	0.050	0.374
6.408	0.050	0.374
6.408	0.050	0.375
6.408	0.050	0.375
6.408	0.052	0.375
6.408	0.052	0.375
6.408	0.050	0.374
6.409	0.050	0.374
6.409	0.050	0.374
6.409	0.050	0.374
6.409	0.050	0.375
6.409	0.050	0.375
6.409	0.050	0.374
6.409	0.050	0.374
6.409	0.050	0.374
6.409	0.050	0.374
6.409	0.050	0.374
6.410	0.050	0.374
6.410	0.052	0.374
6.410	0.052	0.374
6.410	0.052	0.376
6.410	0.052	0.376
6.410	0.050	0.373
6.410	0.050	0.373
6.410	0.050	0.374
6.410	0.050	0.374
6.410	0.048	0.374
6.411	0.048	0.374
6.411	0.050	0.374
6.411	0.050	0.374
6.411	0.050	0.373
6.411	0.050	0.373
6.411	0.050	0.373
6.411	0.050	0.373
6.411	0.050	0.374
6.411	0.050	0.374
6.411	0.052	0.374
6.412	0.052	0.374
6.412	0.050	0.373
6.412	0.050	0.373
6.412	0.050	0.374
6.412	0.050	0.374
6.412	0.050	0.374
6.412	0.050	0.374
6.412	0.052	0.373
6.412	0.052	0.373
6.412	0.050	0.374
6.413	0.050	0.374
6.413	0.052	0.373
6.413	0.052	0.373
6.413	0.050	0.373
6.413	0.050	0.373
6.413	0.050	0.373
6.413	0.050	0.373
6.413	0.050	0.374
6.413	0.050	0.374
6.413	0.048	0.374
6.414	0.048	0.374
6.414	0.052	0.373
6.414	0.052	0.373
6.414	0.050	0.373
6.414	0.050	0.373
6.414	0.050	0.375
6.414	0.050	0.375
6.414	0.052	0.374
6.414	0.052	0.374
6.414	0.050	0.373
6.415	0.050	0.373
6.415	0.050	0.373
6.415	0.050	0.373
6.415	0.050	0.373
6.415	0.050	0.373
6.415	0.050	0.373
6.415	0.050	0.373
6.415	0.052	0.373
6.415	0.052	0.373
6.415	0.050	0.373
6.416	0.050	0.373
6.416	0.050	0.373
6.416	0.050	0.373
6.416	0.050	0.374
6.416	0.050	0.374
6.416	0.050	0.373
6.416	0.050	0.373
6.416	0.050	0.373
6.416	0.050	0.373
6.416	0.050	0.373
6.417	0.050	0.373
6.417	0.050	0.372
6.417	0.050	0.372
6.417	0.050	0.373
6.417	0.050	0.373
6.417	0.050	0.373
6.417	0.050	0.373
6.417	0.050	0.372
6.417	0.050	0.372
6.417	0.050	0.372
6.418	0.050	0.372
6.418	0.050	0.372
6.418	0.050	0.372
6.418	0.050	0.373
6.418	0.050	0.373
6.418	0.048	0.373
6.418	0.048	0.373
6.418	0.052	0.372
6.418	0.052	0.372
6.418	0.050	0.372
6.419	0.050	0.372
6.419	0.052	0.373
6.419	0.052	0.373
6.419	0.048	0.372
6.419	0.048	0.372
6.419	0.050	0.373
6.419	0.050	0.373
6.419	0.050	0.373
6.419	0.050	0.373
6.419	0.050	0.373
6.420	0.050	0.373
6.420	0.050	0.372
6.420	0.050	0.372
6.420	0.052	0.372
6.420	0.052	0.372
6.420	0.050	0.372
6.420	0.050	0.372
6.420	0.052	0.372
6.420	0.052	0.372
6.420	0.050	0.372
6.421	0.050	0.372
6.421	0.050	0.372
6.421	0.050	0.372
6.421	0.050	0.372
6.421	0.050	0.372
6.421	0.050	0.372
6.421	0.050	0.372
6.421	0.050	0.372
6.421	0.050	0.372
6.421	0.050	0.372
6.422	0.050	0.372
6.422	0.048	0.372
6.422	0.048	0.372
6.422	0.052	0.372
6.422	0.052	0.372
6.422	0.050	0.372
6.422	0.050	0.372
6.422	0.050	0.372
6.422	0.050	0.372
6.422	0.050	0.372
6.423	0.050	0.372
6.423	0.050	0.372
6.423	0.050	0.372
6.423	0.050	0.372
6.423	0.050	0.372
6.423	0.050	0.372
6.423	0.050	0.372
6.423	0.050	0.372
6.423	0.050	0.372
6.423	0.050	0.372
6.424	0.050	0.372
6.424	0.050	0.372
6.424	0.050	0.372
6.424	0.048	0.372
6.424	0.048	0.372
6.424	0.050	0.372
6.424	0.050	0.372
6.424	0.050	0.372
6.424	0.050	0.372
6.424	0.046	0.370
6.425	0.046	0.370
6.425	0.052	0.372
6.425	0.052	0.372
6.425	0.050	0.371
6.425	0.050	0.371
6.425	0.050	0.371
6.425	0.050	0.371
6.425	0.050	0.370
6.425	0.050	0.370
6.425	0.050	0.371
6.426	0.050	0.371
6.426	0.048	0.371
6.426	0.048	0.371
6.426	0.050	0.370
6.426	0.050	0.370
6.426	0.048	0.371
6.426	0.048	0.371
6.426	0.050	0.371
6.426	0.050	0.371
6.426	0.050	0.371
6.427	0.050	0.371
6.427	0.050	0.371
6.427	0.050	0.371
6.427	0.050	0.371
6.427	0.050	0.371
6.427	0.050	0.371
6.427	0.050	0.371
6.427	0.050	0.370
6.427	0.050	0.370
6.427	0.050	0.370
6.428	0.050	0.370
6.428	0.048	0.370
6.428	0.048	0.370
6.428	0.050	0.370
6.428	0.050	0.370
6.428	0.050	0.370
6.428	0.050	0.370
6.428	0.048	0.369
6.428	0.048	0.369
6.428	0.050	0.370
6.429	0.050	0.370
6.429	0.050	0.370
6.429	0.050	0.370
6.429	0.050	0.370
6.429	0.050	0.370
6.429	0.048	0.370
6.429	0.048	0.370
6.429	0.048	0.370
6.429	0.048	0.370
6.429	0.052	0.370
6.430	0.052	0.370
6.430	0.050	0.370
6.430	0.050	0.370
6.430	0.050	0.370
6.430	0.050	0.370
6.430	0.050	0.370
6.430	0.050	0.370
6.430	0.050	0.370
6.430	0.050	0.370
6.430	0.050	0.369
6.431	0.050	0.369
6.431	0.050	0.370
6.431	0.050	0.370
6.431	0.048	0.369
6.431	0.048	0.369
6.431	0.050	0.370
6.431	0.050	0.370
6.431	0.050	0.370
6.431	0.050	0.370
6.431	0.050	0.369
6.432	0.050	0.369
6.432	0.048	0.369
6.432	0.048	0.369
6.432	0.050	0.369
6.432	0.050	0.369
6.432	0.048	0.369
6.432	0.048	0.369
6.432	0.050	0.369
6.432	0.050	0.369
6.432	0.050	0.369
6.433	0.050	0.369
6.433	0.048	0.368
6.433	0.048	0.368
6.433	0.050	0.369
6.433	0.050	0.369
6.433	0.050	0.368
6.433	0.050	0.368
6.433	0.050	0.368
6.433	0.050	0.368
6.433	0.050	0.369
6.434	0.050	0.369
6.434	0.048	0.369
6.434	0.048	0.369
6.434	0.050	0.369
6.434	0.050	0.369
6.434	0.050	0.369
6.434	0.050	0.369
6.434	0.050	0.368
6.434	0.050	0.368
6.434	0.050	0.368
6.435	0.050	0.368
6.435	0.048	0.369
6.435	0.048	0.369
6.435	0.048	0.369
6.435	0.048	0.369
6.435	0.048	0.368
6.435	0.048	0.368
6.435	0.050	0.368
6.435	0.050	0.368
6.435	0.052	0.368
6.436	0.052	0.368
6.436	0.052	0.368
6.436	0.052	0.368
6.436	0.048	0.368
6.436	0.048	0.368
6.436	0.048	0.368
6.436	0.048	0.368
6.436	0.048	0.368
6.436	0.048	0.368
6.436	0.050	0.368
6.437	0.050	0.368
6.437	0.050	0.368
6.437	0.050	0.368
6.437	0.052	0.368
6.437	0.052	0.368
6.437	0.050	0.368
6.437	0.050	0.368
6.437	0.048	0.367
6.437	0.048	0.367
6.437	0.050	0.367
6.438	0.050	0.367
6.438	0.048	0.367
6.438	0.048	0.367
6.438	0.050	0.367
6.438	0.050	0.367
6.438	0.050	0.367
6.438	0.050	0.367
6.438	0.046	0.367
6.438	0.046	0.367
6.438	0.048	0.366
6.439	0.048	0.366
6.439	0.050	0.366
6.439	0.050	0.366
6.439	0.046	0.368
6.439	0.046	0.368
6.439	0.050	0.366
6.439	0.050	0.366
6.439	0.050	0.367
6.439	0.050	0.367
6.439	0.050	0.366
6.440	0.050	0.366
6.440	0.048	0.367
6.440	0.048	0.367
6.440	0.048	0.366
6.440	0.048	0.366
6.440	0.050	0.367
6.440	0.050	0.367
6.440	0.050	0.366
6.440	0.050	0.366
6.440	0.050	0.366
6.441	0.050	0.366
6.441	0.050	0.366
6.441	0.050	0.366
6.441	0.048	0.366
6.441	0.048	0.366
6.441	0.050	0.366
6.441	0.050	0.366
6.441	0.050	0.366
6.441	0.050	0.366
6.441	0.048	0.366
6.442	0.048	0.366
6.442	0.050	0.366
6.442	0.050	0.366
6.442	0.048	0.365
6.442	0.048	0.365
6.442	0.046	0.365
6.442	0.046	0.365
6.442	0.050	0.365
6.442	0.050	0.365
6.442	0.050	0.365
6.443	0.050	0.365
6.443	0.048	0.365
6.443	0.048	0.365
6.443	0.050	0.365
6.443	0.050	0.365
6.443	0.050	0.364
6.443	0.050	0.364
6.443	0.048	0.366
6.443	0.048	0.366
6.443	0.048	0.365
6.444	0.048	0.365
6.444	0.048	0.364
6.444	0.048	0.364
6.444	0.046	0.365
6.444	0.046	0.365
6.444	0.050	0.365
6.444	0.050	0.365
6.444	0.048	0.364
6.444	0.048	0.364
6.444	0.050	0.364
6.445	0.050	0.364
6.445	0.050	0.364
6.445	0.050	0.364
6.445	0.048	0.364
6.445	0.048	0.364
6.445	0.050	0.364
6.445	0.050	0.364
6.445	0.046	0.364
6.445	0.046	0.364
6.445	0.050	0.364
6.446	0.050	0.364
6.446	0.050	0.364
6.446	0.050	0.364
6.446	0.050	0.364
6.446	0.050	0.364
6.446	0.050	0.364
6.446	0.050	0.364
6.446	0.048	0.364
6.446	0.048	0.364
6.446	0.050	0.364
6.447	0.050	0.364
6.447	0.048	0.364
6.447	0.048	0.364
6.447	0.048	0.364
6.447	0.048	0.364
6.447	0.048	0.364
6.447	0.048	0.364
6.447	0.050	0.364
6.447	0.050	0.364
6.447	0.048	0.364
6.448	0.048	0.364
6.448	0.046	0.363
6.448	0.046	0.363
6.448	0.046	0.364
6.448	0.046	0.364
6.448	0.048	0.364
6.448	0.048	0.364
6.448	0.046	0.363
6.448	0.046	0.363
6.448	0.048	0.364
6.449	0.048	0.364
6.449	0.050	0.363
6.449	0.050	0.363
6.449	0.048	0.363
6.449	0.048	0.363
6.449	0.046	0.363
6.449	0.046	0.363
6.449	0.048	0.364
6.449	0.048	0.364
6.449	0.048	0.362
6.450	0.048	0.362
6.450	0.050	0.363
6.450	0.050	0.363
6.450	0.046	0.361
6.450	0.046	0.361
6.450	0.048	0.362
6.450	0.048	0.362
6.450	0.048	0.362
6.450	0.048	0.362
6.450	0.046	0.363
6.451	0.046	0.363
6.451	0.048	0.363
6.451	0.048	0.363
6.451	0.050	0.362
6.451	0.050	0.362
6.451	0.048	0.361
6.451	0.048	0.361
6.451	0.048	0.362
6.451	0.048	0.362
6.451	0.048	0.361
6.452	0.048	0.361
6.452	0.050	0.362
6.452	0.050	0.362
6.452	0.050	0.361
6.452	0.050	0.361
6.452	0.046	0.361
6.452	0.046	0.361
6.452	0.048	0.361
6.452	0.048	0.361
6.452	0.050	0.362
6.453	0.050	0.362
6.453	0.048	0.360
6.453	0.048	0.360
6.453	0.050	0.362
6.453	0.050	0.362
6.453	0.048	0.361
6.453	0.048	0.361
6.453	0.048	0.361
6.453	0.048	0.361
6.453	0.050	0.361
6.454	0.050	0.361
6.454	0.046	0.361
6.454	0.046	0.361
6.454	0.046	0.361
6.454	0.046	0.361
6.454	0.050	0.360
6.454	0.050	0.360
6.454	0.050	0.360
6.454	0.050	0.360
6.454	0.048	0.360
6.455	0.048	0.360
6.455	0.050	0.360
6.455	0.050	0.360
6.455	0.046	0.360
6.455	0.046	0.360
6.455	0.046	0.360
6.455	0.046	0.360
6.455	0.046	0.360
6.455	0.046	0.360
6.455	0.050	0.360
6.456	0.050	0.360
6.456	0.048	0.360
6.456	0.048	0.360
6.456	0.046	0.359
6.456	0.046	0.359
6.456	0.050	0.359
6.456	0.050	0.359
6.456	0.048	0.359
6.456	0.048	0.359
6.456	0.046	0.358
6.457	0.046	0.358
6.457	0.048	0.359
6.457	0.048	0.359
6.457	0.050	0.359
6.457	0.050	0.359
6.457	0.048	0.358
6.457	0.048	0.358
6.457	0.048	0.358
6.457	0.048	0.358
6.457	0.048	0.358
6.458	0.048	0.358
6.458	0.048	0.358
6.458	0.048	0.358
6.458	0.046	0.359
6.458	0.046	0.359
6.458	0.046	0.358
6.458	0.046	0.358
6.458	0.050	0.357
6.458	0.050	0.357
6.458	0.046	0.358
6.459	0.046	0.358
6.459	0.048	0.357
6.459	0.048	0.357
6.459	0.048	0.358
6.459	0.048	0.358
6.459	0.048	0.357
6.459	0.048	0.357
6.459	0.046	0.357
6.459	0.046	0.357
6.459	0.046	0.357
6.460	0.046	0.357
6.460	0.048	0.357
6.460	0.048	0.357
6.460	0.048	0.356
6.460	0.048	0.356
6.460	0.048	0.357
6.460	0.048	0.357
6.460	0.046	0.357
6.460	0.046	0.357
6.460	0.048	0.357
6.461	0.048	0.357
6.461	0.046	0.357
6.461	0.046	0.357
6.461	0.048	0.356
6.461	0.048	0.356
6.461	0.048	0.356
6.461	0.048	0.356
6.461	0.046	0.356
6.461	0.046	0.356
6.461	0.046	0.356
6.462	0.046	0.356
6.462	0.048	0.356
6.462	0.048	0.356
6.462	0.048	0.356
6.462	0.048	0.356
6.462	0.048	0.356
6.462	0.048	0.356
6.462	0.046	0.356
6.462	0.046	0.356
6.462	0.048	0.356
6.463	0.048	0.356
6.463	0.046	0.356
6.463	0.046	0.356
6.463	0.048	0.356
6.463	0.048	0.356
6.463	0.046	0.356
6.463	0.046	0.356
6.463	0.046	0.356
6.463	0.046	0.356
6.463	0.050	0.356
6.464	0.050	0.356
6.464	0.048	0.356
6.464	0.048	0.356
6.464	0.046	0.356
6.464	0.046	0.356
6.464	0.046	0.356
6.464	0.046	0.356
6.464	0.050	0.355
6.464	0.050	0.355
6.464	0.050	0.355
6.465	0.050	0.355
6.465	0.048	0.355
6.465	0.048	0.355
6.465	0.048	0.355
6.465	0.048	0.355
6.465	0.046	0.355
6.465	0.046	0.355
6.465	0.048	0.355
6.465	0.048	0.355
6.465	0.046	0.354
6.466	0.046	0.354
6.466	0.048	0.354
6.466	0.048	0.354
6.466	0.046	0.354
6.466	0.046	0.354
6.466	0.048	0.354
6.466	0.048	0.354
6.466	0.048	0.354
6.466	0.048	0.354
6.466	0.048	0.355
6.467	0.048	0.355
6.467	0.048	0.354
6.467	0.048	0.354
6.467	0.044	0.352
6.467	0.044	0.352
6.467	0.046	0.353
6.467	0.046	0.353
6.467	0.046	0.353
6.467	0.046	0.353
6.467	0.048	0.353
6.468	0.048	0.353
6.468	0.048	0.354
6.468	0.048	0.354
6.468	0.046	0.353
6.468	0.046	0.353
6.468	0.046	0.352
6.468	0.046	0.352
6.468	0.044	0.353
6.468	0.044	0.353
6.468	0.046	0.352
6.469	0.046	0.352
6.469	0.046	0.352
6.469	0.046	0.352
6.469	0.046	0.352
6.469	0.046	0.352
6.469	0.046	0.352
6.469	0.046	0.352
6.469	0.046	0.352
6.469	0.046	0.352
6.469	0.046	0.352
6.470	0.046	0.352
6.470	0.046	0.352
6.470	0.046	0.352
6.470	0.048	0.352
6.470	0.048	0.352
6.470	0.046	0.352
6.470	0.046	0.352
6.470	0.046	0.352
6.470	0.046	0.352
6.470	0.046	0.351
6.471	0.046	0.351
6.471	0.046	0.352
6.471	0.046	0.352
6.471	0.046	0.351
6.471	0.046	0.351
6.471	0.048	0.351
6.471	0.048	0.351
6.471	0.046	0.351
6.471	0.046	0.351
6.471	0.046	0.351
6.472	0.046	0.351
6.472	0.046	0.351
6.472	0.046	0.351
6.472	0.046	0.350
6.472	0.046	0.350
6.472	0.046	0.349
6.472	0.046	0.349
6.472	0.048	0.350
6.472	0.048	0.350
6.472	0.046	0.350
6.473	0.046	0.350
6.473	0.048	0.350
6.473	0.048	0.350
6.473	0.046	0.350
6.473	0.046	0.350
6.473	0.046	0.348
6.473	0.046	0.348
6.473	0.048	0.349
6.473	0.048	0.349
6.473	0.044	0.349
6.474	0.044	0.349
6.474	0.044	0.348
6.474	0.044	0.348
6.474	0.046	0.348
6.474	0.046	0.348
6.474	0.046	0.349
6.474	0.046	0.349
6.474	0.046	0.349
6.474	0.046	0.349
6.474	0.046	0.348
6.475	0.046	0.348
6.475	0.046	0.348
6.475	0.046	0.348
6.475	0.048	0.348
6.475	0.048	0.348
6.475	0.048	0.348
6.475	0.048	0.348
6.475	0.046	0.348
6.475	0.046	0.348
6.475	0.046	0.348
6.476	0.046	0.348
6.476	0.044	0.348
6.476	0.044	0.348
6.476	0.044	0.348
6.476	0.044	0.348
6.476	0.046	0.348
6.476	0.046	0.348
6.476	0.048	0.347
6.476	0.048	0.347
6.476	0.046	0.347
6.477	0.046	0.347
6.477	0.048	0.348
6.477	0.048	0.348
6.477	0.046	0.348
6.477	0.046	0.348
6.477	0.046	0.347
6.477	0.046	0.347
6.477	0.044	0.346
6.477	0.044	0.346
6.477	0.046	0.346
6.478	0.046	0.346
6.478	0.046	0.346
6.478	0.046	0.346
6.478	0.046	0.346
6.478	0.046	0.346
6.478	0.046	0.345
6.478	0.046	0.345
6.478	0.044	0.346
6.478	0.044	0.346
6.478	0.044	0.346
6.479	0.044	0.346
6.479	0.046	0.345
6.479	0.046	0.345
6.479	0.046	0.345
6.479	0.046	0.345
6.479	0.048	0.344
6.479	0.048	0.344
6.479	0.048	0.345
6.479	0.048	0.345
6.479	0.046	0.345
6.480	0.046	0.345
6.480	0.046	0.344
6.480	0.046	0.344
6.480	0.046	0.344
6.480	0.046	0.344
6.480	0.044	0.345
6.480	0.044	0.345
6.480	0.044	0.344
6.480	0.044	0.344
6.480	0.048	0.344
6.481	0.048	0.344
6.481	0.046	0.344
6.481	0.046	0.344
6.481	0.048	0.344
6.481	0.048	0.344
6.481	0.046	0.344
6.481	0.046	0.344
6.481	0.044	0.344
6.481	0.044	0.344
6.481	0.044	0.344
6.482	0.044	0.344
6.482	0.046	0.344
6.482	0.046	0.344
6.482	0.044	0.344
6.482	0.044	0.344
6.482	0.048	0.344
6.482	0.048	0.344
6.482	0.048	0.344
6.482	0.048	0.344
6.482	0.046	0.344
6.483	0.046	0.344
6.483	0.044	0.344
6.483	0.044	0.344
6.483	0.046	0.343
6.483	0.046	0.343
6.483	0.046	0.344
6.483	0.046	0.344
6.483	0.046	0.343
6.483	0.046	0.343
6.483	0.046	0.343
6.484	0.046	0.343
6.484	0.048	0.343
6.484	0.048	0.343
6.484	0.046	0.343
6.484	0.046	0.343
6.484	0.046	0.342
6.484	0.046	0.342
6.484	0.048	0.343
6.484	0.048	0.343
6.484	0.044	0.342
6.485	0.044	0.342
6.485	0.044	0.343
6.485	0.044	0.343
6.485	0.044	0.342
6.485	0.044	0.342
6.485	0.046	0.342
6.485	0.046	0.342
6.485	0.044	0.341
6.485	0.044	0.341
6.485	0.046	0.341
6.486	0.046	0.341
6.486	0.046	0.342
6.486	0.046	0.342
6.486	0.044	0.341
6.486	0.044	0.341
6.486	0.044	0.341
6.486	0.044	0.341
6.486	0.044	0.341
6.486	0.044	0.341
6.486	0.044	0.342
6.487	0.044	0.342
6.487	0.044	0.341
6.487	0.044	0.341
6.487	0.046	0.341
6.487	0.046	0.341
6.487	0.046	0.340
6.487	0.046	0.340
6.487	0.044	0.340
6.487	0.044	0.340
6.487	0.046	0.340
6.488	0.046	0.340
6.488	0.044	0.340
6.488	0.044	0.340
6.488	0.046	0.340
6.488	0.046	0.340
6.488	0.046	0.339
6.488	0.046	0.339
6.488	0.044	0.340
6.488	0.044	0.340
6.488	0.046	0.339
6.489	0.046	0.339
6.489	0.044	0.340
6.489	0.044	0.340
6.489	0.044	0.338
6.489	0.044	0.338
6.489	0.046	0.339
6.489	0.046	0.339
6.489	0.046	0.339
6.489	0.046	0.339
6.489	0.046	0.339
6.490	0.046	0.339
6.490	0.046	0.338
6.490	0.046	0.338
6.490	0.046	0.338
6.490	0.046	0.338
6.490	0.048	0.339
6.490	0.048	0.339
6.490	0.046	0.338
6.490	0.046	0.338
6.490	0.046	0.338
6.491	0.046	0.338
6.491	0.048	0.338
6.491	0.048	0.338
6.491	0.044	0.337
6.491	0.044	0.337
6.491	0.046	0.337
6.491	0.046	0.337
6.491	0.044	0.336
6.491	0.044	0.336
6.491	0.046	0.336
6.492	0.046	0.336
6.492	0.046	0.337
6.492	0.046	0.337
6.492	0.046	0.336
6.492	0.046	0.336
6.492	0.044	0.336
6.492	0.044	0.336
6.492	0.046	0.336
6.492	0.046	0.336
6.492	0.046	0.336
6.493	0.046	0.336
6.493	0.046	0.336
6.493	0.046	0.336
6.493	0.046	0.335
6.493	0.046	0.335
6.493	0.044	0.335
6.493	0.044	0.335
6.493	0.046	0.336
6.493	0.046	0.336
6.493	0.046	0.336
6.494	0.046	0.336
6.494	0.044	0.335
6.494	0.044	0.335
6.494	0.044	0.335
6.494	0.044	0.335
6.494	0.044	0.335
6.494	0.044	0.335
6.494	0.044	0.335
6.494	0.044	0.335
6.494	0.046	0.335
6.495	0.046	0.335
6.495	0.046	0.334
6.495	0.046	0.334
6.495	0.046	0.334
6.495	0.046	0.334
6.495	0.044	0.334
6.495	0.044	0.334
6.495	0.044	0.334
6.495	0.044	0.334
6.495	0.044	0.334
6.496	0.044	0.334
6.496	0.046	0.333
6.496	0.046	0.333
6.496	0.044	0.333
6.496	0.044	0.333
6.496	0.042	0.333
6.496	0.042	0.333
6.496	0.044	0.334
6.496	0.044	0.334
6.496	0.044	0.334
6.497	0.044	0.334
6.497	0.046	0.333
6.497	0.046	0.333
6.497	0.044	0.332
6.497	0.044	0.332
6.497	0.046	0.334
6.497	0.046	0.334
6.497	0.046	0.333
6.497	0.046	0.333
6.497	0.044	0.333
6.498	0.044	0.333
6.498	0.044	0.332
6.498	0.044	0.332
6.498	0.044	0.332
6.498	0.044	0.332
6.498	0.046	0.332
6.498	0.046	0.332
6.498	0.044	0.332
6.498	0.044	0.332
6.498	0.046	0.332
6.499	0.046	0.332
6.499	0.044	0.332
6.499	0.044	0.332
6.499	0.046	0.332
6.499	0.046	0.332
6.499	0.046	0.332
6.499	0.046	0.332
6.499	0.046	0.332
6.499	0.046	0.332
6.499	0.046	0.332
6.500	0.046	0.332
6.500	0.044	0.332
6.500	0.044	0.332
6.500	0.044	0.331
6.500	0.044	0.331
6.500	0.046	0.332
6.500	0.046	0.332
6.500	0.044	0.331
6.500	0.044	0.331
6.500	0.044	0.331
6.501	0.044	0.331
6.501	0.044	0.331
6.501	0.044	0.331
6.501	0.044	0.331
6.501	0.044	0.331
6.501	0.044	0.330
6.501	0.044	0.330
6.501	0.046	0.331
6.501	0.046	0.331
6.501	0.044	0.331
6.502	0.044	0.331
6.502	0.044	0.330
6.502	0.044	0.330
6.502	0.046	0.330
6.502	0.046	0.330
6.502	0.044	0.330
6.502	0.044	0.330
6.502	0.046	0.329
6.502	0.046	0.329
6.502	0.046	0.330
6.503	0.046	0.330
6.503	0.046	0.328
6.503	0.046	0.328
6.503	0.044	0.329
6.503	0.044	0.329
6.503	0.046	0.328
6.503	0.046	0.328
6.503	0.044	0.329
6.503	0.044	0.329
6.503	0.044	0.328
6.504	0.044	0.328
6.504	0.042	0.328
6.504	0.042	0.328
6.504	0.044	0.328
6.504	0.044	0.328
6.504	0.044	0.328
6.504	0.044	0.328
6.504	0.046	0.328
6.504	0.046	0.328
6.504	0.044	0.328
6.505	0.044	0.328
6.505	0.044	0.328
6.505	0.044	0.328
6.505	0.044	0.328
6.505	0.044	0.328
6.505	0.044	0.327
6.505	0.044	0.327
6.505	0.044	0.327
6.505	0.044	0.327
6.505	0.044	0.327
6.506	0.044	0.327
6.506	0.042	0.327
6.506	0.042	0.327
6.506	0.044	0.326
6.506	0.044	0.326
6.506	0.046	0.325
6.506	0.046	0.325
6.506	0.044	0.325
6.506	0.044	0.325
6.506	0.044	0.326
6.507	0.044	0.326
6.507	0.046	0.325
6.507	0.046	0.325
6.507	0.046	0.325
6.507	0.046	0.325
6.507	0.044	0.324
6.507	0.044	0.324
6.507	0.046	0.325
6.507	0.046	0.325
6.507	0.044	0.325
6.508	0.044	0.325
6.508	0.044	0.325
6.508	0.044	0.325
6.508	0.042	0.325
6.508	0.042	0.325
6.508	0.042	0.324
6.508	0.042	0.324
6.508	0.044	0.324
6.508	0.044	0.324
6.508	0.044	0.324
6.509	0.044	0.324
6.509	0.044	0.324
6.509	0.044	0.324
6.509	0.044	0.323
6.509	0.044	0.323
6.509	0.044	0.323
6.509	0.044	0.323
6.509	0.042	0.324
6.509	0.042	0.324
6.509	0.044	0.323
6.510	0.044	0.323
6.510	0.044	0.323
6.510	0.044	0.323
6.510	0.044	0.323
6.510	0.044	0.323
6.510	0.042	0.323
6.510	0.042	0.323
6.510	0.042	0.322
6.510	0.042	0.322
6.510	0.042	0.322
6.511	0.042	0.322
6.511	0.044	0.322
6.511	0.044	0.322
6.511	0.042	0.322
6.511	0.042	0.322
6.511	0.046	0.321
6.511	0.046	0.321
6.511	0.044	0.321
6.511	0.044	0.321
6.511	0.044	0.321
6.512	0.044	0.321
6.512	0.044	0.322
6.512	0.044	0.322
6.512	0.042	0.321
6.512	0.042	0.321
6.512	0.042	0.321
6.512	0.042	0.321
6.512	0.044	0.321
6.512	0.044	0.321
6.512	0.042	0.322
6.513	0.042	0.322
6.513	0.044	0.320
6.513	0.044	0.320
6.513	0.044	0.320
6.513	0.044	0.320
6.513	0.042	0.320
6.513	0.042	0.320
6.513	0.044	0.320
6.513	0.044	0.320
6.513	0.042	0.320
6.514	0.042	0.320
6.514	0.044	0.321
6.514	0.044	0.321
6.514	0.044	0.320
6.514	0.044	0.320
6.514	0.044	0.320
6.514	0.044	0.320
6.514	0.044	0.320
6.514	0.044	0.320
6.514	0.044	0.320
6.515	0.044	0.320
6.515	0.044	0.320
6.515	0.044	0.320
6.515	0.044	0.320
6.515	0.044	0.320
6.515	0.042	0.320
6.515	0.042	0.320
6.515	0.044	0.320
6.515	0.044	0.320
6.515	0.042	0.319
6.516	0.042	0.319
6.516	0.044	0.320
6.516	0.044	0.320
6.516	0.044	0.319
6.516	0.044	0.319
6.516	0.042	0.319
6.516	0.042	0.319
6.516	0.044	0.320
6.516	0.044	0.320
6.516	0.042	0.319
6.517	0.042	0.319
6.517	0.042	0.319
6.517	0.042	0.319
6.517	0.044	0.318
6.517	0.044	0.318
6.517	0.044	0.318
6.517	0.044	0.318
6.517	0.042	0.318
6.517	0.042	0.318
6.517	0.044	0.318
6.518	0.044	0.318
6.518	0.044	0.318
6.518	0.044	0.318
6.518	0.044	0.318
6.518	0.044	0.318
6.518	0.044	0.318
6.518	0.044	0.318
6.518	0.042	0.318
6.518	0.042	0.318
6.518	0.044	0.317
6.519	0.044	0.317
6.519	0.042	0.317
6.519	0.042	0.317
6.519	0.042	0.316
6.519	0.042	0.316
6.519	0.044	0.316
6.519	0.044	0.316
6.519	0.044	0.316
6.519	0.044	0.316
6.519	0.044	0.316
6.520	0.044	0.316
6.520	0.044	0.317
6.520	0.044	0.317
6.520	0.044	0.316
6.520	0.044	0.316
6.520	0.044	0.316
6.520	0.044	0.316
6.520	0.044	0.316
6.520	0.044	0.316
6.520	0.044	0.316
6.521	0.044	0.316
6.521	0.044	0.316
6.521	0.044	0.316
6.521	0.042	0.316
6.521	0.042	0.316
6.521	0.044	0.315
6.521	0.044	0.315
6.521	0.044	0.315
6.521	0.044	0.315
6.521	0.042	0.315
6.522	0.042	0.315
6.522	0.044	0.315
6.522	0.044	0.315
6.522	0.042	0.315
6.522	0.042	0.315
6.522	0.044	0.314
6.522	0.044	0.314
6.522	0.042	0.314
6.522	0.042	0.314
6.522	0.042	0.314
6.523	0.042	0.314
6.523	0.042	0.314
6.523	0.042	0.314
6.523	0.042	0.313
6.523	0.042	0.313
6.523	0.044	0.313
6.523	0.044	0.313
6.523	0.044	0.313
6.523	0.044	0.313
6.523	0.044	0.314
6.524	0.044	0.314
6.524	0.042	0.313
6.524	0.042	0.313
6.524	0.044	0.313
6.524	0.044	0.313
6.524	0.044	0.312
6.524	0.044	0.312
6.524	0.044	0.313
6.524	0.044	0.313
6.524	0.044	0.313
6.525	0.044	0.313
6.525	0.044	0.312
6.525	0.044	0.312
6.525	0.044	0.312
6.525	0.044	0.312
6.525	0.042	0.312
6.525	0.042	0.312
6.525	0.044	0.312
6.525	0.044	0.312
6.525	0.044	0.312
6.526	0.044	0.312
6.526	0.046	0.312
6.526	0.046	0.312
6.526	0.042	0.312
6.526	0.042	0.312
6.526	0.044	0.312
6.526	0.044	0.312
6.526	0.044	0.311
6.526	0.044	0.311
6.526	0.044	0.311
6.527	0.044	0.311
6.527	0.044	0.311
6.527	0.044	0.311
6.527	0.044	0.310
6.527	0.044	0.310
6.527	0.044	0.311
6.527	0.044	0.311
6.527	0.042	0.310
6.527	0.042	0.310
6.527	0.044	0.310
6.528	0.044	0.310
6.528	0.042	0.311
6.528	0.042	0.311
6.528	0.044	0.310
6.528	0.044	0.310
6.528	0.042	0.310
6.528	0.042	0.310
6.528	0.042	0.309
6.528	0.042	0.309
6.528	0.042	0.310
6.529	0.042	0.310
6.529	0.044	0.309
6.529	0.044	0.309
6.529	0.044	0.309
6.529	0.044	0.309
6.529	0.042	0.309
6.529	0.042	0.309
6.529	0.044	0.309
6.529	0.044	0.309
6.529	0.042	0.309
6.530	0.042	0.309
6.530	0.044	0.309
6.530	0.044	0.309
6.530	0.042	0.309
6.530	0.042	0.309
6.530	0.042	0.309
6.530	0.042	0.309
6.530	0.042	0.309
6.530	0.042	0.309
6.530	0.042	0.308
6.531	0.042	0.308
6.531	0.044	0.308
6.531	0.044	0.308
6.531	0.042	0.308
6.531	0.042	0.308
6.531	0.042	0.308
6.531	0.042	0.308
6.531	0.042	0.309
6.531	0.042	0.309
6.531	0.044	0.308
6.532	0.044	0.308
6.532	0.042	0.308
6.532	0.042	0.308
6.532	0.044	0.308
6.532	0.044	0.308
6.532	0.042	0.308
6.532	0.042	0.308
6.532	0.044	0.308
6.532	0.044	0.308
6.532	0.042	0.308
6.533	0.042	0.308
6.533	0.044	0.308
6.533	0.044	0.308
6.533	0.042	0.308
6.533	0.042	0.308
6.533	0.044	0.308
6.533	0.044	0.308
6.533	0.044	0.308
6.533	0.044	0.308
6.533	0.042	0.308
6.534	0.042	0.308
6.534	0.044	0.306
6.534	0.044	0.306
6.534	0.044	0.308
6.534	0.044	0.308
6.534	0.042	0.308
6.534	0.042	0.308
6.534	0.042	0.306
6.534	0.042	0.306
6.534	0.042	0.306
6.535	0.042	0.306
6.535	0.042	0.306
6.535	0.042	0.306
6.535	0.042	0.307
6.535	0.042	0.307
6.535	0.042	0.307
6.535	0.042	0.307
6.535	0.042	0.307
6.535	0.042	0.307
6.535	0.042	0.306
6.536	0.042	0.306
6.536	0.044	0.306
6.536	0.044	0.306
6.536	0.042	0.306
6.536	0.042	0.306
6.536	0.042	0.306
6.536	0.042	0.306
6.536	0.042	0.306
6.536	0.042	0.306
6.536	0.042	0.305
6.537	0.042	0.305
6.537	0.042	0.306
6.537	0.042	0.306
6.537	0.042	0.305
6.537	0.042	0.305
6.537	0.044	0.306
6.537	0.044	0.306
6.537	0.042	0.305
6.537	0.042	0.305
6.537	0.040	0.305
6.538	0.040	0.305
6.538	0.044	0.304
6.538	0.044	0.304
6.538	0.044	0.305
6.538	0.044	0.305
6.538	0.042	0.304
6.538	0.042	0.304
6.538	0.042	0.304
6.538	0.042	0.304
6.538	0.042	0.304
6.539	0.042	0.304
6.539	0.042	0.305
6.539	0.042	0.305
6.539	0.042	0.304
6.539	0.042	0.304
6.539	0.042	0.304
6.539	0.042	0.304
6.539	0.042	0.304
6.539	0.042	0.304
6.539	0.042	0.304
6.540	0.042	0.304
6.540	0.042	0.304
6.540	0.042	0.304
6.540	0.042	0.304
6.540	0.042	0.304
6.540	0.044	0.304
6.540	0.044	0.304
6.540	0.044	0.304
6.540	0.044	0.304
6.540	0.042	0.304
6.541	0.042	0.304
6.541	0.044	0.304
6.541	0.044	0.304
6.541	0.044	0.303
6.541	0.044	0.303
6.541	0.046	0.304
6.541	0.046	0.304
6.541	0.042	0.304
6.541	0.042	0.304
6.541	0.042	0.302
6.542	0.042	0.302
6.542	0.042	0.304
6.542	0.042	0.304
6.542	0.042	0.302
6.542	0.042	0.302
6.542	0.042	0.304
6.542	0.042	0.304
6.542	0.042	0.303
6.542	0.042	0.303
6.542	0.042	0.302
6.543	0.042	0.302
6.543	0.040	0.303
6.543	0.040	0.303
6.543	0.042	0.303
6.543	0.042	0.303
6.543	0.042	0.302
6.543	0.042	0.302
6.543	0.042	0.302
6.543	0.042	0.302
6.543	0.042	0.303
6.544	0.042	0.303
6.544	0.042	0.302
6.544	0.042	0.302
6.544	0.042	0.301
6.544	0.042	0.301
6.544	0.042	0.302
6.544	0.042	0.302
6.544	0.042	0.302
6.544	0.042	0.302
6.544	0.042	0.301
6.545	0.042	0.301
6.545	0.042	0.301
6.545	0.042	0.301
6.545	0.042	0.301
6.545	0.042	0.301
6.545	0.042	0.301
6.545	0.042	0.301
6.545	0.042	0.301
6.545	0.042	0.301
6.545	0.042	0.302
6.546	0.042	0.302
6.546	0.044	0.301
6.546	0.044	0.301
6.546	0.042	0.301
6.546	0.042	0.301
6.546	0.042	0.301
6.546	0.042	0.301
6.546	0.042	0.301
6.546	0.042	0.301
6.546	0.042	0.302
6.547	0.042	0.302
6.547	0.042	0.301
6.547	0.042	0.301
6.547	0.042	0.301
6.547	0.042	0.301
6.547	0.042	0.302
6.547	0.042	0.302
6.547	0.040	0.300
6.547	0.040	0.300
6.547	0.042	0.300
6.548	0.042	0.300
6.548	0.042	0.300
6.548	0.042	0.300
6.548	0.042	0.300
6.548	0.042	0.300
6.548	0.042	0.300
6.548	0.042	0.300
6.548	0.042	0.301
6.548	0.042	0.301
6.548	0.042	0.300
6.549	0.042	0.300
6.549	0.044	0.300
6.549	0.044	0.300
6.549	0.042	0.301
6.549	0.042	0.301
6.549	0.042	0.300
6.549	0.042	0.300
6.549	0.042	0.300
6.549	0.042	0.300
6.549	0.040	0.300
6.550	0.040	0.300
6.550	0.042	0.300
6.550	0.042	0.300
6.550	0.042	0.300
6.550	0.042	0.300
6.550	0.042	0.300
6.550	0.042	0.300
6.550	0.042	0.300
6.550	0.042	0.300
6.550	0.042	0.300
6.551	0.042	0.300
6.551	0.042	0.300
6.551	0.042	0.300
6.551	0.042	0.300
6.551	0.042	0.300
6.551	0.044	0.300
6.551	0.044	0.300
6.551	0.044	0.300
6.551	0.044	0.300
6.551	0.042	0.300
6.552	0.042	0.300
6.552	0.042	0.300
6.552	0.042	0.300
6.552	0.042	0.300
6.552	0.042	0.300
6.552	0.042	0.300
6.552	0.042	0.300
6.552	0.042	0.300
6.552	0.042	0.300
6.552	0.042	0.300
6.553	0.042	0.300
6.553	0.042	0.299
6.553	0.042	0.299
6.553	0.042	0.300
6.553	0.042	0.300
6.553	0.042	0.300
6.553	0.042	0.300
6.553	0.042	0.300
6.553	0.042	0.300
6.553	0.042	0.299
6.554	0.042	0.299
6.554	0.042	0.300
6.554	0.042	0.300
6.554	0.038	0.300
6.554	0.038	0.300
6.554	0.042	0.300
6.554	0.042	0.300
6.554	0.042	0.300
6.554	0.042	0.300
6.554	0.042	0.300
6.555	0.042	0.300
6.555	0.042	0.300
6.555	0.042	0.300
6.555	0.042	0.299
6.555	0.042	0.299
6.555	0.040	0.299
6.555	0.040	0.299
6.555	0.042	0.299
6.555	0.042	0.299
6.555	0.040	0.299
6.556	0.040	0.299
6.556	0.044	0.299
6.556	0.044	0.299
6.556	0.040	0.299
6.556	0.040	0.299
6.556	0.042	0.299
6.556	0.042	0.299
6.556	0.040	0.300
6.556	0.040	0.300
6.556	0.042	0.299
6.557	0.042	0.299
6.557	0.042	0.299
6.557	0.042	0.299
6.557	0.042	0.298
6.557	0.042	0.298
6.557	0.042	0.298
6.557	0.042	0.298
6.557	0.042	0.298
6.557	0.042	0.298
6.557	0.042	0.298
6.558	0.042	0.298
6.558	0.042	0.298
6.558	0.042	0.298
6.558	0.042	0.298
6.558	0.042	0.298
6.558	0.042	0.299
6.558	0.042	0.299
6.558	0.042	0.298
6.558	0.042	0.298
6.558	0.040	0.300
6.559	0.040	0.300
6.559	0.040	0.299
6.559	0.040	0.299
6.559	0.038	0.299
6.559	0.038	0.299
6.559	0.042	0.298
6.559	0.042	0.298
6.559	0.042	0.299
6.559	0.042	0.299
6.559	0.042	0.297
6.560	0.042	0.297
6.560	0.040	0.299
6.560	0.040	0.299
6.560	0.038	0.299
6.560	0.038	0.299
6.560	0.042	0.299
6.560	0.042	0.299
6.560	0.042	0.298
6.560	0.042	0.298
6.560	0.040	0.299
6.561	0.040	0.299
6.561	0.042	0.298
6.561	0.042	0.298
6.561	0.042	0.298
6.561	0.042	0.298
6.561	0.040	0.298
6.561	0.040	0.298
6.561	0.042	0.299
6.561	0.042	0.299
6.561	0.040	0.299
6.562	0.040	0.299
6.562	0.040	0.298
6.562	0.040	0.298
6.562	0.042	0.298
6.562	0.042	0.298
6.562	0.042	0.299
6.562	0.042	0.299
6.562	0.042	0.299
6.562	0.042	0.299
6.562	0.042	0.299
6.563	0.042	0.299
6.563	0.038	0.299
6.563	0.038	0.299
6.563	0.042	0.298
6.563	0.042	0.298
6.563	0.038	0.299
6.563	0.038	0.299
6.563	0.038	0.299
6.563	0.038	0.299
6.563	0.040	0.297
6.564	0.040	0.297
6.564	0.038	0.298
6.564	0.038	0.298
6.564	0.040	0.299
6.564	0.040	0.299
6.564	0.042	0.299
6.564	0.042	0.299
6.564	0.042	0.298
6.564	0.042	0.298
6.564	0.042	0.298
6.565	0.042	0.298
6.565	0.042	0.299
6.565	0.042	0.299
6.565	0.042	0.299
6.565	0.042	0.299
6.565	0.042	0.299
6.565	0.042	0.299
6.565	0.038	0.298
6.565	0.038	0.298
6.565	0.042	0.298
6.566	0.042	0.298
6.566	0.042	0.298
6.566	0.042	0.298
6.566	0.042	0.298
6.566	0.042	0.298
6.566	0.042	0.298
6.566	0.042	0.298
6.566	0.040	0.298
6.566	0.040	0.298
6.566	0.040	0.298
6.567	0.040	0.298
6.567	0.042	0.299
6.567	0.042	0.299
6.567	0.044	0.299
6.567	0.044	0.299
6.567	0.042	0.298
6.567	0.042	0.298
6.567	0.042	0.300
6.567	0.042	0.300
6.567	0.040	0.299
6.568	0.040	0.299
6.568	0.038	0.299
6.568	0.038	0.299
6.568	0.040	0.299
6.568	0.040	0.299
6.568	0.042	0.299
6.568	0.042	0.299
6.568	0.042	0.299
6.568	0.042	0.299
6.568	0.040	0.299
6.569	0.040	0.299
6.569	0.038	0.300
6.569	0.038	0.300
6.569	0.042	0.298
6.569	0.042	0.298
6.569	0.042	0.298
6.569	0.042	0.298
6.569	0.042	0.299
6.569	0.042	0.299
6.569	0.040	0.300
6.570	0.040	0.300
6.570	0.038	0.299
6.570	0.038	0.299
6.570	0.042	0.300
6.570	0.042	0.300
6.570	0.040	0.300
6.570	0.040	0.300
6.570	0.038	0.299
6.570	0.038	0.299
6.570	0.038	0.300
6.571	0.038	0.300
6.571	0.042	0.299
6.571	0.042	0.299
6.571	0.042	0.299
6.571	0.042	0.299
6.571	0.038	0.300
6.571	0.038	0.300
6.571	0.042	0.300
6.571	0.042	0.300
6.571	0.040	0.300
6.572	0.040	0.300
6.572	0.040	0.300
6.572	0.040	0.300
6.572	0.040	0.300
6.572	0.040	0.300
6.572	0.040	0.300
6.572	0.040	0.300
6.572	0.042	0.300
6.572	0.042	0.300
6.572	0.040	0.300
6.573	0.040	0.300
6.573	0.042	0.300
6.573	0.042	0.300
6.573	0.040	0.300
6.573	0.040	0.300
6.573	0.040	0.300
6.573	0.040	0.300
6.573	0.040	0.300
6.573	0.040	0.300
6.573	0.040	0.300
6.574	0.040	0.300
6.574	0.040	0.300
6.574	0.040	0.300
6.574	0.038	0.300
6.574	0.038	0.300
6.574	0.040	0.301
6.574	0.040	0.301
6.574	0.038	0.300
6.574	0.038	0.300
6.574	0.042	0.300
6.575	0.042	0.300
6.575	0.042	0.300
6.575	0.042	0.300
6.575	0.038	0.300
6.575	0.038	0.300
6.575	0.042	0.300
6.575	0.042	0.300
6.575	0.042	0.300
6.575	0.042	0.300
6.575	0.042	0.301
6.576	0.042	0.301
6.576	0.042	0.301
6.576	0.042	0.301
6.576	0.040	0.300
6.576	0.040	0.300
6.576	0.040	0.301
6.576	0.040	0.301
6.576	0.038	0.300
6.576	0.038	0.300
6.576	0.042	0.301
6.577	0.042	0.301
6.577	0.042	0.301
6.577	0.042	0.301
6.577	0.040	0.301
6.577	0.040	0.301
6.577	0.040	0.301
6.577	0.040	0.301
6.577	0.042	0.302
6.577	0.042	0.302
6.577	0.038	0.302
6.578	0.038	0.302
6.578	0.038	0.301
6.578	0.038	0.301
6.578	0.038	0.301
6.578	0.038	0.301
6.578	0.042	0.302
6.578	0.042	0.302
6.578	0.040	0.301
6.578	0.040	0.301
6.578	0.040	0.303
6.579	0.040	0.303
6.579	0.042	0.302
6.579	0.042	0.302
6.579	0.042	0.302
6.579	0.042	0.302
6.579	0.038	0.303
6.579	0.038	0.303
6.579	0.040	0.301
6.579	0.040	0.301
6.579	0.038	0.303
6.580	0.038	0.303
6.580	0.040	0.303
6.580	0.040	0.303
6.580	0.042	0.303
6.580	0.042	0.303
6.580	0.040	0.303
6.580	0.040	0.303
6.580	0.038	0.302
6.580	0.038	0.302
6.580	0.038	0.302
6.581	0.038	0.302
6.581	0.038	0.303
6.581	0.038	0.303
6.581	0.038	0.302
6.581	0.038	0.302
6.581	0.038	0.304
6.581	0.038	0.304
6.581	0.040	0.302
6.581	0.040	0.302
6.581	0.040	0.303
6.582	0.040	0.303
6.582	0.040	0.303
6.582	0.040	0.303
6.582	0.040	0.304
6.582	0.040	0.304
6.582	0.040	0.303
6.582	0.040	0.303
6.582	0.042	0.303
6.582	0.042	0.303
6.582	0.038	0.304
6.583	0.038	0.304
6.583	0.040	0.304
6.583	0.040	0.304
6.583	0.040	0.304
6.583	0.040	0.304
6.583	0.038	0.304
6.583	0.038	0.304
6.583	0.040	0.304
6.583	0.040	0.304
6.583	0.040	0.304
6.584	0.040	0.304
6.584	0.040	0.304
6.584	0.040	0.304
6.584	0.038	0.304
6.584	0.038	0.304
6.584	0.038	0.304
6.584	0.038	0.304
6.584	0.040	0.304
6.584	0.040	0.304
6.584	0.040	0.304
6.585	0.040	0.304
6.585	0.042	0.304
6.585	0.042	0.304
6.585	0.038	0.304
6.585	0.038	0.304
6.585	0.042	0.304
6.585	0.042	0.304
6.585	0.038	0.304
6.585	0.038	0.304
6.585	0.040	0.305
6.586	0.040	0.305
6.586	0.038	0.305
6.586	0.038	0.305
6.586	0.042	0.305
6.586	0.042	0.305
6.586	0.040	0.305
6.586	0.040	0.305
6.586	0.040	0.305
6.586	0.040	0.305
6.586	0.038	0.306
6.587	0.038	0.306
6.587	0.038	0.305
6.587	0.038	0.305
6.587	0.038	0.306
6.587	0.038	0.306
6.587	0.040	0.306
6.587	0.040	0.306
6.587	0.038	0.306
6.587	0.038	0.306
6.587	0.040	0.307
6.588	0.040	0.307
6.588	0.036	0.306
6.588	0.036	0.306
6.588	0.038	0.306
6.588	0.038	0.306
6.588	0.038	0.306
6.588	0.038	0.306
6.588	0.042	0.307
6.588	0.042	0.307
6.588	0.038	0.308
6.589	0.038	0.308
6.589	0.038	0.308
6.589	0.038	0.308
6.589	0.038	0.308
6.589	0.038	0.308
6.589	0.038	0.308
6.589	0.038	0.308
6.589	0.040	0.308
6.589	0.040	0.308
6.589	0.038	0.308
6.590	0.038	0.308
6.590	0.042	0.308
6.590	0.042	0.308
6.590	0.038	0.308
6.590	0.038	0.308
6.590	0.040	0.308
6.590	0.040	0.308
6.590	0.038	0.308
6.590	0.038	0.308
6.590	0.038	0.309
6.591	0.038	0.309
6.591	0.038	0.308
6.591	0.038	0.308
6.591	0.038	0.308
6.591	0.038	0.308
6.591	0.040	0.308
6.591	0.040	0.308
6.591	0.036	0.310
6.591	0.036	0.310
6.591	0.038	0.309
6.592	0.038	0.309
6.592	0.036	0.309
6.592	0.036	0.309
6.592	0.040	0.309
6.592	0.040	0.309
6.592	0.038	0.309
6.592	0.038	0.309
6.592	0.040	0.309
6.592	0.040	0.309
6.592	0.038	0.309
6.593	0.038	0.309
6.593	0.038	0.309
6.593	0.038	0.309
6.593	0.038	0.310
6.593	0.038	0.310
6.593	0.038	0.310
6.593	0.038	0.310
6.593	0.042	0.310
6.593	0.042	0.310
6.593	0.042	0.311
6.594	0.042	0.311
6.594	0.038	0.311
6.594	0.038	0.311
6.594	0.038	0.311
6.594	0.038	0.311
6.594	0.038	0.311
6.594	0.038	0.311
6.594	0.040	0.312
6.594	0.040	0.312
6.594	0.040	0.312
6.595	0.040	0.312
6.595	0.038	0.311
6.595	0.038	0.311
6.595	0.038	0.311
6.595	0.038	0.311
6.595	0.042	0.312
6.595	0.042	0.312
6.595	0.040	0.312
6.595	0.040	0.312
6.595	0.038	0.312
6.596	0.038	0.312
6.596	0.036	0.312
6.596	0.036	0.312
6.596	0.038	0.312
6.596	0.038	0.312
6.596	0.038	0.312
6.596	0.038	0.312
6.596	0.038	0.312
6.596	0.038	0.312
6.596	0.038	0.312
6.597	0.038	0.312
6.597	0.036	0.312
6.597	0.036	0.312
6.597	0.038	0.312
6.597	0.038	0.312
6.597	0.036	0.312
6.597	0.036	0.312
6.597	0.038	0.312
6.597	0.038	0.312
6.597	0.038	0.312
6.598	0.038	0.312
6.598	0.038	0.312
6.598	0.038	0.312
6.598	0.038	0.313
6.598	0.038	0.313
6.598	0.040	0.313
6.598	0.040	0.313
6.598	0.042	0.313
6.598	0.042	0.313
6.598	0.038	0.313
6.599	0.038	0.313
6.599	0.036	0.314
6.599	0.036	0.314
6.599	0.040	0.314
6.599	0.040	0.314
6.599	0.040	0.314
6.599	0.040	0.314
6.599	0.038	0.314
6.599	0.038	0.314
6.599	0.038	0.314
6.600	0.038	0.314
6.600	0.040	0.315
6.600	0.040	0.315
6.600	0.038	0.315
6.600	0.038	0.315
6.600	0.038	0.315
6.600	0.038	0.315
6.600	0.038	0.316
6.600	0.038	0.316
6.600	0.040	0.316
6.601	0.040	0.316
6.601	0.038	0.316
6.601	0.038	0.316
6.601	0.036	0.316
6.601	0.036	0.316
6.601	0.036	0.316
6.601	0.036	0.316
6.601	0.038	0.316
6.601	0.038	0.316
6.601	0.038	0.316
6.602	0.038	0.316
6.602	0.038	0.316
6.602	0.038	0.316
6.602	0.038	0.316
6.602	0.038	0.316
6.602	0.038	0.316
6.602	0.038	0.316
6.602	0.038	0.316
6.602	0.038	0.316
6.602	0.038	0.317
6.603	0.038	0.317
6.603	0.042	0.316
6.603	0.042	0.316
6.603	0.038	0.316
6.603	0.038	0.316
6.603	0.036	0.316
6.603	0.036	0.316
6.603	0.038	0.317
6.603	0.038	0.317
6.603	0.042	0.318
6.604	0.042	0.318
6.604	0.038	0.318
6.604	0.038	0.318
6.604	0.038	0.318
6.604	0.038	0.318
6.604	0.036	0.319
6.604	0.036	0.319
6.604	0.036	0.319
6.604	0.036	0.319
6.604	0.038	0.319
6.605	0.038	0.319
6.605	0.038	0.319
6.605	0.038	0.319
6.605	0.038	0.319
6.605	0.038	0.319
6.605	0.036	0.319
6.605	0.036	0.319
6.605	0.038	0.320
6.605	0.038	0.320
6.605	0.036	0.320
6.606	0.036	0.320
6.606	0.036	0.320
6.606	0.036	0.320
6.606	0.038	0.320
6.606	0.038	0.320
6.606	0.038	0.321
6.606	0.038	0.321
6.606	0.038	0.320
6.606	0.038	0.320
6.606	0.038	0.320
6.607	0.038	0.320
6.607	0.038	0.321
6.607	0.038	0.321
6.607	0.038	0.320
6.607	0.038	0.320
6.607	0.040	0.321
6.607	0.040	0.321
6.607	0.036	0.322
6.607	0.036	0.322
6.607	0.038	0.321
6.608	0.038	0.321
6.608	0.036	0.321
6.608	0.036	0.321
6.608	0.036	0.321
6.608	0.036	0.321
6.608	0.036	0.322
6.608	0.036	0.322
6.608	0.036	0.322
6.608	0.036	0.322
6.608	0.038	0.322
6.609	0.038	0.322
6.609	0.038	0.322
6.609	0.038	0.322
6.609	0.038	0.323
6.609	0.038	0.323
6.609	0.036	0.323
6.609	0.036	0.323
6.609	0.038	0.324
6.609	0.038	0.324
6.609	0.038	0.324
6.610	0.038	0.324
6.610	0.038	0.324
6.610	0.038	0.324
6.610	0.038	0.324
6.610	0.038	0.324
6.610	0.036	0.324
6.610	0.036	0.324
6.610	0.040	0.325
6.610	0.040	0.325
6.610	0.038	0.324
6.611	0.038	0.324
6.611	0.036	0.325
6.611	0.036	0.325
6.611	0.038	0.324
6.611	0.038	0.324
6.611	0.038	0.325
6.611	0.038	0.325
6.611	0.036	0.325
6.611	0.036	0.325
6.611	0.034	0.325
6.612	0.034	0.325
6.612	0.036	0.325
6.612	0.036	0.325
6.612	0.036	0.326
6.612	0.036	0.326
6.612	0.038	0.327
6.612	0.038	0.327
6.612	0.038	0.326
6.612	0.038	0.326
6.612	0.036	0.326
6.613	0.036	0.326
6.613	0.036	0.326
6.613	0.036	0.326
6.613	0.038	0.326
6.613	0.038	0.326
6.613	0.038	0.326
6.613	0.038	0.326
6.613	0.036	0.326
6.613	0.036	0.326
6.613	0.036	0.327
6.614	0.036	0.327
6.614	0.036	0.328
6.614	0.036	0.328
6.614	0.036	0.327
6.614	0.036	0.327
6.614	0.036	0.327
6.614	0.036	0.327
6.614	0.036	0.327
6.614	0.036	0.327
6.614	0.038	0.328
6.615	0.038	0.328
6.615	0.036	0.328
6.615	0.036	0.328
6.615	0.038	0.328
6.615	0.038	0.328
6.615	0.038	0.328
6.615	0.038	0.328
6.615	0.036	0.328
6.615	0.036	0.328
6.615	0.038	0.328
6.616	0.038	0.328
6.616	0.038	0.328
6.616	0.038	0.328
6.616	0.034	0.328
6.616	0.034	0.328
6.616	0.038	0.328
6.616	0.038	0.328
6.616	0.038	0.329
6.616	0.038	0.329
6.616	0.038	0.329
6.617	0.038	0.329
6.617	0.038	0.329
6.617	0.038	0.329
6.617	0.036	0.329
6.617	0.036	0.329
6.617	0.036	0.330
6.617	0.036	0.330
6.617	0.036	0.330
6.617	0.036	0.330
6.617	0.036	0.330
6.618	0.036	0.330
6.618	0.036	0.331
6.618	0.036	0.331
6.618	0.038	0.331
6.618	0.038	0.331
6.618	0.038	0.331
6.618	0.038	0.331
6.618	0.034	0.331
6.618	0.034	0.331
6.618	0.038	0.332
6.619	0.038	0.332
6.619	0.036	0.332
6.619	0.036	0.332
6.619	0.036	0.332
6.619	0.036	0.332
6.619	0.038	0.332
6.619	0.038	0.332
6.619	0.034	0.332
6.619	0.034	0.332
6.619	0.036	0.332
6.620	0.036	0.332
6.620	0.038	0.332
6.620	0.038	0.332
6.620	0.036	0.332
6.620	0.036	0.332
6.620	0.038	0.332
6.620	0.038	0.332
6.620	0.036	0.332
6.620	0.036	0.332
6.620	0.036	0.333
6.621	0.036	0.333
6.621	0.038	0.333
6.621	0.038	0.333
6.621	0.036	0.332
6.621	0.036	0.332
6.621	0.036	0.334
6.621	0.036	0.334
6.621	0.038	0.334
6.621	0.038	0.334
6.621	0.036	0.335
6.622	0.036	0.335
6.622	0.036	0.334
6.622	0.036	0.334
6.622	0.038	0.335
6.622	0.038	0.335
6.622	0.034	0.335
6.622	0.034	0.335
6.622	0.038	0.336
6.622	0.038	0.336
6.622	0.038	0.335
6.623	0.038	0.335
6.623	0.036	0.336
6.623	0.036	0.336
6.623	0.038	0.336
6.623	0.038	0.336
6.623	0.038	0.335
6.623	0.038	0.335
6.623	0.038	0.335
6.623	0.038	0.335
6.623	0.038	0.336
6.624	0.038	0.336
6.624	0.036	0.336
6.624	0.036	0.336
6.624	0.036	0.336
6.624	0.036	0.336
6.624	0.038	0.336
6.624	0.038	0.336
6.624	0.036	0.336
6.624	0.036	0.336
6.624	0.036	0.336
6.625	0.036	0.336
6.625	0.038	0.337
6.625	0.038	0.337
6.625	0.038	0.337
6.625	0.038	0.337
6.625	0.038	0.337
6.625	0.038	0.337
6.625	0.038	0.337
6.625	0.038	0.337
6.625	0.036	0.338
6.626	0.036	0.338
6.626	0.038	0.338
6.626	0.038	0.338
6.626	0.036	0.338
6.626	0.036	0.338
6.626	0.036	0.338
6.626	0.036	0.338
6.626	0.036	0.338
6.626	0.036	0.338
6.626	0.038	0.339
6.627	0.038	0.339
6.627	0.036	0.338
6.627	0.036	0.338
6.627	0.036	0.339
6.627	0.036	0.339
6.627	0.036	0.340
6.627	0.036	0.340
6.627	0.036	0.340
6.627	0.036	0.340
6.627	0.038	0.340
6.628	0.038	0.340
6.628	0.036	0.340
6.628	0.036	0.340
6.628	0.038	0.340
6.628	0.038	0.340
6.628	0.034	0.340
6.628	0.034	0.340
6.628	0.038	0.340
6.628	0.038	0.340
6.628	0.036	0.340
6.629	0.036	0.340
6.629	0.036	0.341
6.629	0.036	0.341
6.629	0.036	0.340
6.629	0.036	0.340
6.629	0.036	0.340
6.629	0.036	0.340
6.629	0.038	0.340
6.629	0.038	0.340
6.629	0.038	0.340
6.630	0.038	0.340
6.630	0.034	0.341
6.630	0.034	0.341
6.630	0.038	0.341
6.630	0.038	0.341
6.630	0.036	0.341
6.630	0.036	0.341
6.630	0.036	0.341
6.630	0.036	0.341
6.630	0.036	0.341
6.631	0.036	0.341
6.631	0.036	0.341
6.631	0.036	0.341
6.631	0.038	0.342
6.631	0.038	0.342
6.631	0.036	0.341
6.631	0.036	0.341
6.631	0.034	0.341
6.631	0.034	0.341
6.631	0.036	0.341
6.632	0.036	0.341
6.632	0.036	0.343
6.632	0.036	0.343
6.632	0.034	0.342
6.632	0.034	0.342
6.632	0.036	0.343
6.632	0.036	0.343
6.632	0.036	0.342
6.632	0.036	0.342
6.632	0.036	0.343
6.633	0.036	0.343
6.633	0.036	0.343
6.633	0.036	0.343
6.633	0.036	0.343
6.633	0.036	0.343
6.633	0.034	0.343
6.633	0.034	0.343
6.633	0.036	0.344
6.633	0.036	0.344
6.633	0.036	0.343
6.634	0.036	0.343
6.634	0.038	0.344
6.634	0.038	0.344
6.634	0.034	0.344
6.634	0.034	0.344
6.634	0.036	0.344
6.634	0.036	0.344
6.634	0.036	0.344
6.634	0.036	0.344
6.634	0.036	0.344
6.635	0.036	0.344
6.635	0.036	0.344
6.635	0.036	0.344
6.635	0.036	0.344
6.635	0.036	0.344
6.635	0.036	0.345
6.635	0.036	0.345
6.635	0.036	0.345
6.635	0.036	0.345
6.635	0.034	0.344
6.636	0.034	0.344
6.636	0.036	0.344
6.636	0.036	0.344
6.636	0.036	0.345
6.636	0.036	0.345
6.636	0.036	0.345
6.636	0.036	0.345
6.636	0.036	0.346
6.636	0.036	0.346
6.636	0.036	0.346
6.637	0.036	0.346
6.637	0.036	0.346
6.637	0.036	0.346
6.637	0.038	0.346
6.637	0.038	0.346
6.637	0.036	0.347
6.637	0.036	0.347
6.637	0.036	0.346
6.637	0.036	0.346
6.637	0.036	0.347
6.638	0.036	0.347
6.638	0.036	0.348
6.638	0.036	0.348
6.638	0.036	0.348
6.638	0.036	0.348
6.638	0.036	0.346
6.638	0.036	0.346
6.638	0.036	0.347
6.638	0.036	0.347
6.638	0.036	0.348
6.639	0.036	0.348
6.639	0.034	0.349
6.639	0.034	0.349
6.639	0.036	0.348
6.639	0.036	0.348
6.639	0.036	0.348
6.639	0.036	0.348
6.639	0.036	0.348
6.639	0.036	0.348
6.639	0.036	0.348
6.640	0.036	0.348
6.640	0.038	0.348
6.640	0.038	0.348
6.640	0.038	0.348
6.640	0.038	0.348
6.640	0.034	0.348
6.640	0.034	0.348
6.640	0.034	0.348
6.640	0.034	0.348
6.640	0.034	0.348
6.641	0.034	0.348
6.641	0.036	0.349
6.641	0.036	0.349
6.641	0.034	0.350
6.641	0.034	0.350
6.641	0.036	0.349
6.641	0.036	0.349
6.641	0.034	0.349
6.641	0.034	0.349
6.641	0.034	0.350
6.642	0.034	0.350
6.642	0.036	0.350
6.642	0.036	0.350
6.642	0.034	0.349
6.642	0.034	0.349
6.642	0.036	0.350
6.642	0.036	0.350
6.642	0.036	0.351
6.642	0.036	0.351
6.642	0.034	0.351
6.643	0.034	0.351
6.643	0.036	0.350
6.643	0.036	0.350
6.643	0.036	0.350
6.643	0.036	0.350
6.643	0.034	0.351
6.643	0.034	0.351
6.643	0.034	0.351
6.643	0.034	0.351
6.643	0.034	0.351
6.644	0.034	0.351
6.644	0.036	0.352
6.644	0.036	0.352
6.644	0.034	0.352
6.644	0.034	0.352
6.644	0.036	0.352
6.644	0.036	0.352
6.644	0.036	0.352
6.644	0.036	0.352
6.644	0.036	0.352
6.645	0.036	0.352
6.645	0.036	0.352
6.645	0.036	0.352
6.645	0.038	0.352
6.645	0.038	0.352
6.645	0.034	0.352
6.645	0.034	0.352
6.645	0.036	0.352
6.645	0.036	0.352
6.645	0.034	0.352
6.646	0.034	0.352
6.646	0.034	0.352
6.646	0.034	0.352
6.646	0.034	0.352
6.646	0.034	0.352
6.646	0.034	0.352
6.646	0.034	0.352
6.646	0.034	0.352
6.646	0.034	0.352
6.646	0.036	0.352
6.647	0.036	0.352
6.647	0.034	0.352
6.647	0.034	0.352
6.647	0.036	0.352
6.647	0.036	0.352
6.647	0.036	0.352
6.647	0.036	0.352
6.647	0.034	0.353
6.647	0.034	0.353
6.647	0.036	0.352
6.648	0.036	0.352
6.648	0.036	0.353
6.648	0.036	0.353
6.648	0.034	0.352
6.648	0.034	0.352
6.648	0.036	0.353
6.648	0.036	0.353
6.648	0.036	0.354
6.648	0.036	0.354
6.648	0.036	0.354
6.649	0.036	0.354
6.649	0.034	0.353
6.649	0.034	0.353
6.649	0.034	0.353
6.649	0.034	0.353
6.649	0.036	0.353
6.649	0.036	0.353
6.649	0.034	0.354
6.649	0.034	0.354
6.649	0.032	0.354
6.650	0.032	0.354
6.650	0.034	0.354
6.650	0.034	0.354
6.650	0.036	0.354
6.650	0.036	0.354
6.650	0.034	0.354
6.650	0.034	0.354
6.650	0.036	0.354
6.650	0.036	0.354
6.650	0.034	0.354
6.651	0.034	0.354
6.651	0.036	0.354
6.651	0.036	0.354
6.651	0.034	0.355
6.651	0.034	0.355
6.651	0.036	0.354
6.651	0.036	0.354
6.651	0.034	0.355
6.651	0.034	0.355
6.651	0.036	0.355
6.652	0.036	0.355
6.652	0.034	0.355
6.652	0.034	0.355
6.652	0.036	0.354
6.652	0.036	0.354
6.652	0.034	0.355
6.652	0.034	0.355
6.652	0.036	0.355
6.652	0.036	0.355
6.652	0.034	0.355
6.653	0.034	0.355
6.653	0.034	0.355
6.653	0.034	0.355
6.653	0.034	0.356
6.653	0.034	0.356
6.653	0.036	0.356
6.653	0.036	0.356
6.653	0.034	0.355
6.653	0.034	0.355
6.653	0.034	0.355
6.654	0.034	0.355
6.654	0.036	0.356
6.654	0.036	0.356
6.654	0.034	0.356
6.654	0.034	0.356
6.654	0.034	0.356
6.654	0.034	0.356
6.654	0.034	0.356
6.654	0.034	0.356
6.654	0.034	0.356
6.655	0.034	0.356
6.655	0.034	0.356
6.655	0.034	0.356
6.655	0.034	0.356
6.655	0.034	0.356
6.655	0.034	0.356
6.655	0.034	0.356
6.655	0.034	0.356
6.655	0.034	0.356
6.655	0.034	0.356
6.656	0.034	0.356
6.656	0.034	0.356
6.656	0.034	0.356
6.656	0.034	0.356
6.656	0.034	0.356
6.656	0.034	0.357
6.656	0.034	0.357
6.656	0.034	0.356
6.656	0.034	0.356
6.656	0.034	0.357
6.657	0.034	0.357
6.657	0.034	0.357
6.657	0.034	0.357
6.657	0.034	0.356
6.657	0.034	0.356
6.657	0.034	0.357
6.657	0.034	0.357
6.657	0.034	0.356
6.657	0.034	0.356
6.657	0.034	0.356
6.658	0.034	0.356
6.658	0.034	0.356
6.658	0.034	0.356
6.658	0.034	0.357
6.658	0.034	0.357
6.658	0.034	0.357
6.658	0.034	0.357
6.658	0.034	0.357
6.658	0.034	0.357
6.658	0.034	0.357
6.659	0.034	0.357
6.659	0.034	0.357
6.659	0.034	0.357
6.659	0.032	0.357
6.659	0.032	0.357
6.659	0.032	0.357
6.659	0.032	0.357
6.659	0.034	0.357
6.659	0.034	0.357
6.659	0.030	0.357
6.660	0.030	0.357
6.660	0.036	0.357
6.660	0.036	0.357
6.660	0.036	0.357
6.660	0.036	0.357
6.660	0.034	0.358
6.660	0.034	0.358
6.660	0.034	0.358
6.660	0.034	0.358
6.660	0.034	0.358
6.661	0.034	0.358
6.661	0.034	0.357
6.661	0.034	0.357
6.661	0.034	0.358
6.661	0.034	0.358
6.661	0.034	0.358
6.661	0.034	0.358
6.661	0.032	0.357
6.661	0.032	0.357
6.661	0.036	0.358
6.662	0.036	0.358
6.662	0.034	0.357
6.662	0.034	0.357
6.662	0.032	0.358
6.662	0.032	0.358
6.662	0.034	0.359
6.662	0.034	0.359
6.662	0.034	0.357
6.662	0.034	0.357
6.662	0.032	0.358
6.663	0.032	0.358
6.663	0.032	0.359
6.663	0.032	0.359
6.663	0.034	0.358
6.663	0.034	0.358
6.663	0.034	0.357
6.663	0.034	0.357
6.663	0.030	0.359
6.663	0.030	0.359
6.663	0.030	0.358
6.664	0.030	0.358
6.664	0.036	0.358
6.664	0.036	0.358
6.664	0.036	0.358
6.664	0.036	0.358
6.664	0.034	0.358
6.664	0.034	0.358
6.664	0.034	0.358
6.664	0.034	0.358
6.664	0.034	0.358
6.665	0.034	0.358
6.665	0.034	0.358
6.665	0.034	0.358
6.665	0.034	0.358
6.665	0.034	0.358
6.665	0.036	0.357
6.665	0.036	0.357
6.665	0.034	0.358
6.665	0.034	0.358
6.665	0.036	0.358
6.666	0.036	0.358
6.666	0.034	0.358
6.666	0.034	0.358
6.666	0.034	0.358
6.666	0.034	0.358
6.666	0.034	0.359
6.666	0.034	0.359
6.666	0.034	0.358
6.666	0.034	0.358
6.666	0.034	0.359
6.667	0.034	0.359
6.667	0.034	0.358
6.667	0.034	0.358
6.667	0.034	0.358
6.667	0.034	0.358
6.667	0.036	0.359
6.667	0.036	0.359
6.667	0.034	0.358
6.667	0.034	0.358
6.667	0.032	0.358
6.668	0.032	0.358
6.668	0.034	0.358
6.668	0.034	0.358
6.668	0.036	0.358
6.668	0.036	0.358
6.668	0.034	0.359
6.668	0.034	0.359
6.668	0.034	0.358
6.668	0.034	0.358
6.668	0.032	0.358
6.669	0.032	0.358
6.669	0.034	0.359
6.669	0.034	0.359
6.669	0.034	0.359
6.669	0.034	0.359
6.669	0.034	0.358
6.669	0.034	0.358
6.669	0.032	0.358
6.669	0.032	0.358
6.669	0.036	0.358
6.670	0.036	0.358
6.670	0.034	0.358
6.670	0.034	0.358
6.670	0.036	0.358
6.670	0.036	0.358
6.670	0.034	0.359
6.670	0.034	0.359
6.670	0.032	0.358
6.670	0.032	0.358
6.670	0.034	0.359
6.671	0.034	0.359
6.671	0.034	0.358
6.671	0.034	0.358
6.671	0.034	0.358
6.671	0.034	0.358
6.671	0.036	0.358
6.671	0.036	0.358
6.671	0.034	0.359
6.671	0.034	0.359
6.671	0.032	0.358
6.672	0.032	0.358
6.672	0.032	0.358
6.672	0.032	0.358
6.672	0.036	0.358
6.672	0.036	0.358
6.672	0.034	0.358
6.672	0.034	0.358
6.672	0.034	0.358
6.672	0.034	0.358
6.672	0.036	0.358
6.673	0.036	0.358
6.673	0.034	0.358
6.673	0.034	0.358
6.673	0.034	0.358
6.673	0.034	0.358
6.673	0.034	0.357
6.673	0.034	0.357
6.673	0.032	0.357
6.673	0.032	0.357
6.673	0.034	0.357
6.674	0.034	0.357
6.674	0.032	0.358
6.674	0.032	0.358
6.674	0.032	0.357
6.674	0.032	0.357
6.674	0.034	0.357
6.674	0.034	0.357
6.674	0.032	0.358
6.674	0.032	0.358
6.674	0.032	0.357
6.675	0.032	0.357
6.675	0.034	0.357
6.675	0.034	0.357
6.675	0.034	0.357
6.675	0.034	0.357
6.675	0.034	0.357
6.675	0.034	0.357
6.675	0.032	0.357
6.675	0.032	0.357
6.675	0.034	0.357
6.676	0.034	0.357
6.676	0.034	0.357
6.676	0.034	0.357
6.676	0.034	0.358
6.676	0.034	0.358
6.676	0.034	0.357
6.676	0.034	0.357
6.676	0.034	0.357
6.676	0.034	0.357
6.676	0.034	0.357
6.677	0.034	0.357
6.677	0.032	0.357
6.677	0.032	0.357
6.677	0.034	0.357
6.677	0.034	0.357
6.677	0.034	0.357
6.677	0.034	0.357
6.677	0.034	0.357
6.677	0.034	0.357
6.677	0.032	0.357
6.678	0.032	0.357
6.678	0.034	0.357
6.678	0.034	0.357
6.678	0.030	0.357
6.678	0.030	0.357
6.678	0.032	0.356
6.678	0.032	0.356
6.678	0.030	0.357
6.678	0.030	0.357
6.678	0.034	0.356
6.679	0.034	0.356
6.679	0.034	0.356
6.679	0.034	0.356
6.679	0.034	0.356
6.679	0.034	0.356
6.679	0.034	0.356
6.679	0.034	0.356
6.679	0.034	0.356
6.679	0.034	0.356
6.679	0.032	0.356
6.680	0.032	0.356
6.680	0.034	0.356
6.680	0.034	0.356
6.680	0.034	0.356
6.680	0.034	0.356
6.680	0.034	0.356
6.680	0.034	0.356
6.680	0.034	0.356
6.680	0.034	0.356
6.680	0.032	0.356
6.681	0.032	0.356
6.681	0.030	0.356
6.681	0.030	0.356
6.681	0.032	0.356
6.681	0.032	0.356
6.681	0.032	0.356
6.681	0.032	0.356
6.681	0.034	0.356
6.681	0.034	0.356
6.681	0.034	0.356
6.682	0.034	0.356
6.682	0.034	0.356
6.682	0.034	0.356
6.682	0.032	0.356
6.682	0.032	0.356
6.682	0.032	0.356
6.682	0.032	0.356
6.682	0.032	0.356
6.682	0.032	0.356
6.682	0.032	0.356
6.683	0.032	0.356
6.683	0.030	0.356
6.683	0.030	0.356
6.683	0.030	0.355
6.683	0.030	0.355
6.683	0.032	0.356
6.683	0.032	0.356
6.683	0.032	0.356
6.683	0.032	0.356
6.683	0.034	0.355
6.684	0.034	0.355
6.684	0.032	0.355
6.684	0.032	0.355
6.684	0.034	0.355
6.684	0.034	0.355
6.684	0.032	0.355
6.684	0.032	0.355
6.684	0.030	0.356
6.684	0.030	0.356
6.684	0.032	0.355
6.685	0.032	0.355
6.685	0.032	0.355
6.685	0.032	0.355
6.685	0.030	0.354
6.685	0.030	0.354
6.685	0.034	0.353
6.685	0.034	0.353
6.685	0.034	0.354
6.685	0.034	0.354
6.685	0.028	0.354
6.686	0.028	0.354
6.686	0.032	0.353
6.686	0.032	0.353
6.686	0.034	0.353
6.686	0.034	0.353
6.686	0.032	0.353
6.686	0.032	0.353
6.686	0.030	0.353
6.686	0.030	0.353
6.686	0.032	0.354
6.687	0.032	0.354
6.687	0.030	0.353
6.687	0.030	0.353
6.687	0.032	0.353
6.687	0.032	0.353
6.687	0.034	0.353
6.687	0.034	0.353
6.687	0.032	0.353
6.687	0.032	0.353
6.687	0.034	0.352
6.688	0.034	0.352
6.688	0.032	0.352
6.688	0.032	0.352
6.688	0.034	0.352
6.688	0.034	0.352
6.688	0.032	0.352
6.688	0.032	0.352
6.688	0.034	0.352
6.688	0.034	0.352
6.688	0.034	0.352
6.689	0.034	0.352
6.689	0.032	0.352
6.689	0.032	0.352
6.689	0.032	0.352
6.689	0.032	0.352
6.689	0.034	0.351
6.689	0.034	0.351
6.689	0.032	0.352
6.689	0.032	0.352
6.689	0.032	0.351
6.690	0.032	0.351
6.690	0.034	0.351
6.690	0.034	0.351
6.690	0.032	0.351
6.690	0.032	0.351
6.690	0.032	0.351
6.690	0.032	0.351
6.690	0.032	0.351
6.690	0.032	0.351
6.690	0.034	0.351
6.691	0.034	0.351
6.691	0.034	0.350
6.691	0.034	0.350
6.691	0.032	0.349
6.691	0.032	0.349
6.691	0.034	0.350
6.691	0.034	0.350
6.691	0.032	0.349
6.691	0.032	0.349
6.691	0.032	0.350
6.692	0.032	0.350
6.692	0.030	0.349
6.692	0.030	0.349
6.692	0.034	0.350
6.692	0.034	0.350
6.692	0.032	0.349
6.692	0.032	0.349
6.692	0.032	0.349
6.692	0.032	0.349
6.692	0.034	0.348
6.693	0.034	0.348
6.693	0.034	0.349
6.693	0.034	0.349
6.693	0.032	0.348
6.693	0.032	0.348
6.693	0.032	0.348
6.693	0.032	0.348
6.693	0.032	0.348
6.693	0.032	0.348
6.693	0.030	0.348
6.694	0.030	0.348
6.694	0.032	0.348
6.694	0.032	0.348
6.694	0.030	0.348
6.694	0.030	0.348
6.694	0.034	0.348
6.694	0.034	0.348
6.694	0.034	0.347
6.694	0.034	0.347
6.694	0.034	0.347
6.695	0.034	0.347
6.695	0.032	0.347
6.695	0.032	0.347
6.695	0.030	0.346
6.695	0.030	0.346
6.695	0.032	0.346
6.695	0.032	0.346
6.695	0.030	0.346
6.695	0.030	0.346
6.695	0.034	0.347
6.696	0.034	0.347
6.696	0.032	0.345
6.696	0.032	0.345
6.696	0.030	0.345
6.696	0.030	0.345
6.696	0.032	0.346
6.696	0.032	0.346
6.696	0.030	0.346
6.696	0.030	0.346
6.696	0.034	0.346
6.697	0.034	0.346
6.697	0.032	0.345
6.697	0.032	0.345
6.697	0.030	0.344
6.697	0.030	0.344
6.697	0.030	0.344
6.697	0.030	0.344
6.697	0.032	0.345
6.697	0.032	0.345
6.697	0.030	0.345
6.698	0.030	0.345
6.698	0.032	0.345
6.698	0.032	0.345
6.698	0.034	0.344
6.698	0.034	0.344
6.698	0.032	0.344
6.698	0.032	0.344
6.698	0.032	0.344
6.698	0.032	0.344
6.698	0.030	0.344
6.699	0.030	0.344
6.699	0.032	0.344
6.699	0.032	0.344
6.699	0.032	0.344
6.699	0.032	0.344
6.699	0.030	0.344
6.699	0.030	0.344
6.699	0.030	0.343
6.699	0.030	0.343
6.699	0.034	0.343
6.700	0.034	0.343
6.700	0.030	0.344
6.700	0.030	0.344
6.700	0.030	0.343
6.700	0.030	0.343
6.700	0.034	0.343
6.700	0.034	0.343
6.700	0.030	0.343
6.700	0.030	0.343
6.700	0.030	0.342
6.701	0.030	0.342
6.701	0.030	0.342
6.701	0.030	0.342
6.701	0.030	0.341
6.701	0.030	0.341
6.701	0.030	0.342
6.701	0.030	0.342
6.701	0.032	0.341
6.701	0.032	0.341
6.701	0.028	0.341
6.702	0.028	0.341
6.702	0.030	0.341
6.702	0.030	0.341
6.702	0.032	0.340
6.702	0.032	0.340
6.702	0.030	0.340
6.702	0.030	0.340
6.702	0.030	0.340
6.702	0.030	0.340
6.702	0.030	0.340
6.703	0.030	0.340
6.703	0.030	0.340
6.703	0.030	0.340
6.703	0.030	0.339
6.703	0.030	0.339
6.703	0.030	0.339
6.703	0.030	0.339
6.703	0.030	0.340
6.703	0.030	0.340
6.703	0.030	0.339
6.704	0.030	0.339
6.704	0.030	0.338
6.704	0.030	0.338
6.704	0.030	0.338
6.704	0.030	0.338
6.704	0.034	0.337
6.704	0.034	0.337
6.704	0.032	0.337
6.704	0.032	0.337
6.704	0.030	0.336
6.705	0.030	0.336
6.705	0.030	0.336
6.705	0.030	0.336
6.705	0.030	0.336
6.705	0.030	0.336
6.705	0.034	0.336
6.705	0.034	0.336
6.705	0.030	0.335
6.705	0.030	0.335
6.705	0.032	0.335
6.706	0.032	0.335
6.706	0.030	0.335
6.706	0.030	0.335
6.706	0.030	0.335
6.706	0.030	0.335
6.706	0.030	0.335
6.706	0.030	0.335
6.706	0.032	0.334
6.706	0.032	0.334
6.706	0.030	0.334
6.707	0.030	0.334
6.707	0.032	0.333
6.707	0.032	0.333
6.707	0.030	0.333
6.707	0.030	0.333
6.707	0.030	0.333
6.707	0.030	0.333
6.707	0.032	0.333
6.707	0.032	0.333
6.707	0.030	0.332
6.708	0.030	0.332
6.708	0.030	0.332
6.708	0.030	0.332
6.708	0.030	0.332
6.708	0.030	0.332
6.708	0.032	0.332
6.708	0.032	0.332
6.708	0.034	0.332
6.708	0.034	0.332
6.708	0.028	0.331
6.709	0.028	0.331
6.709	0.030	0.331
6.709	0.030	0.331
6.709	0.032	0.330
6.709	0.032	0.330
6.709	0.030	0.329
6.709	0.030	0.329
6.709	0.030	0.329
6.709	0.030	0.329
6.709	0.030	0.330
6.710	0.030	0.330
6.710	0.030	0.329
6.710	0.030	0.329
6.710	0.034	0.330
6.710	0.034	0.330
6.710	0.030	0.329
6.710	0.030	0.329
6.710	0.032	0.328
6.710	0.032	0.328
6.710	0.030	0.328
6.711	0.030	0.328
6.711	0.032	0.328
6.711	0.032	0.328
6.711	0.032	0.327
6.711	0.032	0.327
6.711	0.030	0.327
6.711	0.030	0.327
6.711	0.030	0.326
6.711	0.030	0.326
6.711	0.030	0.327
6.712	0.030	0.327
6.712	0.030	0.326
6.712	0.030	0.326
6.712	0.030	0.326
6.712	0.030	0.326
6.712	0.032	0.325
6.712	0.032	0.325
6.712	0.028	0.325
6.712	0.028	0.325
6.712	0.028	0.326
6.713	0.028	0.326
6.713	0.030	0.325
6.713	0.030	0.325
6.713	0.028	0.325
6.713	0.028	0.325
6.713	0.030	0.325
6.713	0.030	0.325
6.713	0.030	0.325
6.713	0.030	0.325
6.713	0.030	0.325
6.714	0.030	0.325
6.714	0.030	0.324
6.714	0.030	0.324
6.714	0.030	0.324
6.714	0.030	0.324
6.714	0.034	0.324
6.714	0.034	0.324
6.714	0.030	0.324
6.714	0.030	0.324
6.714	0.030	0.323
6.715	0.030	0.323
6.715	0.030	0.323
6.715	0.030	0.323
6.715	0.030	0.323
6.715	0.030	0.323
6.715	0.030	0.322
6.715	0.030	0.322
6.715	0.032	0.322
6.715	0.032	0.322
6.715	0.030	0.322
6.716	0.030	0.322
6.716	0.032	0.322
6.716	0.032	0.322
6.716	0.034	0.321
6.716	0.034	0.321
6.716	0.034	0.321
6.716	0.034	0.321
6.716	0.032	0.321
6.716	0.032	0.321
6.716	0.030	0.320
6.717	0.030	0.320
6.717	0.030	0.320
6.717	0.030	0.320
6.717	0.032	0.320
6.717	0.032	0.320
6.717	0.028	0.320
6.717	0.028	0.320
6.717	0.030	0.320
6.717	0.030	0.320
6.717	0.028	0.319
6.718	0.028	0.319
6.718	0.028	0.319
6.718	0.028	0.319
6.718	0.030	0.319
6.718	0.030	0.319
6.718	0.030	0.318
6.718	0.030	0.318
6.718	0.030	0.317
6.718	0.030	0.317
6.718	0.030	0.318
6.719	0.030	0.318
6.719	0.030	0.317
6.719	0.030	0.317
6.719	0.030	0.316
6.719	0.030	0.316
6.719	0.028	0.316
6.719	0.028	0.316
6.719	0.030	0.315
6.719	0.030	0.315
6.719	0.030	0.316
6.720	0.030	0.316
6.720	0.030	0.315
6.720	0.030	0.315
6.720	0.028	0.316
6.720	0.028	0.316
6.720	0.030	0.314
6.720	0.030	0.314
6.720	0.030	0.315
6.720	0.030	0.315
6.720	0.030	0.314
6.721	0.030	0.314
6.721	0.030	0.314
6.721	0.030	0.314
6.721	0.030	0.312
6.721	0.030	0.312
6.721	0.028	0.313
6.721	0.028	0.313
6.721	0.030	0.312
6.721	0.030	0.312
6.721	0.030	0.311
6.722	0.030	0.311
6.722	0.030	0.310
6.722	0.030	0.310
6.722	0.028	0.311
6.722	0.028	0.311
6.722	0.030	0.310
6.722	0.030	0.310
6.722	0.030	0.310
6.722	0.030	0.310
6.722	0.030	0.310
6.723	0.030	0.310
6.723	0.028	0.309
6.723	0.028	0.309
6.723	0.030	0.309
6.723	0.030	0.309
6.723	0.028	0.308
6.723	0.028	0.308
6.723	0.030	0.308
6.723	0.030	0.308
6.723	0.030	0.308
6.724	0.030	0.308
6.724	0.030	0.308
6.724	0.030	0.308
6.724	0.030	0.308
6.724	0.030	0.308
6.724	0.030	0.307
6.724	0.030	0.307
6.724	0.030	0.306
6.724	0.030	0.306
6.724	0.030	0.306
6.725	0.030	0.306
6.725	0.032	0.306
6.725	0.032	0.306
6.725	0.030	0.306
6.725	0.030	0.306
6.725	0.030	0.305
6.725	0.030	0.305
6.725	0.030	0.304
6.725	0.030	0.304
6.725	0.030	0.304
6.726	0.030	0.304
6.726	0.030	0.304
6.726	0.030	0.304
6.726	0.028	0.304
6.726	0.028	0.304
6.726	0.030	0.302
6.726	0.030	0.302
6.726	0.030	0.303
6.726	0.030	0.303
6.726	0.030	0.302
6.727	0.030	0.302
6.727	0.030	0.300
6.727	0.030	0.300
6.727	0.030	0.300
6.727	0.030	0.300
6.727	0.030	0.300
6.727	0.030	0.300
6.727	0.030	0.300
6.727	0.030	0.300
6.727	0.030	0.299
6.728	0.030	0.299
6.728	0.028	0.299
6.728	0.028	0.299
6.728	0.030	0.298
6.728	0.030	0.298
6.728	0.028	0.296
6.728	0.028	0.296
6.728	0.032	0.297
6.728	0.032	0.297
6.728	0.028	0.296
6.729	0.028	0.296
6.729	0.028	0.296
6.729	0.028	0.296
6.729	0.032	0.296
6.729	0.032	0.296
6.729	0.030	0.296
6.729	0.030	0.296
6.729	0.030	0.296
6.729	0.030	0.296
6.729	0.026	0.297
6.730	0.026	0.297
6.730	0.028	0.296
6.730	0.028	0.296
6.730	0.028	0.296
6.730	0.028	0.296
6.730	0.028	0.296
6.730	0.028	0.296
6.730	0.026	0.296
6.730	0.026	0.296
6.730	0.028	0.296
6.731	0.028	0.296
6.731	0.030	0.295
6.731	0.030	0.295
6.731	0.028	0.295
6.731	0.028	0.295
6.731	0.030	0.294
6.731	0.030	0.294
6.731	0.028	0.294
6.731	0.028	0.294
6.731	0.028	0.293
6.732	0.028	0.293
6.732	0.030	0.293
6.732	0.030	0.293
6.732	0.028	0.293
