6.332	0.054	0.440
6.332	0.054	0.440
6.332	0.054	0.440
6.332	0.054	0.440
6.332	0.054	0.440
6.332	0.058	0.440
6.333	0.058	0.440
6.333	0.054	0.440
6.333	0.054	0.440
6.333	0.054	0.440
6.333	0.054	0.440
6.333	0.056	0.440
6.333	0.056	0.440
6.333	0.056	0.441
6.333	0.056	0.441
6.333	0.056	0.440
6.334	0.056	0.440
6.334	0.054	0.440
6.334	0.054	0.440
6.334	0.056	0.440
6.334	0.056	0.440
6.334	0.054	0.440
6.334	0.054	0.440
6.334	0.054	0.440
6.334	0.054	0.440
6.334	0.058	0.440
6.335	0.058	0.440
6.335	0.054	0.440
6.335	0.054	0.440
6.335	0.054	0.440
6.335	0.054	0.440
6.335	0.058	0.440
6.335	0.058	0.440
6.335	0.058	0.440
6.335	0.058	0.440
6.335	0.054	0.440
6.336	0.054	0.440
6.336	0.056	0.440
6.336	0.056	0.440
6.336	0.056	0.440
6.336	0.056	0.440
6.336	0.058	0.440
6.336	0.058	0.440
6.336	0.054	0.440
6.336	0.054	0.440
6.336	0.058	0.440
6.337	0.058	0.440
6.337	0.054	0.440
6.337	0.054	0.440
6.337	0.054	0.440
6.337	0.054	0.440
6.337	0.058	0.440
6.337	0.058	0.440
6.337	0.056	0.441
6.337	0.056	0.441
6.337	0.056	0.440
6.338	0.056	0.440
6.338	0.054	0.440
6.338	0.054	0.440
6.338	0.056	0.440
6.338	0.056	0.440
6.338	0.054	0.440
6.338	0.054	0.440
6.338	0.054	0.440
6.338	0.054	0.440
6.338	0.054	0.440
6.339	0.054	0.440
6.339	0.054	0.440
6.339	0.054	0.440
6.339	0.052	0.440
6.339	0.052	0.440
6.339	0.052	0.440
6.339	0.052	0.440
6.339	0.054	0.440
6.339	0.054	0.440
6.339	0.052	0.440
6.340	0.052	0.440
6.340	0.056	0.440
6.340	0.056	0.440
6.340	0.056	0.440
6.340	0.056	0.440
6.340	0.054	0.440
6.340	0.054	0.440
6.340	0.054	0.440
6.340	0.054	0.440
6.340	0.058	0.440
6.341	0.058	0.440
6.341	0.054	0.440
6.341	0.054	0.440
6.341	0.054	0.440
6.341	0.054	0.440
6.341	0.054	0.440
6.341	0.054	0.440
6.341	0.054	0.440
6.341	0.054	0.440
6.341	0.054	0.440
6.342	0.054	0.440
6.342	0.052	0.440
6.342	0.052	0.440
6.342	0.056	0.440
6.342	0.056	0.440
6.342	0.054	0.440
6.342	0.054	0.440
6.342	0.056	0.440
6.342	0.056	0.440
6.342	0.054	0.440
6.343	0.054	0.440
6.343	0.054	0.440
6.343	0.054	0.440
6.343	0.054	0.440
6.343	0.054	0.440
6.343	0.056	0.440
6.343	0.056	0.440
6.343	0.058	0.440
6.343	0.058	0.440
6.343	0.056	0.440
6.344	0.056	0.440
6.344	0.056	0.440
6.344	0.056	0.440
6.344	0.054	0.440
6.344	0.054	0.440
6.344	0.054	0.440
6.344	0.054	0.440
6.344	0.058	0.440
6.344	0.058	0.440
6.344	0.054	0.440
6.345	0.054	0.440
6.345	0.056	0.440
6.345	0.056	0.440
6.345	0.054	0.440
6.345	0.054	0.440
6.345	0.054	0.440
6.345	0.054	0.440
6.345	0.054	0.440
6.345	0.054	0.440
6.345	0.054	0.440
6.346	0.054	0.440
6.346	0.054	0.440
6.346	0.054	0.440
6.346	0.054	0.440
6.346	0.054	0.440
6.346	0.056	0.440
6.346	0.056	0.440
6.346	0.054	0.440
6.346	0.054	0.440
6.346	0.054	0.440
6.347	0.054	0.440
6.347	0.054	0.440
6.347	0.054	0.440
6.347	0.054	0.439
6.347	0.054	0.439
6.347	0.054	0.440
6.347	0.054	0.440
6.347	0.056	0.440
6.347	0.056	0.440
6.347	0.056	0.440
6.348	0.056	0.440
6.348	0.056	0.440
6.348	0.056	0.440
6.348	0.054	0.440
6.348	0.054	0.440
6.348	0.054	0.440
6.348	0.054	0.440
6.348	0.054	0.440
6.348	0.054	0.440
6.348	0.054	0.440
6.349	0.054	0.440
6.349	0.054	0.440
6.349	0.054	0.440
6.349	0.054	0.440
6.349	0.054	0.440
6.349	0.052	0.439
6.349	0.052	0.439
6.349	0.056	0.440
6.349	0.056	0.440
6.349	0.052	0.440
6.350	0.052	0.440
6.350	0.054	0.440
6.350	0.054	0.440
6.350	0.054	0.439
6.350	0.054	0.439
6.350	0.056	0.440
6.350	0.056	0.440
6.350	0.052	0.439
6.350	0.052	0.439
6.350	0.052	0.440
6.351	0.052	0.440
6.351	0.054	0.439
6.351	0.054	0.439
6.351	0.054	0.440
6.351	0.054	0.440
6.351	0.056	0.440
6.351	0.056	0.440
6.351	0.054	0.439
6.351	0.054	0.439
6.351	0.054	0.440
6.352	0.054	0.440
6.352	0.052	0.440
6.352	0.052	0.440
6.352	0.054	0.440
6.352	0.054	0.440
6.352	0.054	0.440
6.352	0.054	0.440
6.352	0.054	0.440
6.352	0.054	0.440
6.352	0.054	0.440
6.353	0.054	0.440
6.353	0.054	0.440
6.353	0.054	0.440
6.353	0.056	0.440
6.353	0.056	0.440
6.353	0.052	0.439
6.353	0.052	0.439
6.353	0.054	0.439
6.353	0.054	0.439
6.353	0.054	0.440
6.354	0.054	0.440
6.354	0.054	0.440
6.354	0.054	0.440
6.354	0.054	0.440
6.354	0.054	0.440
6.354	0.054	0.440
6.354	0.054	0.440
6.354	0.054	0.439
6.354	0.054	0.439
6.354	0.054	0.439
6.355	0.054	0.439
6.355	0.052	0.440
6.355	0.052	0.440
6.355	0.054	0.440
6.355	0.054	0.440
6.355	0.056	0.440
6.355	0.056	0.440
6.355	0.054	0.439
6.355	0.054	0.439
6.355	0.054	0.440
6.356	0.054	0.440
6.356	0.054	0.440
6.356	0.054	0.440
6.356	0.054	0.439
6.356	0.054	0.439
6.356	0.052	0.439
6.356	0.052	0.439
6.356	0.054	0.439
6.356	0.054	0.439
6.356	0.054	0.440
6.357	0.054	0.440
6.357	0.054	0.439
6.357	0.054	0.439
6.357	0.052	0.439
6.357	0.052	0.439
6.357	0.054	0.440
6.357	0.054	0.440
6.357	0.052	0.439
6.357	0.052	0.439
6.357	0.052	0.440
6.358	0.052	0.440
6.358	0.054	0.439
6.358	0.054	0.439
6.358	0.052	0.439
6.358	0.052	0.439
6.358	0.052	0.440
6.358	0.052	0.440
6.358	0.054	0.440
6.358	0.054	0.440
6.358	0.052	0.439
6.359	0.052	0.439
6.359	0.052	0.440
6.359	0.052	0.440
6.359	0.054	0.439
6.359	0.054	0.439
6.359	0.054	0.440
6.359	0.054	0.440
6.359	0.054	0.440
6.359	0.054	0.440
6.359	0.052	0.439
6.360	0.052	0.439
6.360	0.052	0.439
6.360	0.052	0.439
6.360	0.054	0.439
6.360	0.054	0.439
6.360	0.054	0.439
6.360	0.054	0.439
6.360	0.052	0.439
6.360	0.052	0.439
6.360	0.054	0.439
6.361	0.054	0.439
6.361	0.058	0.439
6.361	0.058	0.439
6.361	0.054	0.439
6.361	0.054	0.439
6.361	0.052	0.439
6.361	0.052	0.439
6.361	0.054	0.439
6.361	0.054	0.439
6.361	0.054	0.439
6.362	0.054	0.439
6.362	0.052	0.439
6.362	0.052	0.439
6.362	0.054	0.440
6.362	0.054	0.440
6.362	0.054	0.439
6.362	0.054	0.439
6.362	0.054	0.439
6.362	0.054	0.439
6.362	0.056	0.438
6.363	0.056	0.438
6.363	0.054	0.438
6.363	0.054	0.438
6.363	0.054	0.439
6.363	0.054	0.439
6.363	0.052	0.439
6.363	0.052	0.439
6.363	0.054	0.439
6.363	0.054	0.439
6.363	0.054	0.439
6.364	0.054	0.439
6.364	0.052	0.439
6.364	0.052	0.439
6.364	0.052	0.438
6.364	0.052	0.438
6.364	0.054	0.439
6.364	0.054	0.439
6.364	0.052	0.438
6.364	0.052	0.438
6.364	0.054	0.438
6.365	0.054	0.438
6.365	0.052	0.438
6.365	0.052	0.438
6.365	0.052	0.439
6.365	0.052	0.439
6.365	0.054	0.439
6.365	0.054	0.439
6.365	0.052	0.439
6.365	0.052	0.439
6.365	0.052	0.439
6.366	0.052	0.439
6.366	0.052	0.439
6.366	0.052	0.439
6.366	0.054	0.439
6.366	0.054	0.439
6.366	0.054	0.439
6.366	0.054	0.439
6.366	0.052	0.438
6.366	0.052	0.438
6.366	0.052	0.438
6.367	0.052	0.438
6.367	0.054	0.438
6.367	0.054	0.438
6.367	0.052	0.438
6.367	0.052	0.438
6.367	0.052	0.438
6.367	0.052	0.438
6.367	0.054	0.439
6.367	0.054	0.439
6.367	0.052	0.439
6.368	0.052	0.439
6.368	0.054	0.438
6.368	0.054	0.438
6.368	0.052	0.439
6.368	0.052	0.439
6.368	0.052	0.439
6.368	0.052	0.439
6.368	0.054	0.439
6.368	0.054	0.439
6.368	0.052	0.438
6.369	0.052	0.438
6.369	0.050	0.438
6.369	0.050	0.438
6.369	0.052	0.438
6.369	0.052	0.438
6.369	0.052	0.438
6.369	0.052	0.438
6.369	0.052	0.438
6.369	0.052	0.438
6.369	0.054	0.439
6.370	0.054	0.439
6.370	0.052	0.439
6.370	0.052	0.439
6.370	0.052	0.438
6.370	0.052	0.438
6.370	0.054	0.438
6.370	0.054	0.438
6.370	0.054	0.439
6.370	0.054	0.439
6.370	0.054	0.438
6.371	0.054	0.438
6.371	0.052	0.438
6.371	0.052	0.438
6.371	0.054	0.438
6.371	0.054	0.438
6.371	0.054	0.438
6.371	0.054	0.438
6.371	0.054	0.438
6.371	0.054	0.438
6.371	0.054	0.438
6.372	0.054	0.438
6.372	0.054	0.438
6.372	0.054	0.438
6.372	0.054	0.438
6.372	0.054	0.438
6.372	0.054	0.438
6.372	0.054	0.438
6.372	0.054	0.438
6.372	0.054	0.438
6.372	0.054	0.439
6.373	0.054	0.439
6.373	0.052	0.439
6.373	0.052	0.439
6.373	0.052	0.438
6.373	0.052	0.438
6.373	0.054	0.438
6.373	0.054	0.438
6.373	0.054	0.438
6.373	0.054	0.438
6.373	0.052	0.438
6.374	0.052	0.438
6.374	0.050	0.438
6.374	0.050	0.438
6.374	0.054	0.437
6.374	0.054	0.437
6.374	0.050	0.438
6.374	0.050	0.438
6.374	0.054	0.438
6.374	0.054	0.438
6.374	0.054	0.438
6.375	0.054	0.438
6.375	0.052	0.439
6.375	0.052	0.439
6.375	0.052	0.438
6.375	0.052	0.438
6.375	0.054	0.437
6.375	0.054	0.437
6.375	0.052	0.438
6.375	0.052	0.438
6.375	0.052	0.438
6.376	0.052	0.438
6.376	0.052	0.438
6.376	0.052	0.438
6.376	0.052	0.438
6.376	0.052	0.438
6.376	0.052	0.438
6.376	0.052	0.438
6.376	0.056	0.437
6.376	0.056	0.437
6.376	0.052	0.439
6.377	0.052	0.439
6.377	0.052	0.437
6.377	0.052	0.437
6.377	0.054	0.438
6.377	0.054	0.438
6.377	0.052	0.438
6.377	0.052	0.438
6.377	0.054	0.437
6.377	0.054	0.437
6.377	0.052	0.438
6.378	0.052	0.438
6.378	0.052	0.438
6.378	0.052	0.438
6.378	0.052	0.437
6.378	0.052	0.437
6.378	0.052	0.437
6.378	0.052	0.437
6.378	0.052	0.438
6.378	0.052	0.438
6.378	0.052	0.438
6.379	0.052	0.438
6.379	0.050	0.437
6.379	0.050	0.437
6.379	0.052	0.437
6.379	0.052	0.437
6.379	0.052	0.437
6.379	0.052	0.437
6.379	0.054	0.437
6.379	0.054	0.437
6.379	0.050	0.437
6.380	0.050	0.437
6.380	0.054	0.438
6.380	0.054	0.438
6.380	0.052	0.438
6.380	0.052	0.438
6.380	0.052	0.438
6.380	0.052	0.438
6.380	0.052	0.438
6.380	0.052	0.438
6.380	0.052	0.438
6.381	0.052	0.438
6.381	0.052	0.437
6.381	0.052	0.437
6.381	0.052	0.438
6.381	0.052	0.438
6.381	0.050	0.437
6.381	0.050	0.437
6.381	0.052	0.437
6.381	0.052	0.437
6.381	0.052	0.438
6.382	0.052	0.438
6.382	0.050	0.437
6.382	0.050	0.437
6.382	0.050	0.437
6.382	0.050	0.437
6.382	0.052	0.437
6.382	0.052	0.437
6.382	0.054	0.438
6.382	0.054	0.438
6.382	0.052	0.438
6.383	0.052	0.438
6.383	0.052	0.437
6.383	0.052	0.437
6.383	0.052	0.438
6.383	0.052	0.438
6.383	0.052	0.437
6.383	0.052	0.437
6.383	0.050	0.437
6.383	0.050	0.437
6.383	0.056	0.437
6.384	0.056	0.437
6.384	0.050	0.436
6.384	0.050	0.436
6.384	0.052	0.437
6.384	0.052	0.437
6.384	0.052	0.437
6.384	0.052	0.437
6.384	0.052	0.438
6.384	0.052	0.438
6.384	0.052	0.437
6.385	0.052	0.437
6.385	0.052	0.436
6.385	0.052	0.436
6.385	0.052	0.437
6.385	0.052	0.437
6.385	0.052	0.437
6.385	0.052	0.437
6.385	0.054	0.437
6.385	0.054	0.437
6.385	0.052	0.437
6.386	0.052	0.437
6.386	0.052	0.438
6.386	0.052	0.438
6.386	0.054	0.437
6.386	0.054	0.437
6.386	0.052	0.437
6.386	0.052	0.437
6.386	0.052	0.437
6.386	0.052	0.437
6.386	0.054	0.437
6.387	0.054	0.437
6.387	0.052	0.436
6.387	0.052	0.436
6.387	0.052	0.437
6.387	0.052	0.437
6.387	0.052	0.437
6.387	0.052	0.437
6.387	0.052	0.436
6.387	0.052	0.436
6.387	0.052	0.437
6.388	0.052	0.437
6.388	0.052	0.437
6.388	0.052	0.437
6.388	0.054	0.437
6.388	0.054	0.437
6.388	0.052	0.436
6.388	0.052	0.436
6.388	0.054	0.437
6.388	0.054	0.437
6.388	0.052	0.436
6.389	0.052	0.436
6.389	0.052	0.437
6.389	0.052	0.437
6.389	0.054	0.437
6.389	0.054	0.437
6.389	0.050	0.437
6.389	0.050	0.437
6.389	0.052	0.436
6.389	0.052	0.436
6.389	0.054	0.437
6.390	0.054	0.437
6.390	0.052	0.436
6.390	0.052	0.436
6.390	0.052	0.437
6.390	0.052	0.437
6.390	0.052	0.436
6.390	0.052	0.436
6.390	0.050	0.437
6.390	0.050	0.437
6.390	0.050	0.436
6.391	0.050	0.436
6.391	0.050	0.436
6.391	0.050	0.436
6.391	0.052	0.436
6.391	0.052	0.436
6.391	0.052	0.437
6.391	0.052	0.437
6.391	0.050	0.436
6.391	0.050	0.436
6.391	0.052	0.437
6.392	0.052	0.437
6.392	0.050	0.437
6.392	0.050	0.437
6.392	0.050	0.436
6.392	0.050	0.436
6.392	0.052	0.437
6.392	0.052	0.437
6.392	0.052	0.436
6.392	0.052	0.436
6.392	0.050	0.436
6.393	0.050	0.436
6.393	0.050	0.436
6.393	0.050	0.436
6.393	0.050	0.436
6.393	0.050	0.436
6.393	0.050	0.437
6.393	0.050	0.437
6.393	0.050	0.437
6.393	0.050	0.437
6.393	0.050	0.436
6.394	0.050	0.436
6.394	0.052	0.436
6.394	0.052	0.436
6.394	0.050	0.436
6.394	0.050	0.436
6.394	0.052	0.436
6.394	0.052	0.436
6.394	0.052	0.436
6.394	0.052	0.436
6.394	0.050	0.436
6.395	0.050	0.436
6.395	0.052	0.436
6.395	0.052	0.436
6.395	0.052	0.436
6.395	0.052	0.436
6.395	0.050	0.436
6.395	0.050	0.436
6.395	0.052	0.436
6.395	0.052	0.436
6.395	0.052	0.437
6.396	0.052	0.437
6.396	0.052	0.436
6.396	0.052	0.436
6.396	0.052	0.436
6.396	0.052	0.436
6.396	0.050	0.436
6.396	0.050	0.436
6.396	0.050	0.436
6.396	0.050	0.436
6.396	0.050	0.436
6.397	0.050	0.436
6.397	0.052	0.436
6.397	0.052	0.436
6.397	0.050	0.436
6.397	0.050	0.436
6.397	0.052	0.436
6.397	0.052	0.436
6.397	0.052	0.436
6.397	0.052	0.436
6.397	0.052	0.436
6.398	0.052	0.436
6.398	0.050	0.436
6.398	0.050	0.436
6.398	0.052	0.436
6.398	0.052	0.436
6.398	0.052	0.436
6.398	0.052	0.436
6.398	0.052	0.436
6.398	0.052	0.436
6.398	0.050	0.436
6.399	0.050	0.436
6.399	0.050	0.436
6.399	0.050	0.436
6.399	0.050	0.436
6.399	0.050	0.436
6.399	0.050	0.436
6.399	0.050	0.436
6.399	0.050	0.436
6.399	0.050	0.436
6.399	0.052	0.436
6.400	0.052	0.436
6.400	0.050	0.436
6.400	0.050	0.436
6.400	0.052	0.436
6.400	0.052	0.436
6.400	0.052	0.436
6.400	0.052	0.436
6.400	0.052	0.436
6.400	0.052	0.436
6.400	0.052	0.436
6.401	0.052	0.436
6.401	0.052	0.436
6.401	0.052	0.436
6.401	0.050	0.436
6.401	0.050	0.436
6.401	0.052	0.436
6.401	0.052	0.436
6.401	0.052	0.436
6.401	0.052	0.436
6.401	0.052	0.436
6.402	0.052	0.436
6.402	0.052	0.436
6.402	0.052	0.436
6.402	0.052	0.436
6.402	0.052	0.436
6.402	0.050	0.435
6.402	0.050	0.435
6.402	0.052	0.436
6.402	0.052	0.436
6.402	0.050	0.435
6.403	0.050	0.435
6.403	0.050	0.436
6.403	0.050	0.436
6.403	0.050	0.436
6.403	0.050	0.436
6.403	0.050	0.436
6.403	0.050	0.436
6.403	0.050	0.436
6.403	0.050	0.436
6.403	0.050	0.436
6.404	0.050	0.436
6.404	0.052	0.436
6.404	0.052	0.436
6.404	0.050	0.436
6.404	0.050	0.436
6.404	0.050	0.436
6.404	0.050	0.436
6.404	0.052	0.435
6.404	0.052	0.435
6.404	0.050	0.435
6.405	0.050	0.435
6.405	0.048	0.436
6.405	0.048	0.436
6.405	0.050	0.436
6.405	0.050	0.436
6.405	0.052	0.436
6.405	0.052	0.436
6.405	0.050	0.436
6.405	0.050	0.436
6.405	0.050	0.436
6.406	0.050	0.436
6.406	0.050	0.436
6.406	0.050	0.436
6.406	0.050	0.435
6.406	0.050	0.435
6.406	0.052	0.436
6.406	0.052	0.436
6.406	0.048	0.435
6.406	0.048	0.435
6.406	0.050	0.435
6.407	0.050	0.435
6.407	0.050	0.435
6.407	0.050	0.435
6.407	0.050	0.435
6.407	0.050	0.435
6.407	0.050	0.435
6.407	0.050	0.435
6.407	0.052	0.435
6.407	0.052	0.435
6.407	0.052	0.435
6.408	0.052	0.435
6.408	0.050	0.436
6.408	0.050	0.436
6.408	0.052	0.435
6.408	0.052	0.435
6.408	0.050	0.435
6.408	0.050	0.435
6.408	0.050	0.436
6.408	0.050	0.436
6.408	0.052	0.435
6.409	0.052	0.435
6.409	0.050	0.435
6.409	0.050	0.435
6.409	0.050	0.435
6.409	0.050	0.435
6.409	0.050	0.435
6.409	0.050	0.435
6.409	0.050	0.435
6.409	0.050	0.435
6.409	0.052	0.435
6.410	0.052	0.435
6.410	0.050	0.435
6.410	0.050	0.435
6.410	0.052	0.434
6.410	0.052	0.434
6.410	0.050	0.435
6.410	0.050	0.435
6.410	0.050	0.434
6.410	0.050	0.434
6.410	0.050	0.434
6.411	0.050	0.434
6.411	0.050	0.435
6.411	0.050	0.435
6.411	0.050	0.434
6.411	0.050	0.434
6.411	0.050	0.434
6.411	0.050	0.434
6.411	0.052	0.434
6.411	0.052	0.434
6.411	0.050	0.434
6.412	0.050	0.434
6.412	0.050	0.435
6.412	0.050	0.435
6.412	0.052	0.434
6.412	0.052	0.434
6.412	0.050	0.434
6.412	0.050	0.434
6.412	0.050	0.434
6.412	0.050	0.434
6.412	0.050	0.434
6.413	0.050	0.434
6.413	0.050	0.434
6.413	0.050	0.434
6.413	0.052	0.434
6.413	0.052	0.434
6.413	0.050	0.434
6.413	0.050	0.434
6.413	0.050	0.434
6.413	0.050	0.434
6.413	0.050	0.433
6.414	0.050	0.433
6.414	0.050	0.434
6.414	0.050	0.434
6.414	0.050	0.434
6.414	0.050	0.434
6.414	0.048	0.433
6.414	0.048	0.433
6.414	0.050	0.434
6.414	0.050	0.434
6.414	0.048	0.434
6.415	0.048	0.434
6.415	0.050	0.433
6.415	0.050	0.433
6.415	0.050	0.434
6.415	0.050	0.434
6.415	0.052	0.433
6.415	0.052	0.433
6.415	0.052	0.433
6.415	0.052	0.433
6.415	0.052	0.433
6.416	0.052	0.433
6.416	0.050	0.433
6.416	0.050	0.433
6.416	0.050	0.433
6.416	0.050	0.433
6.416	0.050	0.433
6.416	0.050	0.433
6.416	0.050	0.433
6.416	0.050	0.433
6.416	0.050	0.433
6.417	0.050	0.433
6.417	0.050	0.433
6.417	0.050	0.433
6.417	0.050	0.433
6.417	0.050	0.433
6.417	0.050	0.433
6.417	0.050	0.433
6.417	0.050	0.433
6.417	0.050	0.433
6.417	0.052	0.433
6.418	0.052	0.433
6.418	0.050	0.433
6.418	0.050	0.433
6.418	0.048	0.433
6.418	0.048	0.433
6.418	0.050	0.433
6.418	0.050	0.433
6.418	0.050	0.432
6.418	0.050	0.432
6.418	0.050	0.433
6.419	0.050	0.433
6.419	0.050	0.432
6.419	0.050	0.432
6.419	0.048	0.432
6.419	0.048	0.432
6.419	0.048	0.433
6.419	0.048	0.433
6.419	0.050	0.432
6.419	0.050	0.432
6.419	0.050	0.433
6.420	0.050	0.433
6.420	0.050	0.432
6.420	0.050	0.432
6.420	0.050	0.433
6.420	0.050	0.433
6.420	0.048	0.432
6.420	0.048	0.432
6.420	0.048	0.433
6.420	0.048	0.433
6.420	0.052	0.432
6.421	0.052	0.432
6.421	0.050	0.432
6.421	0.050	0.432
6.421	0.050	0.433
6.421	0.050	0.433
6.421	0.050	0.432
6.421	0.050	0.432
6.421	0.050	0.432
6.421	0.050	0.432
6.421	0.050	0.432
6.422	0.050	0.432
6.422	0.048	0.432
6.422	0.048	0.432
6.422	0.050	0.432
6.422	0.050	0.432
6.422	0.050	0.432
6.422	0.050	0.432
6.422	0.046	0.432
6.422	0.046	0.432
6.422	0.050	0.433
6.423	0.050	0.433
6.423	0.050	0.432
6.423	0.050	0.432
6.423	0.050	0.432
6.423	0.050	0.432
6.423	0.050	0.432
6.423	0.050	0.432
6.423	0.050	0.432
6.423	0.050	0.432
6.423	0.050	0.432
6.424	0.050	0.432
6.424	0.050	0.432
6.424	0.050	0.432
6.424	0.050	0.432
6.424	0.050	0.432
6.424	0.048	0.432
6.424	0.048	0.432
6.424	0.050	0.432
6.424	0.050	0.432
6.424	0.050	0.432
6.425	0.050	0.432
6.425	0.050	0.432
6.425	0.050	0.432
6.425	0.050	0.432
6.425	0.050	0.432
6.425	0.050	0.432
6.425	0.050	0.432
6.425	0.050	0.432
6.425	0.050	0.432
6.425	0.048	0.432
6.426	0.048	0.432
6.426	0.050	0.432
6.426	0.050	0.432
6.426	0.050	0.432
6.426	0.050	0.432
6.426	0.050	0.432
6.426	0.050	0.432
6.426	0.048	0.432
6.426	0.048	0.432
6.426	0.050	0.431
6.427	0.050	0.431
6.427	0.050	0.431
6.427	0.050	0.431
6.427	0.050	0.431
6.427	0.050	0.431
6.427	0.050	0.432
6.427	0.050	0.432
6.427	0.050	0.431
6.427	0.050	0.431
6.427	0.050	0.431
6.428	0.050	0.431
6.428	0.050	0.431
6.428	0.050	0.431
6.428	0.052	0.431
6.428	0.052	0.431
6.428	0.050	0.431
6.428	0.050	0.431
6.428	0.048	0.431
6.428	0.048	0.431
6.428	0.050	0.430
6.429	0.050	0.430
6.429	0.050	0.430
6.429	0.050	0.430
6.429	0.050	0.431
6.429	0.050	0.431
6.429	0.050	0.430
6.429	0.050	0.430
6.429	0.050	0.431
6.429	0.050	0.431
6.429	0.050	0.430
6.430	0.050	0.430
6.430	0.048	0.430
6.430	0.048	0.430
6.430	0.050	0.431
6.430	0.050	0.431
6.430	0.050	0.430
6.430	0.050	0.430
6.430	0.050	0.430
6.430	0.050	0.430
6.430	0.050	0.430
6.431	0.050	0.430
6.431	0.048	0.430
6.431	0.048	0.430
6.431	0.050	0.430
6.431	0.050	0.430
6.431	0.048	0.429
6.431	0.048	0.429
6.431	0.050	0.430
6.431	0.050	0.430
6.431	0.050	0.429
6.432	0.050	0.429
6.432	0.050	0.429
6.432	0.050	0.429
6.432	0.048	0.429
6.432	0.048	0.429
6.432	0.048	0.430
6.432	0.048	0.430
6.432	0.050	0.429
6.432	0.050	0.429
6.432	0.048	0.429
6.433	0.048	0.429
6.433	0.048	0.429
6.433	0.048	0.429
6.433	0.048	0.430
6.433	0.048	0.430
6.433	0.050	0.429
6.433	0.050	0.429
6.433	0.050	0.428
6.433	0.050	0.428
6.433	0.050	0.429
6.434	0.050	0.429
6.434	0.050	0.429
6.434	0.050	0.429
6.434	0.050	0.429
6.434	0.050	0.429
6.434	0.050	0.428
6.434	0.050	0.428
6.434	0.050	0.428
6.434	0.050	0.428
6.434	0.050	0.428
6.435	0.050	0.428
6.435	0.050	0.428
6.435	0.050	0.428
6.435	0.050	0.429
6.435	0.050	0.429
6.435	0.050	0.428
6.435	0.050	0.428
6.435	0.050	0.428
6.435	0.050	0.428
6.435	0.050	0.428
6.436	0.050	0.428
6.436	0.048	0.428
6.436	0.048	0.428
6.436	0.050	0.428
6.436	0.050	0.428
6.436	0.050	0.428
6.436	0.050	0.428
6.436	0.050	0.428
6.436	0.050	0.428
6.436	0.046	0.428
6.437	0.046	0.428
6.437	0.050	0.428
6.437	0.050	0.428
6.437	0.048	0.428
6.437	0.048	0.428
6.437	0.050	0.428
6.437	0.050	0.428
6.437	0.048	0.428
6.437	0.048	0.428
6.437	0.048	0.428
6.438	0.048	0.428
6.438	0.050	0.428
6.438	0.050	0.428
6.438	0.048	0.428
6.438	0.048	0.428
6.438	0.050	0.428
6.438	0.050	0.428
6.438	0.050	0.428
6.438	0.050	0.428
6.438	0.050	0.428
6.439	0.050	0.428
6.439	0.050	0.428
6.439	0.050	0.428
6.439	0.046	0.428
6.439	0.046	0.428
6.439	0.048	0.428
6.439	0.048	0.428
6.439	0.048	0.428
6.439	0.048	0.428
6.439	0.048	0.428
6.440	0.048	0.428
6.440	0.050	0.428
6.440	0.050	0.428
6.440	0.046	0.428
6.440	0.046	0.428
6.440	0.048	0.428
6.440	0.048	0.428
6.440	0.050	0.428
6.440	0.050	0.428
6.440	0.050	0.428
6.441	0.050	0.428
6.441	0.050	0.428
6.441	0.050	0.428
6.441	0.046	0.428
6.441	0.046	0.428
6.441	0.050	0.428
6.441	0.050	0.428
6.441	0.050	0.427
6.441	0.050	0.427
6.441	0.048	0.428
6.442	0.048	0.428
6.442	0.050	0.428
6.442	0.050	0.428
6.442	0.050	0.428
6.442	0.050	0.428
6.442	0.050	0.426
6.442	0.050	0.426
6.442	0.048	0.427
6.442	0.048	0.427
6.442	0.048	0.426
6.443	0.048	0.426
6.443	0.050	0.426
6.443	0.050	0.426
6.443	0.050	0.426
6.443	0.050	0.426
6.443	0.050	0.426
6.443	0.050	0.426
6.443	0.048	0.427
6.443	0.048	0.427
6.443	0.048	0.426
6.444	0.048	0.426
6.444	0.048	0.425
6.444	0.048	0.425
6.444	0.046	0.426
6.444	0.046	0.426
6.444	0.048	0.425
6.444	0.048	0.425
6.444	0.050	0.426
6.444	0.050	0.426
6.444	0.048	0.425
6.445	0.048	0.425
6.445	0.046	0.424
6.445	0.046	0.424
6.445	0.050	0.425
6.445	0.050	0.425
6.445	0.046	0.425
6.445	0.046	0.425
6.445	0.048	0.425
6.445	0.048	0.425
6.445	0.048	0.425
6.446	0.048	0.425
6.446	0.048	0.425
6.446	0.048	0.425
6.446	0.048	0.424
6.446	0.048	0.424
6.446	0.050	0.424
6.446	0.050	0.424
6.446	0.050	0.424
6.446	0.050	0.424
6.446	0.048	0.424
6.447	0.048	0.424
6.447	0.048	0.424
6.447	0.048	0.424
6.447	0.046	0.424
6.447	0.046	0.424
6.447	0.050	0.424
6.447	0.050	0.424
6.447	0.052	0.424
6.447	0.052	0.424
6.447	0.050	0.424
6.448	0.050	0.424
6.448	0.048	0.424
6.448	0.048	0.424
6.448	0.046	0.424
6.448	0.046	0.424
6.448	0.046	0.424
6.448	0.046	0.424
6.448	0.048	0.424
6.448	0.048	0.424
6.448	0.050	0.424
6.449	0.050	0.424
6.449	0.050	0.423
6.449	0.050	0.423
6.449	0.046	0.423
6.449	0.046	0.423
6.449	0.048	0.423
6.449	0.048	0.423
6.449	0.048	0.423
6.449	0.048	0.423
6.449	0.050	0.423
6.450	0.050	0.423
6.450	0.048	0.423
6.450	0.048	0.423
6.450	0.048	0.422
6.450	0.048	0.422
6.450	0.050	0.422
6.450	0.050	0.422
6.450	0.048	0.422
6.450	0.048	0.422
6.450	0.048	0.422
6.451	0.048	0.422
6.451	0.048	0.422
6.451	0.048	0.422
6.451	0.050	0.422
6.451	0.050	0.422
6.451	0.050	0.423
6.451	0.050	0.423
6.451	0.048	0.422
6.451	0.048	0.422
6.451	0.046	0.422
6.452	0.046	0.422
6.452	0.048	0.421
6.452	0.048	0.421
6.452	0.046	0.421
6.452	0.046	0.421
6.452	0.046	0.422
6.452	0.046	0.422
6.452	0.046	0.422
6.452	0.046	0.422
6.452	0.048	0.422
6.453	0.048	0.422
6.453	0.046	0.421
6.453	0.046	0.421
6.453	0.050	0.422
6.453	0.050	0.422
6.453	0.048	0.421
6.453	0.048	0.421
6.453	0.048	0.421
6.453	0.048	0.421
6.453	0.048	0.421
6.454	0.048	0.421
6.454	0.050	0.421
6.454	0.050	0.421
6.454	0.046	0.421
6.454	0.046	0.421
6.454	0.046	0.421
6.454	0.046	0.421
6.454	0.046	0.421
6.454	0.046	0.421
6.454	0.048	0.420
6.455	0.048	0.420
6.455	0.048	0.420
6.455	0.048	0.420
6.455	0.046	0.421
6.455	0.046	0.421
6.455	0.048	0.420
6.455	0.048	0.420
6.455	0.048	0.420
6.455	0.048	0.420
6.455	0.050	0.420
6.456	0.050	0.420
6.456	0.046	0.420
6.456	0.046	0.420
6.456	0.050	0.420
6.456	0.050	0.420
6.456	0.048	0.420
6.456	0.048	0.420
6.456	0.048	0.420
6.456	0.048	0.420
6.456	0.046	0.420
6.457	0.046	0.420
6.457	0.046	0.420
6.457	0.046	0.420
6.457	0.046	0.420
6.457	0.046	0.420
6.457	0.044	0.420
6.457	0.044	0.420
6.457	0.046	0.420
6.457	0.046	0.420
6.457	0.046	0.419
6.458	0.046	0.419
6.458	0.048	0.420
6.458	0.048	0.420
6.458	0.046	0.419
6.458	0.046	0.419
6.458	0.048	0.419
6.458	0.048	0.419
6.458	0.048	0.420
6.458	0.048	0.420
6.458	0.046	0.419
6.459	0.046	0.419
6.459	0.048	0.419
6.459	0.048	0.419
6.459	0.046	0.420
6.459	0.046	0.420
6.459	0.046	0.419
6.459	0.046	0.419
6.459	0.046	0.418
6.459	0.046	0.418
6.459	0.046	0.418
6.460	0.046	0.418
6.460	0.046	0.418
6.460	0.046	0.418
6.460	0.048	0.418
6.460	0.048	0.418
6.460	0.048	0.418
6.460	0.048	0.418
6.460	0.050	0.418
6.460	0.050	0.418
6.460	0.050	0.418
6.461	0.050	0.418
6.461	0.046	0.418
6.461	0.046	0.418
6.461	0.044	0.417
6.461	0.044	0.417
6.461	0.048	0.417
6.461	0.048	0.417
6.461	0.048	0.417
6.461	0.048	0.417
6.461	0.046	0.416
6.462	0.046	0.416
6.462	0.046	0.417
6.462	0.046	0.417
6.462	0.046	0.416
6.462	0.046	0.416
6.462	0.046	0.417
6.462	0.046	0.417
6.462	0.046	0.417
6.462	0.046	0.417
6.462	0.046	0.417
6.463	0.046	0.417
6.463	0.048	0.416
6.463	0.048	0.416
6.463	0.048	0.416
6.463	0.048	0.416
6.463	0.048	0.416
6.463	0.048	0.416
6.463	0.046	0.416
6.463	0.046	0.416
6.463	0.046	0.416
6.464	0.046	0.416
6.464	0.046	0.416
6.464	0.046	0.416
6.464	0.046	0.415
6.464	0.046	0.415
6.464	0.046	0.416
6.464	0.046	0.416
6.464	0.048	0.415
6.464	0.048	0.415
6.464	0.046	0.416
6.465	0.046	0.416
6.465	0.046	0.416
6.465	0.046	0.416
6.465	0.046	0.415
6.465	0.046	0.415
6.465	0.046	0.415
6.465	0.046	0.415
6.465	0.048	0.415
6.465	0.048	0.415
6.465	0.046	0.415
6.466	0.046	0.415
6.466	0.048	0.415
6.466	0.048	0.415
6.466	0.048	0.415
6.466	0.048	0.415
6.466	0.044	0.414
6.466	0.044	0.414
6.466	0.048	0.414
6.466	0.048	0.414
6.466	0.046	0.413
6.467	0.046	0.413
6.467	0.046	0.413
6.467	0.046	0.413
6.467	0.048	0.414
6.467	0.048	0.414
6.467	0.046	0.413
6.467	0.046	0.413
6.467	0.048	0.414
6.467	0.048	0.414
6.467	0.046	0.414
6.468	0.046	0.414
6.468	0.050	0.413
6.468	0.050	0.413
6.468	0.046	0.413
6.468	0.046	0.413
6.468	0.046	0.413
6.468	0.046	0.413
6.468	0.046	0.414
6.468	0.046	0.414
6.468	0.046	0.413
6.469	0.046	0.413
6.469	0.046	0.412
6.469	0.046	0.412
6.469	0.048	0.412
6.469	0.048	0.412
6.469	0.046	0.412
6.469	0.046	0.412
6.469	0.046	0.413
6.469	0.046	0.413
6.469	0.046	0.413
6.470	0.046	0.413
6.470	0.046	0.413
6.470	0.046	0.413
6.470	0.046	0.413
6.470	0.046	0.413
6.470	0.046	0.413
6.470	0.046	0.413
6.470	0.046	0.412
6.470	0.046	0.412
6.470	0.050	0.412
6.471	0.050	0.412
6.471	0.046	0.413
6.471	0.046	0.413
6.471	0.046	0.412
6.471	0.046	0.412
6.471	0.046	0.412
6.471	0.046	0.412
6.471	0.046	0.412
6.471	0.046	0.412
6.471	0.044	0.412
6.472	0.044	0.412
6.472	0.046	0.412
6.472	0.046	0.412
6.472	0.048	0.412
6.472	0.048	0.412
6.472	0.046	0.412
6.472	0.046	0.412
6.472	0.048	0.412
6.472	0.048	0.412
6.472	0.044	0.412
6.473	0.044	0.412
6.473	0.046	0.411
6.473	0.046	0.411
6.473	0.046	0.412
6.473	0.046	0.412
6.473	0.046	0.411
6.473	0.046	0.411
6.473	0.046	0.411
6.473	0.046	0.411
6.473	0.046	0.411
6.474	0.046	0.411
6.474	0.044	0.411
6.474	0.044	0.411
6.474	0.048	0.411
6.474	0.048	0.411
6.474	0.044	0.411
6.474	0.044	0.411
6.474	0.048	0.411
6.474	0.048	0.411
6.474	0.046	0.410
6.475	0.046	0.410
6.475	0.046	0.410
6.475	0.046	0.410
6.475	0.046	0.410
6.475	0.046	0.410
6.475	0.046	0.410
6.475	0.046	0.410
6.475	0.046	0.410
6.475	0.046	0.410
6.475	0.048	0.410
6.476	0.048	0.410
6.476	0.046	0.409
6.476	0.046	0.409
6.476	0.046	0.409
6.476	0.046	0.409
6.476	0.046	0.409
6.476	0.046	0.409
6.476	0.046	0.410
6.476	0.046	0.410
6.476	0.046	0.408
6.477	0.046	0.408
6.477	0.046	0.408
6.477	0.046	0.408
6.477	0.046	0.409
6.477	0.046	0.409
6.477	0.046	0.409
6.477	0.046	0.409
6.477	0.046	0.408
6.477	0.046	0.408
6.477	0.046	0.408
6.478	0.046	0.408
6.478	0.046	0.408
6.478	0.046	0.408
6.478	0.046	0.408
6.478	0.046	0.408
6.478	0.044	0.408
6.478	0.044	0.408
6.478	0.046	0.408
6.478	0.046	0.408
6.478	0.044	0.408
6.479	0.044	0.408
6.479	0.046	0.408
6.479	0.046	0.408
6.479	0.046	0.408
6.479	0.046	0.408
6.479	0.046	0.408
6.479	0.046	0.408
6.479	0.044	0.408
6.479	0.044	0.408
6.479	0.046	0.407
6.480	0.046	0.407
6.480	0.046	0.407
6.480	0.046	0.407
6.480	0.044	0.408
6.480	0.044	0.408
6.480	0.044	0.407
6.480	0.044	0.407
6.480	0.046	0.407
6.480	0.046	0.407
6.480	0.048	0.407
6.481	0.048	0.407
6.481	0.046	0.407
6.481	0.046	0.407
6.481	0.044	0.406
6.481	0.044	0.406
6.481	0.046	0.406
6.481	0.046	0.406
6.481	0.044	0.406
6.481	0.044	0.406
6.481	0.046	0.406
6.482	0.046	0.406
6.482	0.044	0.406
6.482	0.044	0.406
6.482	0.046	0.405
6.482	0.046	0.405
6.482	0.046	0.405
6.482	0.046	0.405
6.482	0.046	0.405
6.482	0.046	0.405
6.482	0.046	0.405
6.483	0.046	0.405
6.483	0.046	0.404
6.483	0.046	0.404
6.483	0.044	0.404
6.483	0.044	0.404
6.483	0.046	0.404
6.483	0.046	0.404
6.483	0.046	0.404
6.483	0.046	0.404
6.483	0.046	0.404
6.484	0.046	0.404
6.484	0.046	0.404
6.484	0.046	0.404
6.484	0.046	0.404
6.484	0.046	0.404
6.484	0.048	0.404
6.484	0.048	0.404
6.484	0.044	0.404
6.484	0.044	0.404
6.484	0.044	0.404
6.485	0.044	0.404
6.485	0.046	0.404
6.485	0.046	0.404
6.485	0.044	0.403
6.485	0.044	0.403
6.485	0.046	0.404
6.485	0.046	0.404
6.485	0.046	0.403
6.485	0.046	0.403
6.485	0.046	0.402
6.486	0.046	0.402
6.486	0.046	0.403
6.486	0.046	0.403
6.486	0.044	0.403
6.486	0.044	0.403
6.486	0.046	0.402
6.486	0.046	0.402
6.486	0.046	0.402
6.486	0.046	0.402
6.486	0.044	0.402
6.487	0.044	0.402
6.487	0.046	0.402
6.487	0.046	0.402
6.487	0.046	0.402
6.487	0.046	0.402
6.487	0.046	0.402
6.487	0.046	0.402
6.487	0.046	0.402
6.487	0.046	0.402
6.487	0.046	0.402
6.488	0.046	0.402
6.488	0.050	0.402
6.488	0.050	0.402
6.488	0.046	0.402
6.488	0.046	0.402
6.488	0.046	0.402
6.488	0.046	0.402
6.488	0.046	0.401
6.488	0.046	0.401
6.488	0.046	0.401
6.489	0.046	0.401
6.489	0.044	0.401
6.489	0.044	0.401
6.489	0.044	0.400
6.489	0.044	0.400
6.489	0.046	0.401
6.489	0.046	0.401
6.489	0.046	0.401
6.489	0.046	0.401
6.489	0.044	0.400
6.490	0.044	0.400
6.490	0.044	0.400
6.490	0.044	0.400
6.490	0.046	0.401
6.490	0.046	0.401
6.490	0.046	0.400
6.490	0.046	0.400
6.490	0.044	0.400
6.490	0.044	0.400
6.490	0.044	0.400
6.491	0.044	0.400
6.491	0.046	0.400
6.491	0.046	0.400
6.491	0.046	0.400
6.491	0.046	0.400
6.491	0.046	0.400
6.491	0.046	0.400
6.491	0.046	0.399
6.491	0.046	0.399
6.491	0.044	0.400
6.492	0.044	0.400
6.492	0.044	0.400
6.492	0.044	0.400
6.492	0.046	0.400
6.492	0.046	0.400
6.492	0.046	0.400
6.492	0.046	0.400
6.492	0.046	0.400
6.492	0.046	0.400
6.492	0.044	0.399
6.493	0.044	0.399
6.493	0.044	0.400
6.493	0.044	0.400
6.493	0.044	0.399
6.493	0.044	0.399
6.493	0.046	0.399
6.493	0.046	0.399
6.493	0.044	0.399
6.493	0.044	0.399
6.493	0.042	0.399
6.494	0.042	0.399
6.494	0.044	0.399
6.494	0.044	0.399
6.494	0.046	0.400
6.494	0.046	0.400
6.494	0.046	0.400
6.494	0.046	0.400
6.494	0.044	0.400
6.494	0.044	0.400
6.494	0.044	0.400
6.495	0.044	0.400
6.495	0.042	0.399
6.495	0.042	0.399
6.495	0.046	0.400
6.495	0.046	0.400
6.495	0.044	0.400
6.495	0.044	0.400
6.495	0.044	0.400
6.495	0.044	0.400
6.495	0.048	0.400
6.496	0.048	0.400
6.496	0.044	0.400
6.496	0.044	0.400
6.496	0.044	0.400
6.496	0.044	0.400
6.496	0.044	0.400
6.496	0.044	0.400
6.496	0.044	0.400
6.496	0.044	0.400
6.496	0.046	0.400
6.497	0.046	0.400
6.497	0.046	0.400
6.497	0.046	0.400
6.497	0.044	0.399
6.497	0.044	0.399
6.497	0.042	0.400
6.497	0.042	0.400
6.497	0.042	0.400
6.497	0.042	0.400
6.497	0.044	0.399
6.498	0.044	0.399
6.498	0.042	0.399
6.498	0.042	0.399
6.498	0.044	0.399
6.498	0.044	0.399
6.498	0.044	0.400
6.498	0.044	0.400
6.498	0.046	0.399
6.498	0.046	0.399
6.498	0.044	0.399
6.499	0.044	0.399
6.499	0.044	0.399
6.499	0.044	0.399
6.499	0.046	0.398
6.499	0.046	0.398
6.499	0.042	0.397
6.499	0.042	0.397
6.499	0.044	0.397
6.499	0.044	0.397
6.499	0.044	0.396
6.500	0.044	0.396
6.500	0.044	0.396
6.500	0.044	0.396
6.500	0.044	0.396
6.500	0.044	0.396
6.500	0.042	0.395
6.500	0.042	0.395
6.500	0.044	0.396
6.500	0.044	0.396
6.500	0.046	0.395
6.501	0.046	0.395
6.501	0.044	0.395
6.501	0.044	0.395
6.501	0.046	0.395
6.501	0.046	0.395
6.501	0.044	0.395
6.501	0.044	0.395
6.501	0.044	0.395
6.501	0.044	0.395
6.501	0.044	0.394
6.502	0.044	0.394
6.502	0.044	0.393
6.502	0.044	0.393
6.502	0.044	0.394
6.502	0.044	0.394
6.502	0.044	0.393
6.502	0.044	0.393
6.502	0.044	0.392
6.502	0.044	0.392
6.502	0.044	0.392
6.503	0.044	0.392
6.503	0.044	0.392
6.503	0.044	0.392
6.503	0.042	0.392
6.503	0.042	0.392
6.503	0.042	0.392
6.503	0.042	0.392
6.503	0.046	0.392
6.503	0.046	0.392
6.503	0.046	0.392
6.504	0.046	0.392
6.504	0.046	0.392
6.504	0.046	0.392
6.504	0.044	0.392
6.504	0.044	0.392
6.504	0.044	0.392
6.504	0.044	0.392
6.504	0.042	0.392
6.504	0.042	0.392
6.504	0.046	0.392
6.505	0.046	0.392
6.505	0.046	0.392
6.505	0.046	0.392
6.505	0.044	0.391
6.505	0.044	0.391
6.505	0.044	0.391
6.505	0.044	0.391
6.505	0.044	0.390
6.505	0.044	0.390
6.505	0.044	0.391
6.506	0.044	0.391
6.506	0.046	0.391
6.506	0.046	0.391
6.506	0.044	0.391
6.506	0.044	0.391
6.506	0.044	0.389
6.506	0.044	0.389
6.506	0.044	0.390
6.506	0.044	0.390
6.506	0.044	0.389
6.507	0.044	0.389
6.507	0.044	0.390
6.507	0.044	0.390
6.507	0.044	0.389
6.507	0.044	0.389
6.507	0.044	0.389
6.507	0.044	0.389
6.507	0.044	0.389
6.507	0.044	0.389
6.507	0.044	0.389
6.508	0.044	0.389
6.508	0.044	0.389
6.508	0.044	0.389
6.508	0.044	0.389
6.508	0.044	0.389
6.508	0.044	0.388
6.508	0.044	0.388
6.508	0.042	0.388
6.508	0.042	0.388
6.508	0.042	0.388
6.509	0.042	0.388
6.509	0.046	0.388
6.509	0.046	0.388
6.509	0.044	0.388
6.509	0.044	0.388
6.509	0.044	0.388
6.509	0.044	0.388
6.509	0.044	0.388
6.509	0.044	0.388
6.509	0.044	0.388
6.510	0.044	0.388
6.510	0.044	0.389
6.510	0.044	0.389
6.510	0.044	0.388
6.510	0.044	0.388
6.510	0.044	0.388
6.510	0.044	0.388
6.510	0.044	0.388
6.510	0.044	0.388
6.510	0.042	0.388
6.511	0.042	0.388
6.511	0.044	0.388
6.511	0.044	0.388
6.511	0.044	0.388
6.511	0.044	0.388
6.511	0.044	0.388
6.511	0.044	0.388
6.511	0.046	0.389
6.511	0.046	0.389
6.511	0.042	0.388
6.512	0.042	0.388
6.512	0.044	0.388
6.512	0.044	0.388
6.512	0.044	0.389
6.512	0.044	0.389
6.512	0.044	0.389
6.512	0.044	0.389
6.512	0.044	0.389
6.512	0.044	0.389
6.512	0.044	0.388
6.513	0.044	0.388
6.513	0.042	0.389
6.513	0.042	0.389
6.513	0.042	0.389
6.513	0.042	0.389
6.513	0.046	0.389
6.513	0.046	0.389
6.513	0.044	0.390
6.513	0.044	0.390
6.513	0.042	0.390
6.514	0.042	0.390
6.514	0.042	0.390
6.514	0.042	0.390
6.514	0.044	0.390
6.514	0.044	0.390
6.514	0.042	0.389
6.514	0.042	0.389
6.514	0.042	0.389
6.514	0.042	0.389
6.514	0.042	0.389
6.515	0.042	0.389
6.515	0.042	0.389
6.515	0.042	0.389
6.515	0.042	0.388
6.515	0.042	0.388
6.515	0.044	0.388
6.515	0.044	0.388
6.515	0.044	0.388
6.515	0.044	0.388
6.515	0.044	0.388
6.516	0.044	0.388
6.516	0.042	0.388
6.516	0.042	0.388
6.516	0.042	0.388
6.516	0.042	0.388
6.516	0.046	0.387
6.516	0.046	0.387
6.516	0.042	0.386
6.516	0.042	0.386
6.516	0.042	0.386
6.517	0.042	0.386
6.517	0.046	0.386
6.517	0.046	0.386
6.517	0.042	0.386
6.517	0.042	0.386
6.517	0.044	0.386
6.517	0.044	0.386
6.517	0.044	0.385
6.517	0.044	0.385
6.517	0.044	0.385
6.518	0.044	0.385
6.518	0.044	0.384
6.518	0.044	0.384
6.518	0.042	0.384
6.518	0.042	0.384
6.518	0.044	0.385
6.518	0.044	0.385
6.518	0.044	0.384
6.518	0.044	0.384
6.518	0.042	0.384
6.519	0.042	0.384
6.519	0.042	0.384
6.519	0.042	0.384
6.519	0.042	0.384
6.519	0.042	0.384
6.519	0.046	0.384
6.519	0.046	0.384
6.519	0.042	0.384
6.519	0.042	0.384
6.519	0.042	0.383
6.520	0.042	0.383
6.520	0.044	0.383
6.520	0.044	0.383
6.520	0.042	0.383
6.520	0.042	0.383
6.520	0.044	0.382
6.520	0.044	0.382
6.520	0.044	0.384
6.520	0.044	0.384
6.520	0.042	0.382
6.521	0.042	0.382
6.521	0.042	0.383
6.521	0.042	0.383
6.521	0.044	0.383
6.521	0.044	0.383
6.521	0.044	0.382
6.521	0.044	0.382
6.521	0.042	0.383
6.521	0.042	0.383
6.521	0.042	0.383
6.522	0.042	0.383
6.522	0.042	0.382
6.522	0.042	0.382
6.522	0.044	0.383
6.522	0.044	0.383
6.522	0.042	0.382
6.522	0.042	0.382
6.522	0.042	0.383
6.522	0.042	0.383
6.522	0.042	0.383
6.523	0.042	0.383
6.523	0.042	0.383
6.523	0.042	0.383
6.523	0.042	0.383
6.523	0.042	0.383
6.523	0.044	0.384
6.523	0.044	0.384
6.523	0.042	0.383
6.523	0.042	0.383
6.523	0.042	0.384
6.524	0.042	0.384
6.524	0.042	0.384
6.524	0.042	0.384
6.524	0.044	0.384
6.524	0.044	0.384
6.524	0.042	0.385
6.524	0.042	0.385
6.524	0.042	0.384
6.524	0.042	0.384
6.524	0.042	0.384
6.525	0.042	0.384
6.525	0.044	0.385
6.525	0.044	0.385
6.525	0.042	0.384
6.525	0.042	0.384
6.525	0.042	0.385
6.525	0.042	0.385
6.525	0.042	0.385
6.525	0.042	0.385
6.525	0.042	0.386
6.526	0.042	0.386
6.526	0.042	0.386
6.526	0.042	0.386
6.526	0.042	0.385
6.526	0.042	0.385
6.526	0.042	0.385
6.526	0.042	0.385
6.526	0.042	0.386
6.526	0.042	0.386
6.526	0.042	0.386
6.527	0.042	0.386
6.527	0.042	0.385
6.527	0.042	0.385
6.527	0.042	0.386
6.527	0.042	0.386
6.527	0.044	0.385
6.527	0.044	0.385
6.527	0.042	0.385
6.527	0.042	0.385
6.527	0.044	0.385
6.528	0.044	0.385
6.528	0.044	0.384
6.528	0.044	0.384
6.528	0.042	0.383
6.528	0.042	0.383
6.528	0.042	0.383
6.528	0.042	0.383
6.528	0.042	0.382
6.528	0.042	0.382
6.528	0.042	0.383
6.529	0.042	0.383
6.529	0.042	0.382
6.529	0.042	0.382
6.529	0.042	0.381
6.529	0.042	0.381
6.529	0.044	0.380
6.529	0.044	0.380
6.529	0.042	0.380
6.529	0.042	0.380
6.529	0.042	0.379
6.530	0.042	0.379
6.530	0.044	0.379
6.530	0.044	0.379
6.530	0.042	0.378
6.530	0.042	0.378
6.530	0.042	0.377
6.530	0.042	0.377
6.530	0.042	0.378
6.530	0.042	0.378
6.530	0.044	0.377
6.531	0.044	0.377
6.531	0.044	0.376
6.531	0.044	0.376
6.531	0.042	0.376
6.531	0.042	0.376
6.531	0.042	0.376
6.531	0.042	0.376
6.531	0.044	0.376
6.531	0.044	0.376
6.531	0.042	0.375
6.532	0.042	0.375
6.532	0.042	0.375
6.532	0.042	0.375
6.532	0.044	0.375
6.532	0.044	0.375
6.532	0.042	0.375
6.532	0.042	0.375
6.532	0.042	0.375
6.532	0.042	0.375
6.532	0.044	0.375
6.533	0.044	0.375
6.533	0.042	0.374
6.533	0.042	0.374
6.533	0.042	0.374
6.533	0.042	0.374
6.533	0.042	0.373
6.533	0.042	0.373
6.533	0.044	0.373
6.533	0.044	0.373
6.533	0.038	0.373
6.534	0.038	0.373
6.534	0.044	0.373
6.534	0.044	0.373
6.534	0.040	0.373
6.534	0.040	0.373
6.534	0.042	0.373
6.534	0.042	0.373
6.534	0.042	0.373
6.534	0.042	0.373
6.534	0.042	0.373
6.535	0.042	0.373
6.535	0.042	0.373
6.535	0.042	0.373
6.535	0.042	0.373
6.535	0.042	0.373
6.535	0.042	0.373
6.535	0.042	0.373
6.535	0.042	0.373
6.535	0.042	0.373
6.535	0.042	0.373
6.536	0.042	0.373
6.536	0.042	0.374
6.536	0.042	0.374
6.536	0.040	0.373
6.536	0.040	0.373
6.536	0.042	0.373
6.536	0.042	0.373
6.536	0.040	0.374
6.536	0.040	0.374
6.536	0.042	0.374
6.537	0.042	0.374
6.537	0.038	0.373
6.537	0.038	0.373
6.537	0.040	0.373
6.537	0.040	0.373
6.537	0.042	0.374
6.537	0.042	0.374
6.537	0.042	0.373
6.537	0.042	0.373
6.537	0.042	0.374
6.538	0.042	0.374
6.538	0.040	0.375
6.538	0.040	0.375
6.538	0.042	0.374
6.538	0.042	0.374
6.538	0.042	0.374
6.538	0.042	0.374
6.538	0.042	0.376
6.538	0.042	0.376
6.538	0.042	0.375
6.539	0.042	0.375
6.539	0.042	0.376
6.539	0.042	0.376
6.539	0.042	0.375
6.539	0.042	0.375
6.539	0.042	0.376
6.539	0.042	0.376
6.539	0.040	0.376
6.539	0.040	0.376
6.539	0.042	0.376
6.540	0.042	0.376
6.540	0.042	0.377
6.540	0.042	0.377
6.540	0.044	0.377
6.540	0.044	0.377
6.540	0.042	0.378
6.540	0.042	0.378
6.540	0.044	0.379
6.540	0.044	0.379
6.540	0.044	0.379
6.541	0.044	0.379
6.541	0.042	0.379
6.541	0.042	0.379
6.541	0.042	0.380
6.541	0.042	0.380
6.541	0.044	0.381
6.541	0.044	0.381
6.541	0.042	0.381
6.541	0.042	0.381
6.541	0.042	0.382
6.542	0.042	0.382
6.542	0.042	0.383
6.542	0.042	0.383
6.542	0.042	0.383
6.542	0.042	0.383
6.542	0.042	0.384
6.542	0.042	0.384
6.542	0.042	0.384
6.542	0.042	0.384
6.542	0.042	0.384
6.543	0.042	0.384
6.543	0.042	0.384
6.543	0.042	0.384
6.543	0.040	0.385
6.543	0.040	0.385
6.543	0.040	0.385
6.543	0.040	0.385
6.543	0.042	0.386
6.543	0.042	0.386
6.543	0.042	0.386
6.544	0.042	0.386
6.544	0.042	0.386
6.544	0.042	0.386
6.544	0.042	0.385
6.544	0.042	0.385
6.544	0.042	0.385
6.544	0.042	0.385
6.544	0.042	0.384
6.544	0.042	0.384
6.544	0.042	0.384
6.545	0.042	0.384
6.545	0.042	0.383
6.545	0.042	0.383
6.545	0.042	0.381
6.545	0.042	0.381
6.545	0.042	0.381
6.545	0.042	0.381
6.545	0.040	0.380
6.545	0.040	0.380
6.545	0.042	0.379
6.546	0.042	0.379
6.546	0.040	0.379
6.546	0.040	0.379
6.546	0.042	0.377
6.546	0.042	0.377
6.546	0.042	0.376
6.546	0.042	0.376
6.546	0.042	0.375
6.546	0.042	0.375
6.546	0.042	0.375
6.547	0.042	0.375
6.547	0.040	0.373
6.547	0.040	0.373
6.547	0.042	0.373
6.547	0.042	0.373
6.547	0.042	0.371
6.547	0.042	0.371
6.547	0.038	0.371
6.547	0.038	0.371
6.547	0.044	0.371
6.548	0.044	0.371
6.548	0.042	0.370
6.548	0.042	0.370
6.548	0.042	0.369
6.548	0.042	0.369
6.548	0.042	0.369
6.548	0.042	0.369
6.548	0.042	0.368
6.548	0.042	0.368
6.548	0.042	0.368
6.549	0.042	0.368
6.549	0.042	0.367
6.549	0.042	0.367
6.549	0.042	0.368
6.549	0.042	0.368
6.549	0.040	0.367
6.549	0.040	0.367
6.549	0.042	0.367
6.549	0.042	0.367
6.549	0.040	0.365
6.550	0.040	0.365
6.550	0.040	0.365
6.550	0.040	0.365
6.550	0.040	0.364
6.550	0.040	0.364
6.550	0.042	0.364
6.550	0.042	0.364
6.550	0.042	0.365
6.550	0.042	0.365
6.550	0.042	0.364
6.551	0.042	0.364
6.551	0.040	0.364
6.551	0.040	0.364
6.551	0.042	0.364
6.551	0.042	0.364
6.551	0.040	0.364
6.551	0.040	0.364
6.551	0.042	0.363
6.551	0.042	0.363
6.551	0.042	0.363
6.552	0.042	0.363
6.552	0.042	0.362
6.552	0.042	0.362
6.552	0.042	0.363
6.552	0.042	0.363
6.552	0.042	0.362
6.552	0.042	0.362
6.552	0.040	0.363
6.552	0.040	0.363
6.552	0.040	0.363
6.553	0.040	0.363
6.553	0.042	0.362
6.553	0.042	0.362
6.553	0.042	0.362
6.553	0.042	0.362
6.553	0.042	0.361
6.553	0.042	0.361
6.553	0.042	0.362
6.553	0.042	0.362
6.553	0.042	0.361
6.554	0.042	0.361
6.554	0.042	0.361
6.554	0.042	0.361
6.554	0.042	0.360
6.554	0.042	0.360
6.554	0.042	0.361
6.554	0.042	0.361
6.554	0.040	0.361
6.554	0.040	0.361
6.554	0.042	0.361
6.555	0.042	0.361
6.555	0.038	0.360
6.555	0.038	0.360
6.555	0.042	0.360
6.555	0.042	0.360
6.555	0.042	0.360
6.555	0.042	0.360
6.555	0.042	0.360
6.555	0.042	0.360
6.555	0.042	0.360
6.556	0.042	0.360
6.556	0.042	0.359
6.556	0.042	0.359
6.556	0.042	0.360
6.556	0.042	0.360
6.556	0.042	0.360
6.556	0.042	0.360
6.556	0.038	0.360
6.556	0.038	0.360
6.556	0.042	0.359
6.557	0.042	0.359
6.557	0.042	0.360
6.557	0.042	0.360
6.557	0.042	0.360
6.557	0.042	0.360
6.557	0.042	0.359
6.557	0.042	0.359
6.557	0.040	0.358
6.557	0.040	0.358
6.557	0.040	0.358
6.558	0.040	0.358
6.558	0.042	0.360
6.558	0.042	0.360
6.558	0.042	0.360
6.558	0.042	0.360
6.558	0.042	0.358
6.558	0.042	0.358
6.558	0.042	0.358
6.558	0.042	0.358
6.558	0.042	0.358
6.559	0.042	0.358
6.559	0.040	0.359
6.559	0.040	0.359
6.559	0.042	0.358
6.559	0.042	0.358
6.559	0.038	0.358
6.559	0.038	0.358
6.559	0.042	0.358
6.559	0.042	0.358
6.559	0.042	0.357
6.560	0.042	0.357
6.560	0.042	0.357
6.560	0.042	0.357
6.560	0.040	0.357
6.560	0.040	0.357
6.560	0.042	0.358
6.560	0.042	0.358
6.560	0.040	0.357
6.560	0.040	0.357
6.560	0.042	0.357
6.561	0.042	0.357
6.561	0.042	0.357
6.561	0.042	0.357
6.561	0.042	0.357
6.561	0.042	0.357
6.561	0.042	0.357
6.561	0.042	0.357
6.561	0.040	0.357
6.561	0.040	0.357
6.561	0.042	0.356
6.562	0.042	0.356
6.562	0.042	0.357
6.562	0.042	0.357
6.562	0.038	0.356
6.562	0.038	0.356
6.562	0.038	0.357
6.562	0.038	0.357
6.562	0.042	0.356
6.562	0.042	0.356
6.562	0.042	0.357
6.563	0.042	0.357
6.563	0.042	0.357
6.563	0.042	0.357
6.563	0.042	0.357
6.563	0.042	0.357
6.563	0.042	0.356
6.563	0.042	0.356
6.563	0.040	0.357
6.563	0.040	0.357
6.563	0.042	0.357
6.564	0.042	0.357
6.564	0.040	0.356
6.564	0.040	0.356
6.564	0.040	0.356
6.564	0.040	0.356
6.564	0.042	0.357
6.564	0.042	0.357
6.564	0.042	0.357
6.564	0.042	0.357
6.564	0.038	0.357
6.565	0.038	0.357
6.565	0.038	0.357
6.565	0.038	0.357
6.565	0.042	0.357
6.565	0.042	0.357
6.565	0.040	0.357
6.565	0.040	0.357
6.565	0.040	0.357
6.565	0.040	0.357
6.565	0.040	0.357
6.566	0.040	0.357
6.566	0.042	0.357
6.566	0.042	0.357
6.566	0.042	0.357
6.566	0.042	0.357
6.566	0.040	0.357
6.566	0.040	0.357
6.566	0.040	0.357
6.566	0.040	0.357
6.566	0.042	0.358
6.567	0.042	0.358
6.567	0.042	0.358
6.567	0.042	0.358
6.567	0.042	0.359
6.567	0.042	0.359
6.567	0.042	0.358
6.567	0.042	0.358
6.567	0.042	0.358
6.567	0.042	0.358
6.567	0.042	0.359
6.568	0.042	0.359
6.568	0.038	0.358
6.568	0.038	0.358
6.568	0.038	0.359
6.568	0.038	0.359
6.568	0.038	0.359
6.568	0.038	0.359
6.568	0.040	0.359
6.568	0.040	0.359
6.568	0.040	0.360
6.569	0.040	0.360
6.569	0.038	0.360
6.569	0.038	0.360
6.569	0.042	0.360
6.569	0.042	0.360
6.569	0.038	0.360
6.569	0.038	0.360
6.569	0.042	0.361
6.569	0.042	0.361
6.569	0.040	0.361
6.570	0.040	0.361
6.570	0.038	0.361
6.570	0.038	0.361
6.570	0.038	0.362
6.570	0.038	0.362
6.570	0.042	0.361
6.570	0.042	0.361
6.570	0.042	0.362
6.570	0.042	0.362
6.570	0.042	0.362
6.571	0.042	0.362
6.571	0.042	0.362
6.571	0.042	0.362
6.571	0.042	0.363
6.571	0.042	0.363
6.571	0.042	0.363
6.571	0.042	0.363
6.571	0.040	0.364
6.571	0.040	0.364
6.571	0.040	0.363
6.572	0.040	0.363
6.572	0.040	0.363
6.572	0.040	0.363
6.572	0.038	0.364
6.572	0.038	0.364
6.572	0.040	0.363
6.572	0.040	0.363
6.572	0.038	0.363
6.572	0.038	0.363
6.572	0.040	0.364
6.573	0.040	0.364
6.573	0.042	0.363
6.573	0.042	0.363
6.573	0.042	0.363
6.573	0.042	0.363
6.573	0.040	0.363
6.573	0.040	0.363
6.573	0.040	0.363
6.573	0.040	0.363
6.573	0.042	0.362
6.574	0.042	0.362
6.574	0.042	0.362
6.574	0.042	0.362
6.574	0.042	0.361
6.574	0.042	0.361
6.574	0.038	0.361
6.574	0.038	0.361
6.574	0.038	0.361
6.574	0.038	0.361
6.574	0.040	0.360
6.575	0.040	0.360
6.575	0.038	0.360
6.575	0.038	0.360
6.575	0.040	0.360
6.575	0.040	0.360
6.575	0.038	0.360
6.575	0.038	0.360
6.575	0.038	0.361
6.575	0.038	0.361
6.575	0.040	0.360
6.576	0.040	0.360
6.576	0.040	0.360
6.576	0.040	0.360
6.576	0.042	0.360
6.576	0.042	0.360
6.576	0.040	0.360
6.576	0.040	0.360
6.576	0.038	0.359
6.576	0.038	0.359
6.576	0.040	0.359
6.577	0.040	0.359
6.577	0.040	0.360
6.577	0.040	0.360
6.577	0.038	0.359
6.577	0.038	0.359
6.577	0.038	0.360
6.577	0.038	0.360
6.577	0.038	0.359
6.577	0.038	0.359
6.577	0.038	0.359
6.578	0.038	0.359
6.578	0.040	0.359
6.578	0.040	0.359
6.578	0.038	0.359
6.578	0.038	0.359
6.578	0.038	0.359
6.578	0.038	0.359
6.578	0.038	0.360
6.578	0.038	0.360
6.578	0.040	0.358
6.579	0.040	0.358
6.579	0.042	0.359
6.579	0.042	0.359
6.579	0.038	0.359
6.579	0.038	0.359
6.579	0.038	0.359
6.579	0.038	0.359
6.579	0.038	0.360
6.579	0.038	0.360
6.579	0.040	0.360
6.580	0.040	0.360
6.580	0.038	0.360
6.580	0.038	0.360
6.580	0.042	0.360
6.580	0.042	0.360
6.580	0.038	0.360
6.580	0.038	0.360
6.580	0.040	0.359
6.580	0.040	0.359
6.580	0.038	0.360
6.581	0.038	0.360
6.581	0.038	0.360
6.581	0.038	0.360
6.581	0.042	0.360
6.581	0.042	0.360
6.581	0.040	0.360
6.581	0.040	0.360
6.581	0.038	0.360
6.581	0.038	0.360
6.581	0.040	0.360
6.582	0.040	0.360
6.582	0.038	0.360
6.582	0.038	0.360
6.582	0.042	0.360
6.582	0.042	0.360
6.582	0.038	0.360
6.582	0.038	0.360
6.582	0.038	0.360
6.582	0.038	0.360
6.582	0.042	0.360
6.583	0.042	0.360
6.583	0.038	0.360
6.583	0.038	0.360
6.583	0.038	0.361
6.583	0.038	0.361
6.583	0.038	0.360
6.583	0.038	0.360
6.583	0.038	0.360
6.583	0.038	0.360
6.583	0.038	0.361
6.584	0.038	0.361
6.584	0.038	0.360
6.584	0.038	0.360
6.584	0.042	0.360
6.584	0.042	0.360
6.584	0.038	0.361
6.584	0.038	0.361
6.584	0.040	0.360
6.584	0.040	0.360
6.584	0.038	0.361
6.585	0.038	0.361
6.585	0.038	0.361
6.585	0.038	0.361
6.585	0.042	0.361
6.585	0.042	0.361
6.585	0.038	0.362
6.585	0.038	0.362
6.585	0.038	0.362
6.585	0.038	0.362
6.585	0.042	0.361
6.586	0.042	0.361
6.586	0.040	0.362
6.586	0.040	0.362
6.586	0.038	0.361
6.586	0.038	0.361
6.586	0.040	0.362
6.586	0.040	0.362
6.586	0.038	0.361
6.586	0.038	0.361
6.586	0.040	0.361
6.587	0.040	0.361
6.587	0.038	0.362
6.587	0.038	0.362
6.587	0.040	0.362
6.587	0.040	0.362
6.587	0.040	0.362
6.587	0.040	0.362
6.587	0.038	0.362
6.587	0.038	0.362
6.587	0.040	0.362
6.588	0.040	0.362
6.588	0.040	0.362
6.588	0.040	0.362
6.588	0.040	0.362
6.588	0.040	0.362
6.588	0.038	0.363
6.588	0.038	0.363
6.588	0.040	0.362
6.588	0.040	0.362
6.588	0.038	0.362
6.589	0.038	0.362
6.589	0.038	0.363
6.589	0.038	0.363
6.589	0.042	0.362
6.589	0.042	0.362
6.589	0.038	0.363
6.589	0.038	0.363
6.589	0.038	0.363
6.589	0.038	0.363
6.589	0.038	0.364
6.590	0.038	0.364
6.590	0.038	0.363
6.590	0.038	0.363
6.590	0.038	0.364
6.590	0.038	0.364
6.590	0.038	0.364
6.590	0.038	0.364
6.590	0.040	0.364
6.590	0.040	0.364
6.590	0.040	0.364
6.591	0.040	0.364
6.591	0.038	0.364
6.591	0.038	0.364
6.591	0.038	0.364
6.591	0.038	0.364
6.591	0.038	0.364
6.591	0.038	0.364
6.591	0.038	0.364
6.591	0.038	0.364
6.591	0.036	0.364
6.592	0.036	0.364
6.592	0.040	0.364
6.592	0.040	0.364
6.592	0.038	0.364
6.592	0.038	0.364
6.592	0.038	0.365
6.592	0.038	0.365
6.592	0.038	0.365
6.592	0.038	0.365
6.592	0.038	0.365
6.593	0.038	0.365
6.593	0.034	0.365
6.593	0.034	0.365
6.593	0.040	0.365
6.593	0.040	0.365
6.593	0.038	0.365
6.593	0.038	0.365
6.593	0.038	0.366
6.593	0.038	0.366
6.593	0.038	0.366
6.594	0.038	0.366
6.594	0.038	0.366
6.594	0.038	0.366
6.594	0.038	0.367
6.594	0.038	0.367
6.594	0.038	0.367
6.594	0.038	0.367
6.594	0.040	0.367
6.594	0.040	0.367
6.594	0.036	0.367
6.595	0.036	0.367
6.595	0.038	0.367
6.595	0.038	0.367
6.595	0.038	0.368
6.595	0.038	0.368
6.595	0.042	0.368
6.595	0.042	0.368
6.595	0.038	0.368
6.595	0.038	0.368
6.595	0.038	0.368
6.596	0.038	0.368
6.596	0.040	0.368
6.596	0.040	0.368
6.596	0.038	0.368
6.596	0.038	0.368
6.596	0.042	0.368
6.596	0.042	0.368
6.596	0.040	0.368
6.596	0.040	0.368
6.596	0.040	0.368
6.597	0.040	0.368
6.597	0.042	0.369
6.597	0.042	0.369
6.597	0.038	0.369
6.597	0.038	0.369
6.597	0.038	0.368
6.597	0.038	0.368
6.597	0.038	0.369
6.597	0.038	0.369
6.597	0.038	0.370
6.598	0.038	0.370
6.598	0.038	0.370
6.598	0.038	0.370
6.598	0.038	0.370
6.598	0.038	0.370
6.598	0.038	0.369
6.598	0.038	0.369
6.598	0.036	0.370
6.598	0.036	0.370
6.598	0.042	0.370
6.599	0.042	0.370
6.599	0.038	0.371
6.599	0.038	0.371
6.599	0.036	0.370
6.599	0.036	0.370
6.599	0.038	0.370
6.599	0.038	0.370
6.599	0.038	0.371
6.599	0.038	0.371
6.599	0.038	0.371
6.600	0.038	0.371
6.600	0.038	0.372
6.600	0.038	0.372
6.600	0.042	0.372
6.600	0.042	0.372
6.600	0.038	0.372
6.600	0.038	0.372
6.600	0.038	0.372
6.600	0.038	0.372
6.600	0.038	0.372
6.601	0.038	0.372
6.601	0.036	0.372
6.601	0.036	0.372
6.601	0.040	0.372
6.601	0.040	0.372
6.601	0.040	0.372
6.601	0.040	0.372
6.601	0.036	0.373
6.601	0.036	0.373
6.601	0.038	0.372
6.602	0.038	0.372
6.602	0.036	0.372
6.602	0.036	0.372
6.602	0.040	0.373
6.602	0.040	0.373
6.602	0.034	0.372
6.602	0.034	0.372
6.602	0.038	0.373
6.602	0.038	0.373
6.602	0.038	0.373
6.603	0.038	0.373
6.603	0.036	0.373
6.603	0.036	0.373
6.603	0.038	0.373
6.603	0.038	0.373
6.603	0.038	0.373
6.603	0.038	0.373
6.603	0.036	0.373
6.603	0.036	0.373
6.603	0.040	0.375
6.604	0.040	0.375
6.604	0.036	0.374
6.604	0.036	0.374
6.604	0.038	0.374
6.604	0.038	0.374
6.604	0.038	0.374
6.604	0.038	0.374
6.604	0.038	0.375
6.604	0.038	0.375
6.604	0.036	0.374
6.605	0.036	0.374
6.605	0.038	0.374
6.605	0.038	0.374
6.605	0.038	0.374
6.605	0.038	0.374
6.605	0.038	0.375
6.605	0.038	0.375
6.605	0.038	0.375
6.605	0.038	0.375
6.605	0.036	0.376
6.606	0.036	0.376
6.606	0.036	0.376
6.606	0.036	0.376
6.606	0.038	0.376
6.606	0.038	0.376
6.606	0.038	0.376
6.606	0.038	0.376
6.606	0.038	0.376
6.606	0.038	0.376
6.606	0.038	0.376
6.607	0.038	0.376
6.607	0.038	0.376
6.607	0.038	0.376
6.607	0.038	0.376
6.607	0.038	0.376
6.607	0.038	0.377
6.607	0.038	0.377
6.607	0.038	0.377
6.607	0.038	0.377
6.607	0.038	0.377
6.608	0.038	0.377
6.608	0.038	0.377
6.608	0.038	0.377
6.608	0.038	0.377
6.608	0.038	0.377
6.608	0.036	0.378
6.608	0.036	0.378
6.608	0.040	0.378
6.608	0.040	0.378
6.608	0.038	0.378
6.609	0.038	0.378
6.609	0.036	0.378
6.609	0.036	0.378
6.609	0.038	0.378
6.609	0.038	0.378
6.609	0.036	0.379
6.609	0.036	0.379
6.609	0.038	0.379
6.609	0.038	0.379
6.609	0.038	0.379
6.610	0.038	0.379
6.610	0.036	0.379
6.610	0.036	0.379
6.610	0.036	0.380
6.610	0.036	0.380
6.610	0.036	0.380
6.610	0.036	0.380
6.610	0.038	0.380
6.610	0.038	0.380
6.610	0.042	0.380
6.611	0.042	0.380
6.611	0.040	0.380
6.611	0.040	0.380
6.611	0.036	0.380
6.611	0.036	0.380
6.611	0.038	0.380
6.611	0.038	0.380
6.611	0.038	0.381
6.611	0.038	0.381
6.611	0.036	0.382
6.612	0.036	0.382
6.612	0.038	0.381
6.612	0.038	0.381
6.612	0.036	0.382
6.612	0.036	0.382
6.612	0.036	0.383
6.612	0.036	0.383
6.612	0.036	0.383
6.612	0.036	0.383
6.612	0.036	0.382
6.613	0.036	0.382
6.613	0.036	0.383
6.613	0.036	0.383
6.613	0.036	0.383
6.613	0.036	0.383
6.613	0.036	0.383
6.613	0.036	0.383
6.613	0.038	0.383
6.613	0.038	0.383
6.613	0.038	0.384
6.614	0.038	0.384
6.614	0.038	0.384
6.614	0.038	0.384
6.614	0.036	0.384
6.614	0.036	0.384
6.614	0.040	0.384
6.614	0.040	0.384
6.614	0.036	0.385
6.614	0.036	0.385
6.614	0.040	0.384
6.615	0.040	0.384
6.615	0.038	0.384
6.615	0.038	0.384
6.615	0.036	0.385
6.615	0.036	0.385
6.615	0.036	0.385
6.615	0.036	0.385
6.615	0.040	0.386
6.615	0.040	0.386
6.615	0.034	0.385
6.616	0.034	0.385
6.616	0.036	0.386
6.616	0.036	0.386
6.616	0.038	0.386
6.616	0.038	0.386
6.616	0.038	0.386
6.616	0.038	0.386
6.616	0.038	0.387
6.616	0.038	0.387
6.616	0.034	0.387
6.617	0.034	0.387
6.617	0.038	0.387
6.617	0.038	0.387
6.617	0.036	0.387
6.617	0.036	0.387
6.617	0.038	0.387
6.617	0.038	0.387
6.617	0.038	0.387
6.617	0.038	0.387
6.617	0.036	0.388
6.618	0.036	0.388
6.618	0.036	0.388
6.618	0.036	0.388
6.618	0.036	0.388
6.618	0.036	0.388
6.618	0.036	0.388
6.618	0.036	0.388
6.618	0.038	0.388
6.618	0.038	0.388
6.618	0.038	0.388
6.619	0.038	0.388
6.619	0.038	0.388
6.619	0.038	0.388
6.619	0.036	0.388
6.619	0.036	0.388
6.619	0.036	0.388
6.619	0.036	0.388
6.619	0.038	0.388
6.619	0.038	0.388
6.619	0.038	0.388
6.620	0.038	0.388
6.620	0.038	0.388
6.620	0.038	0.388
6.620	0.038	0.389
6.620	0.038	0.389
6.620	0.038	0.389
6.620	0.038	0.389
6.620	0.036	0.389
6.620	0.036	0.389
6.620	0.038	0.389
6.621	0.038	0.389
6.621	0.038	0.390
6.621	0.038	0.390
6.621	0.038	0.390
6.621	0.038	0.390
6.621	0.036	0.391
6.621	0.036	0.391
6.621	0.034	0.390
6.621	0.034	0.390
6.621	0.038	0.391
6.622	0.038	0.391
6.622	0.038	0.391
6.622	0.038	0.391
6.622	0.036	0.390
6.622	0.036	0.390
6.622	0.034	0.391
6.622	0.034	0.391
6.622	0.034	0.392
6.622	0.034	0.392
6.622	0.036	0.391
6.623	0.036	0.391
6.623	0.036	0.391
6.623	0.036	0.391
6.623	0.034	0.392
6.623	0.034	0.392
6.623	0.036	0.392
6.623	0.036	0.392
6.623	0.038	0.392
6.623	0.038	0.392
6.623	0.038	0.392
6.624	0.038	0.392
6.624	0.034	0.392
6.624	0.034	0.392
6.624	0.036	0.392
6.624	0.036	0.392
6.624	0.034	0.393
6.624	0.034	0.393
6.624	0.034	0.392
6.624	0.034	0.392
6.624	0.036	0.393
6.625	0.036	0.393
6.625	0.036	0.393
6.625	0.036	0.393
6.625	0.038	0.393
6.625	0.038	0.393
6.625	0.032	0.393
6.625	0.032	0.393
6.625	0.034	0.394
6.625	0.034	0.394
6.625	0.036	0.394
6.626	0.036	0.394
6.626	0.036	0.394
6.626	0.036	0.394
6.626	0.036	0.394
6.626	0.036	0.394
6.626	0.036	0.395
6.626	0.036	0.395
6.626	0.034	0.395
6.626	0.034	0.395
6.626	0.038	0.395
6.627	0.038	0.395
6.627	0.036	0.395
6.627	0.036	0.395
6.627	0.036	0.395
6.627	0.036	0.395
6.627	0.036	0.396
6.627	0.036	0.396
6.627	0.036	0.396
6.627	0.036	0.396
6.627	0.036	0.396
6.628	0.036	0.396
6.628	0.036	0.396
6.628	0.036	0.396
6.628	0.036	0.396
6.628	0.036	0.396
6.628	0.034	0.397
6.628	0.034	0.397
6.628	0.034	0.397
6.628	0.034	0.397
6.628	0.034	0.397
6.629	0.034	0.397
6.629	0.034	0.398
6.629	0.034	0.398
6.629	0.036	0.398
6.629	0.036	0.398
6.629	0.034	0.398
6.629	0.034	0.398
6.629	0.036	0.398
6.629	0.036	0.398
6.629	0.036	0.399
6.630	0.036	0.399
6.630	0.038	0.398
6.630	0.038	0.398
6.630	0.038	0.399
6.630	0.038	0.399
6.630	0.038	0.399
6.630	0.038	0.399
6.630	0.036	0.399
6.630	0.036	0.399
6.630	0.036	0.399
6.631	0.036	0.399
6.631	0.036	0.400
6.631	0.036	0.400
6.631	0.034	0.399
6.631	0.034	0.399
6.631	0.036	0.400
6.631	0.036	0.400
6.631	0.034	0.400
6.631	0.034	0.400
6.631	0.036	0.400
6.632	0.036	0.400
6.632	0.038	0.400
6.632	0.038	0.400
6.632	0.034	0.401
6.632	0.034	0.401
6.632	0.034	0.400
6.632	0.034	0.400
6.632	0.034	0.401
6.632	0.034	0.401
6.632	0.036	0.401
6.633	0.036	0.401
6.633	0.036	0.401
6.633	0.036	0.401
6.633	0.036	0.401
6.633	0.036	0.401
6.633	0.036	0.401
6.633	0.036	0.401
6.633	0.036	0.402
6.633	0.036	0.402
6.633	0.036	0.402
6.634	0.036	0.402
6.634	0.036	0.402
6.634	0.036	0.402
6.634	0.036	0.403
6.634	0.036	0.403
6.634	0.036	0.402
6.634	0.036	0.402
6.634	0.038	0.403
6.634	0.038	0.403
6.634	0.036	0.403
6.635	0.036	0.403
6.635	0.036	0.403
6.635	0.036	0.403
6.635	0.036	0.404
6.635	0.036	0.404
6.635	0.036	0.404
6.635	0.036	0.404
6.635	0.034	0.404
6.635	0.034	0.404
6.635	0.034	0.404
6.636	0.034	0.404
6.636	0.036	0.404
6.636	0.036	0.404
6.636	0.034	0.404
6.636	0.034	0.404
6.636	0.036	0.404
6.636	0.036	0.404
6.636	0.034	0.403
6.636	0.034	0.403
6.636	0.036	0.404
6.637	0.036	0.404
6.637	0.034	0.404
6.637	0.034	0.404
6.637	0.038	0.404
6.637	0.038	0.404
6.637	0.034	0.404
6.637	0.034	0.404
6.637	0.034	0.404
6.637	0.034	0.404
6.637	0.038	0.404
6.638	0.038	0.404
6.638	0.036	0.405
6.638	0.036	0.405
6.638	0.036	0.404
6.638	0.036	0.404
6.638	0.034	0.404
6.638	0.034	0.404
6.638	0.036	0.405
6.638	0.036	0.405
6.638	0.036	0.404
6.639	0.036	0.404
6.639	0.034	0.405
6.639	0.034	0.405
6.639	0.034	0.405
6.639	0.034	0.405
6.639	0.038	0.405
6.639	0.038	0.405
6.639	0.034	0.405
6.639	0.034	0.405
6.639	0.036	0.406
6.640	0.036	0.406
6.640	0.034	0.406
6.640	0.034	0.406
6.640	0.034	0.406
6.640	0.034	0.406
6.640	0.034	0.406
6.640	0.034	0.406
6.640	0.034	0.406
6.640	0.034	0.406
6.640	0.036	0.407
6.641	0.036	0.407
6.641	0.034	0.407
6.641	0.034	0.407
6.641	0.036	0.408
6.641	0.036	0.408
6.641	0.034	0.407
6.641	0.034	0.407
6.641	0.036	0.407
6.641	0.036	0.407
6.641	0.034	0.408
6.642	0.034	0.408
6.642	0.038	0.408
6.642	0.038	0.408
6.642	0.036	0.408
6.642	0.036	0.408
6.642	0.036	0.408
6.642	0.036	0.408
6.642	0.036	0.408
6.642	0.036	0.408
6.642	0.034	0.408
6.643	0.034	0.408
6.643	0.034	0.408
6.643	0.034	0.408
6.643	0.034	0.408
6.643	0.034	0.408
6.643	0.034	0.408
6.643	0.034	0.408
6.643	0.034	0.408
6.643	0.034	0.408
6.643	0.034	0.408
6.644	0.034	0.408
6.644	0.036	0.408
6.644	0.036	0.408
6.644	0.034	0.409
6.644	0.034	0.409
6.644	0.036	0.409
6.644	0.036	0.409
6.644	0.034	0.409
6.644	0.034	0.409
6.644	0.034	0.410
6.645	0.034	0.410
6.645	0.034	0.411
6.645	0.034	0.411
6.645	0.034	0.410
6.645	0.034	0.410
6.645	0.036	0.410
6.645	0.036	0.410
6.645	0.032	0.410
6.645	0.032	0.410
6.645	0.034	0.411
6.646	0.034	0.411
6.646	0.034	0.411
6.646	0.034	0.411
6.646	0.034	0.411
6.646	0.034	0.411
6.646	0.034	0.411
6.646	0.034	0.411
6.646	0.034	0.411
6.646	0.034	0.411
6.646	0.034	0.411
6.647	0.034	0.411
6.647	0.036	0.412
6.647	0.036	0.412
6.647	0.036	0.412
6.647	0.036	0.412
6.647	0.032	0.411
6.647	0.032	0.411
6.647	0.036	0.412
6.647	0.036	0.412
6.647	0.036	0.412
6.648	0.036	0.412
6.648	0.034	0.412
6.648	0.034	0.412
6.648	0.034	0.412
6.648	0.034	0.412
6.648	0.036	0.412
6.648	0.036	0.412
6.648	0.034	0.413
6.648	0.034	0.413
6.648	0.034	0.412
6.649	0.034	0.412
6.649	0.034	0.412
6.649	0.034	0.412
6.649	0.034	0.413
6.649	0.034	0.413
6.649	0.036	0.412
6.649	0.036	0.412
6.649	0.036	0.412
6.649	0.036	0.412
6.649	0.036	0.413
6.650	0.036	0.413
6.650	0.034	0.413
6.650	0.034	0.413
6.650	0.034	0.414
6.650	0.034	0.414
6.650	0.034	0.413
6.650	0.034	0.413
6.650	0.034	0.414
6.650	0.034	0.414
6.650	0.034	0.414
6.651	0.034	0.414
6.651	0.034	0.414
6.651	0.034	0.414
6.651	0.034	0.414
6.651	0.034	0.414
6.651	0.034	0.414
6.651	0.034	0.414
6.651	0.034	0.413
6.651	0.034	0.413
6.651	0.032	0.414
6.652	0.032	0.414
6.652	0.034	0.414
6.652	0.034	0.414
6.652	0.034	0.414
6.652	0.034	0.414
6.652	0.036	0.415
6.652	0.036	0.415
6.652	0.034	0.414
6.652	0.034	0.414
6.652	0.036	0.414
6.653	0.036	0.414
6.653	0.034	0.414
6.653	0.034	0.414
6.653	0.036	0.414
6.653	0.036	0.414
6.653	0.032	0.414
6.653	0.032	0.414
6.653	0.034	0.416
6.653	0.034	0.416
6.653	0.034	0.415
6.654	0.034	0.415
6.654	0.036	0.414
6.654	0.036	0.414
6.654	0.036	0.415
6.654	0.036	0.415
6.654	0.034	0.415
6.654	0.034	0.415
6.654	0.034	0.415
6.654	0.034	0.415
6.654	0.034	0.416
6.655	0.034	0.416
6.655	0.034	0.416
6.655	0.034	0.416
6.655	0.036	0.416
6.655	0.036	0.416
6.655	0.034	0.416
6.655	0.034	0.416
6.655	0.032	0.415
6.655	0.032	0.415
6.655	0.034	0.415
6.656	0.034	0.415
6.656	0.034	0.416
6.656	0.034	0.416
6.656	0.032	0.415
6.656	0.032	0.415
6.656	0.036	0.416
6.656	0.036	0.416
6.656	0.034	0.416
6.656	0.034	0.416
6.656	0.034	0.416
6.657	0.034	0.416
6.657	0.034	0.416
6.657	0.034	0.416
6.657	0.036	0.416
6.657	0.036	0.416
6.657	0.034	0.416
6.657	0.034	0.416
6.657	0.032	0.416
6.657	0.032	0.416
6.657	0.034	0.416
6.658	0.034	0.416
6.658	0.034	0.416
6.658	0.034	0.416
6.658	0.032	0.416
6.658	0.032	0.416
6.658	0.034	0.416
6.658	0.034	0.416
6.658	0.034	0.417
6.658	0.034	0.417
6.658	0.036	0.417
6.659	0.036	0.417
6.659	0.032	0.416
6.659	0.032	0.416
6.659	0.034	0.416
6.659	0.034	0.416
6.659	0.032	0.416
6.659	0.032	0.416
6.659	0.036	0.417
6.659	0.036	0.417
6.659	0.034	0.416
6.660	0.034	0.416
6.660	0.034	0.416
6.660	0.034	0.416
6.660	0.034	0.417
6.660	0.034	0.417
6.660	0.032	0.416
6.660	0.032	0.416
6.660	0.032	0.417
6.660	0.032	0.417
6.660	0.034	0.417
6.661	0.034	0.417
6.661	0.036	0.416
6.661	0.036	0.416
6.661	0.034	0.417
6.661	0.034	0.417
6.661	0.034	0.417
6.661	0.034	0.417
6.661	0.036	0.417
6.661	0.036	0.417
6.661	0.034	0.418
6.662	0.034	0.418
6.662	0.034	0.418
6.662	0.034	0.418
6.662	0.036	0.418
6.662	0.036	0.418
6.662	0.034	0.418
6.662	0.034	0.418
6.662	0.034	0.417
6.662	0.034	0.417
6.662	0.034	0.418
6.663	0.034	0.418
6.663	0.032	0.417
6.663	0.032	0.417
6.663	0.034	0.418
6.663	0.034	0.418
6.663	0.034	0.417
6.663	0.034	0.417
6.663	0.034	0.418
6.663	0.034	0.418
6.663	0.034	0.418
6.664	0.034	0.418
6.664	0.034	0.418
6.664	0.034	0.418
6.664	0.034	0.417
6.664	0.034	0.417
6.664	0.034	0.418
6.664	0.034	0.418
6.664	0.032	0.418
6.664	0.032	0.418
6.664	0.034	0.418
6.665	0.034	0.418
6.665	0.036	0.419
6.665	0.036	0.419
6.665	0.034	0.418
6.665	0.034	0.418
6.665	0.034	0.418
6.665	0.034	0.418
6.665	0.034	0.418
6.665	0.034	0.418
6.665	0.034	0.418
6.666	0.034	0.418
6.666	0.034	0.418
6.666	0.034	0.418
6.666	0.034	0.418
6.666	0.034	0.418
6.666	0.032	0.418
6.666	0.032	0.418
6.666	0.036	0.419
6.666	0.036	0.419
6.666	0.034	0.418
6.667	0.034	0.418
6.667	0.034	0.418
6.667	0.034	0.418
6.667	0.032	0.418
6.667	0.032	0.418
6.667	0.034	0.418
6.667	0.034	0.418
6.667	0.032	0.418
6.667	0.032	0.418
6.667	0.034	0.419
6.668	0.034	0.419
6.668	0.032	0.419
6.668	0.032	0.419
6.668	0.034	0.418
6.668	0.034	0.418
6.668	0.034	0.419
6.668	0.034	0.419
6.668	0.034	0.418
6.668	0.034	0.418
6.668	0.034	0.418
6.669	0.034	0.418
6.669	0.034	0.418
6.669	0.034	0.418
6.669	0.030	0.418
6.669	0.030	0.418
6.669	0.034	0.419
6.669	0.034	0.419
6.669	0.034	0.418
6.669	0.034	0.418
6.669	0.032	0.418
6.670	0.032	0.418
6.670	0.034	0.418
6.670	0.034	0.418
6.670	0.032	0.418
6.670	0.032	0.418
6.670	0.034	0.419
6.670	0.034	0.419
6.670	0.034	0.419
6.670	0.034	0.419
6.670	0.032	0.419
6.671	0.032	0.419
6.671	0.034	0.418
6.671	0.034	0.418
6.671	0.032	0.419
6.671	0.032	0.419
6.671	0.032	0.418
6.671	0.032	0.418
6.671	0.032	0.418
6.671	0.032	0.418
6.671	0.034	0.418
6.672	0.034	0.418
6.672	0.034	0.418
6.672	0.034	0.418
6.672	0.034	0.419
6.672	0.034	0.419
6.672	0.032	0.418
6.672	0.032	0.418
6.672	0.036	0.419
6.672	0.036	0.419
6.672	0.034	0.418
6.673	0.034	0.418
6.673	0.030	0.418
6.673	0.030	0.418
6.673	0.034	0.419
6.673	0.034	0.419
6.673	0.034	0.419
6.673	0.034	0.419
6.673	0.034	0.418
6.673	0.034	0.418
6.673	0.032	0.418
6.674	0.032	0.418
6.674	0.034	0.418
6.674	0.034	0.418
6.674	0.030	0.418
6.674	0.030	0.418
6.674	0.034	0.419
6.674	0.034	0.419
6.674	0.032	0.419
6.674	0.032	0.419
6.674	0.034	0.418
6.675	0.034	0.418
6.675	0.032	0.418
6.675	0.032	0.418
6.675	0.030	0.418
6.675	0.030	0.418
6.675	0.032	0.417
6.675	0.032	0.417
6.675	0.034	0.418
6.675	0.034	0.418
6.675	0.034	0.418
6.676	0.034	0.418
6.676	0.030	0.418
6.676	0.030	0.418
6.676	0.032	0.417
6.676	0.032	0.417
6.676	0.032	0.417
6.676	0.032	0.417
6.676	0.034	0.418
6.676	0.034	0.418
6.676	0.032	0.418
6.677	0.032	0.418
6.677	0.034	0.417
6.677	0.034	0.417
6.677	0.034	0.417
6.677	0.034	0.417
6.677	0.032	0.417
6.677	0.032	0.417
6.677	0.032	0.417
6.677	0.032	0.417
6.677	0.032	0.417
6.678	0.032	0.417
6.678	0.034	0.417
6.678	0.034	0.417
6.678	0.032	0.417
6.678	0.032	0.417
6.678	0.034	0.417
6.678	0.034	0.417
6.678	0.034	0.417
6.678	0.034	0.417
6.678	0.034	0.416
6.679	0.034	0.416
6.679	0.030	0.417
6.679	0.030	0.417
6.679	0.032	0.417
6.679	0.032	0.417
6.679	0.034	0.417
6.679	0.034	0.417
6.679	0.034	0.417
6.679	0.034	0.417
6.679	0.034	0.417
6.680	0.034	0.417
6.680	0.032	0.417
6.680	0.032	0.417
6.680	0.034	0.417
6.680	0.034	0.417
6.680	0.034	0.416
6.680	0.034	0.416
6.680	0.032	0.416
6.680	0.032	0.416
6.680	0.032	0.416
6.681	0.032	0.416
6.681	0.034	0.416
6.681	0.034	0.416
6.681	0.032	0.416
6.681	0.032	0.416
6.681	0.030	0.416
6.681	0.030	0.416
6.681	0.036	0.416
6.681	0.036	0.416
6.681	0.034	0.416
6.682	0.034	0.416
6.682	0.034	0.416
6.682	0.034	0.416
6.682	0.034	0.415
6.682	0.034	0.415
6.682	0.034	0.415
6.682	0.034	0.415
6.682	0.034	0.416
6.682	0.034	0.416
6.682	0.034	0.416
6.683	0.034	0.416
6.683	0.034	0.416
6.683	0.034	0.416
6.683	0.032	0.415
6.683	0.032	0.415
6.683	0.032	0.415
6.683	0.032	0.415
6.683	0.032	0.415
6.683	0.032	0.415
6.683	0.032	0.415
6.684	0.032	0.415
6.684	0.032	0.415
6.684	0.032	0.415
6.684	0.030	0.414
6.684	0.030	0.414
6.684	0.032	0.414
6.684	0.032	0.414
6.684	0.032	0.415
6.684	0.032	0.415
6.684	0.030	0.414
6.685	0.030	0.414
6.685	0.030	0.413
6.685	0.030	0.413
6.685	0.032	0.415
6.685	0.032	0.415
6.685	0.032	0.415
6.685	0.032	0.415
6.685	0.034	0.414
6.685	0.034	0.414
6.685	0.034	0.414
6.686	0.034	0.414
6.686	0.034	0.414
6.686	0.034	0.414
6.686	0.034	0.414
6.686	0.034	0.414
6.686	0.032	0.414
6.686	0.032	0.414
6.686	0.034	0.414
6.686	0.034	0.414
6.686	0.034	0.414
6.687	0.034	0.414
6.687	0.036	0.413
6.687	0.036	0.413
6.687	0.032	0.414
6.687	0.032	0.414
6.687	0.034	0.413
6.687	0.034	0.413
6.687	0.032	0.413
6.687	0.032	0.413
6.687	0.032	0.413
6.688	0.032	0.413
6.688	0.034	0.413
6.688	0.034	0.413
6.688	0.032	0.412
6.688	0.032	0.412
6.688	0.032	0.412
6.688	0.032	0.412
6.688	0.032	0.412
6.688	0.032	0.412
6.688	0.030	0.412
6.689	0.030	0.412
6.689	0.030	0.412
6.689	0.030	0.412
6.689	0.034	0.412
6.689	0.034	0.412
6.689	0.032	0.412
6.689	0.032	0.412
6.689	0.030	0.412
6.689	0.030	0.412
6.689	0.030	0.412
6.690	0.030	0.412
6.690	0.032	0.412
6.690	0.032	0.412
6.690	0.032	0.412
6.690	0.032	0.412
6.690	0.032	0.412
6.690	0.032	0.412
6.690	0.030	0.412
6.690	0.030	0.412
6.690	0.030	0.412
6.691	0.030	0.412
6.691	0.030	0.412
6.691	0.030	0.412
6.691	0.030	0.411
6.691	0.030	0.411
6.691	0.034	0.412
6.691	0.034	0.412
6.691	0.030	0.412
6.691	0.030	0.412
6.691	0.034	0.411
6.692	0.034	0.411
6.692	0.034	0.412
6.692	0.034	0.412
6.692	0.032	0.411
6.692	0.032	0.411
6.692	0.030	0.411
6.692	0.030	0.411
6.692	0.034	0.410
6.692	0.034	0.410
6.692	0.034	0.410
6.693	0.034	0.410
6.693	0.034	0.410
6.693	0.034	0.410
6.693	0.034	0.410
6.693	0.034	0.410
6.693	0.030	0.409
6.693	0.030	0.409
6.693	0.034	0.409
6.693	0.034	0.409
6.693	0.032	0.408
6.694	0.032	0.408
6.694	0.030	0.408
6.694	0.030	0.408
6.694	0.030	0.409
6.694	0.030	0.409
6.694	0.034	0.408
6.694	0.034	0.408
6.694	0.032	0.408
6.694	0.032	0.408
6.694	0.034	0.408
6.695	0.034	0.408
6.695	0.032	0.408
6.695	0.032	0.408
6.695	0.032	0.408
6.695	0.032	0.408
6.695	0.032	0.407
6.695	0.032	0.407
6.695	0.034	0.408
6.695	0.034	0.408
6.695	0.034	0.408
6.696	0.034	0.408
6.696	0.034	0.407
6.696	0.034	0.407
6.696	0.030	0.407
6.696	0.030	0.407
6.696	0.034	0.406
6.696	0.034	0.406
6.696	0.034	0.406
6.696	0.034	0.406
6.696	0.032	0.406
6.697	0.032	0.406
6.697	0.032	0.406
6.697	0.032	0.406
6.697	0.032	0.405
6.697	0.032	0.405
6.697	0.030	0.405
6.697	0.030	0.405
6.697	0.032	0.404
6.697	0.032	0.404
6.697	0.030	0.405
6.698	0.030	0.405
6.698	0.030	0.404
6.698	0.030	0.404
6.698	0.032	0.405
6.698	0.032	0.405
6.698	0.034	0.404
6.698	0.034	0.404
6.698	0.032	0.404
6.698	0.032	0.404
6.698	0.030	0.404
6.699	0.030	0.404
6.699	0.030	0.404
6.699	0.030	0.404
6.699	0.030	0.403
6.699	0.030	0.403
6.699	0.030	0.403
6.699	0.030	0.403
6.699	0.030	0.403
6.699	0.030	0.403
6.699	0.030	0.404
6.700	0.030	0.404
6.700	0.030	0.402
6.700	0.030	0.402
6.700	0.030	0.402
6.700	0.030	0.402
6.700	0.030	0.402
6.700	0.030	0.402
6.700	0.030	0.401
6.700	0.030	0.401
6.700	0.032	0.400
6.701	0.032	0.400
6.701	0.030	0.400
6.701	0.030	0.400
6.701	0.030	0.400
6.701	0.030	0.400
6.701	0.030	0.400
6.701	0.030	0.400
6.701	0.034	0.400
6.701	0.034	0.400
6.701	0.030	0.400
6.702	0.030	0.400
6.702	0.030	0.400
6.702	0.030	0.400
6.702	0.030	0.400
6.702	0.030	0.400
6.702	0.030	0.400
6.702	0.030	0.400
6.702	0.030	0.400
6.702	0.030	0.400
6.702	0.032	0.400
6.703	0.032	0.400
6.703	0.030	0.400
6.703	0.030	0.400
6.703	0.034	0.399
6.703	0.034	0.399
6.703	0.034	0.399
6.703	0.034	0.399
6.703	0.034	0.399
6.703	0.034	0.399
6.703	0.032	0.399
6.704	0.032	0.399
6.704	0.030	0.398
6.704	0.030	0.398
6.704	0.032	0.397
6.704	0.032	0.397
6.704	0.030	0.398
6.704	0.030	0.398
6.704	0.030	0.399
6.704	0.030	0.399
6.704	0.032	0.397
6.705	0.032	0.397
6.705	0.030	0.397
6.705	0.030	0.397
6.705	0.030	0.397
6.705	0.030	0.397
6.705	0.030	0.396
6.705	0.030	0.396
6.705	0.032	0.397
6.705	0.032	0.397
6.705	0.032	0.396
6.706	0.032	0.396
6.706	0.030	0.396
6.706	0.030	0.396
6.706	0.030	0.396
6.706	0.030	0.396
6.706	0.032	0.396
6.706	0.032	0.396
6.706	0.028	0.395
6.706	0.028	0.395
6.706	0.030	0.395
6.707	0.030	0.395
6.707	0.032	0.395
6.707	0.032	0.395
6.707	0.030	0.396
6.707	0.030	0.396
6.707	0.032	0.395
6.707	0.032	0.395
6.707	0.032	0.395
6.707	0.032	0.395
6.707	0.032	0.394
6.708	0.032	0.394
6.708	0.032	0.394
6.708	0.032	0.394
6.708	0.030	0.394
6.708	0.030	0.394
6.708	0.030	0.393
6.708	0.030	0.393
6.708	0.030	0.392
6.708	0.030	0.392
6.708	0.028	0.392
6.709	0.028	0.392
6.709	0.032	0.392
6.709	0.032	0.392
6.709	0.034	0.392
6.709	0.034	0.392
6.709	0.030	0.392
6.709	0.030	0.392
6.709	0.030	0.392
6.709	0.030	0.392
6.709	0.030	0.392
6.710	0.030	0.392
6.710	0.030	0.391
6.710	0.030	0.391
6.710	0.028	0.391
6.710	0.028	0.391
6.710	0.030	0.390
6.710	0.030	0.390
6.710	0.030	0.389
6.710	0.030	0.389
6.710	0.030	0.389
6.711	0.030	0.389
6.711	0.030	0.388
6.711	0.030	0.388
6.711	0.028	0.388
6.711	0.028	0.388
6.711	0.032	0.388
6.711	0.032	0.388
6.711	0.032	0.388
6.711	0.032	0.388
6.711	0.028	0.388
6.712	0.028	0.388
6.712	0.030	0.388
6.712	0.030	0.388
6.712	0.028	0.387
6.712	0.028	0.387
6.712	0.030	0.387
6.712	0.030	0.387
6.712	0.030	0.386
6.712	0.030	0.386
6.712	0.030	0.385
6.713	0.030	0.385
6.713	0.030	0.385
6.713	0.030	0.385
6.713	0.030	0.385
6.713	0.030	0.385
6.713	0.030	0.386
6.713	0.030	0.386
6.713	0.030	0.384
6.713	0.030	0.384
6.713	0.030	0.384
6.714	0.030	0.384
6.714	0.032	0.384
6.714	0.032	0.384
6.714	0.030	0.384
6.714	0.030	0.384
6.714	0.030	0.383
6.714	0.030	0.383
6.714	0.030	0.383
6.714	0.030	0.383
6.714	0.028	0.382
6.715	0.028	0.382
6.715	0.030	0.382
6.715	0.030	0.382
6.715	0.030	0.382
6.715	0.030	0.382
6.715	0.032	0.381
6.715	0.032	0.381
6.715	0.030	0.381
6.715	0.030	0.381
6.715	0.028	0.381
6.716	0.028	0.381
6.716	0.028	0.380
6.716	0.028	0.380
6.716	0.028	0.380
6.716	0.028	0.380
6.716	0.030	0.380
6.716	0.030	0.380
6.716	0.030	0.380
6.716	0.030	0.380
6.716	0.030	0.379
6.717	0.030	0.379
6.717	0.030	0.378
6.717	0.030	0.378
6.717	0.028	0.378
6.717	0.028	0.378
6.717	0.030	0.378
6.717	0.030	0.378
6.717	0.030	0.377
6.717	0.030	0.377
6.717	0.030	0.376
6.718	0.030	0.376
6.718	0.032	0.376
6.718	0.032	0.376
6.718	0.034	0.376
6.718	0.034	0.376
6.718	0.030	0.377
6.718	0.030	0.377
6.718	0.030	0.376
6.718	0.030	0.376
6.718	0.030	0.376
6.719	0.030	0.376
6.719	0.030	0.376
6.719	0.030	0.376
6.719	0.030	0.376
6.719	0.030	0.376
6.719	0.030	0.375
6.719	0.030	0.375
6.719	0.030	0.375
6.719	0.030	0.375
6.719	0.028	0.375
6.720	0.028	0.375
6.720	0.030	0.375
6.720	0.030	0.375
6.720	0.030	0.375
6.720	0.030	0.375
6.720	0.028	0.373
6.720	0.028	0.373
6.720	0.032	0.373
6.720	0.032	0.373
6.720	0.030	0.373
6.721	0.030	0.373
6.721	0.030	0.373
6.721	0.030	0.373
6.721	0.030	0.372
6.721	0.030	0.372
6.721	0.030	0.372
6.721	0.030	0.372
6.721	0.030	0.373
6.721	0.030	0.373
6.721	0.032	0.372
6.722	0.032	0.372
6.722	0.030	0.372
6.722	0.030	0.372
6.722	0.030	0.372
6.722	0.030	0.372
6.722	0.030	0.372
6.722	0.030	0.372
6.722	0.030	0.371
6.722	0.030	0.371
6.722	0.030	0.370
6.723	0.030	0.370
6.723	0.028	0.370
6.723	0.028	0.370
6.723	0.030	0.369
6.723	0.030	0.369
6.723	0.028	0.369
6.723	0.028	0.369
6.723	0.030	0.369
6.723	0.030	0.369
6.723	0.028	0.368
6.724	0.028	0.368
6.724	0.030	0.368
6.724	0.030	0.368
6.724	0.030	0.367
6.724	0.030	0.367
6.724	0.030	0.368
6.724	0.030	0.368
6.724	0.030	0.368
6.724	0.030	0.368
6.724	0.030	0.366
6.725	0.030	0.366
6.725	0.030	0.366
6.725	0.030	0.366
6.725	0.030	0.366
6.725	0.030	0.366
6.725	0.028	0.365
6.725	0.028	0.365
6.725	0.030	0.365
6.725	0.030	0.365
6.725	0.032	0.365
6.726	0.032	0.365
6.726	0.030	0.364
6.726	0.030	0.364
6.726	0.030	0.364
6.726	0.030	0.364
6.726	0.028	0.364
6.726	0.028	0.364
6.726	0.028	0.364
6.726	0.028	0.364
6.726	0.028	0.363
6.727	0.028	0.363
6.727	0.032	0.363
6.727	0.032	0.363
6.727	0.032	0.362
6.727	0.032	0.362
6.727	0.030	0.362
6.727	0.030	0.362
6.727	0.030	0.361
6.727	0.030	0.361
6.727	0.030	0.360
6.728	0.030	0.360
6.728	0.030	0.360
6.728	0.030	0.360
6.728	0.030	0.359
6.728	0.030	0.359
6.728	0.030	0.359
6.728	0.030	0.359
6.728	0.030	0.358
6.728	0.030	0.358
6.728	0.030	0.358
6.729	0.030	0.358
6.729	0.030	0.357
6.729	0.030	0.357
6.729	0.030	0.356
6.729	0.030	0.356
6.729	0.028	0.356
6.729	0.028	0.356
6.729	0.030	0.356
6.729	0.030	0.356
6.729	0.028	0.356
6.730	0.028	0.356
6.730	0.030	0.356
6.730	0.030	0.356
6.730	0.028	0.356
6.730	0.028	0.356
6.730	0.026	0.355
6.730	0.026	0.355
6.730	0.030	0.354
6.730	0.030	0.354
6.730	0.030	0.353
6.731	0.030	0.353
6.731	0.030	0.353
6.731	0.030	0.353
6.731	0.030	0.352
6.731	0.030	0.352
6.731	0.028	0.352
6.731	0.028	0.352
6.731	0.028	0.351
6.731	0.028	0.351
6.731	0.030	0.351
6.732	0.030	0.351
6.732	0.030	0.351
6.732	0.030	0.351
6.732	0.030	0.350
