6.597	0.040	0.308
6.597	0.040	0.308
6.597	0.040	0.308
6.597	0.036	0.308
6.597	0.036	0.308
6.598	0.038	0.308
6.598	0.038	0.308
6.598	0.036	0.309
6.598	0.036	0.309
6.598	0.038	0.308
6.598	0.038	0.308
6.598	0.038	0.309
6.598	0.038	0.309
6.598	0.036	0.309
6.598	0.036	0.309
6.599	0.036	0.310
6.599	0.036	0.310
6.599	0.036	0.310
6.599	0.036	0.310
6.599	0.038	0.309
6.599	0.038	0.309
6.599	0.038	0.309
6.599	0.038	0.309
6.599	0.038	0.310
6.599	0.038	0.310
6.600	0.038	0.310
6.600	0.038	0.310
6.600	0.038	0.310
6.600	0.038	0.310
6.600	0.040	0.310
6.600	0.040	0.310
6.600	0.036	0.309
6.600	0.036	0.309
6.600	0.036	0.311
6.600	0.036	0.311
6.601	0.038	0.311
6.601	0.038	0.311
6.601	0.038	0.310
6.601	0.038	0.310
6.601	0.036	0.310
6.601	0.036	0.310
6.601	0.038	0.311
6.601	0.038	0.311
6.601	0.038	0.311
6.601	0.038	0.311
6.602	0.038	0.311
6.602	0.038	0.311
6.602	0.040	0.311
6.602	0.040	0.311
6.602	0.038	0.311
6.602	0.038	0.311
6.602	0.038	0.311
6.602	0.038	0.311
6.602	0.036	0.311
6.602	0.036	0.311
6.603	0.038	0.312
6.603	0.038	0.312
6.603	0.040	0.312
6.603	0.040	0.312
6.603	0.038	0.312
6.603	0.038	0.312
6.603	0.038	0.312
6.603	0.038	0.312
6.603	0.040	0.312
6.603	0.040	0.312
6.604	0.036	0.312
6.604	0.036	0.312
6.604	0.038	0.312
6.604	0.038	0.312
6.604	0.036	0.312
6.604	0.036	0.312
6.604	0.036	0.312
6.604	0.036	0.312
6.604	0.038	0.313
6.604	0.038	0.313
6.605	0.038	0.313
6.605	0.038	0.313
6.605	0.038	0.313
6.605	0.038	0.313
6.605	0.040	0.313
6.605	0.040	0.313
6.605	0.038	0.313
6.605	0.038	0.313
6.605	0.036	0.313
6.605	0.036	0.313
6.606	0.036	0.313
6.606	0.036	0.313
6.606	0.038	0.313
6.606	0.038	0.313
6.606	0.038	0.314
6.606	0.038	0.314
6.606	0.036	0.314
6.606	0.036	0.314
6.606	0.038	0.314
6.606	0.038	0.314
6.607	0.036	0.315
6.607	0.036	0.315
6.607	0.036	0.315
6.607	0.036	0.315
6.607	0.040	0.316
6.607	0.040	0.316
6.607	0.036	0.315
6.607	0.036	0.315
6.607	0.038	0.315
6.607	0.038	0.315
6.608	0.036	0.315
6.608	0.036	0.315
6.608	0.036	0.316
6.608	0.036	0.316
6.608	0.036	0.316
6.608	0.036	0.316
6.608	0.038	0.316
6.608	0.038	0.316
6.608	0.036	0.316
6.608	0.036	0.316
6.609	0.036	0.316
6.609	0.036	0.316
6.609	0.038	0.316
6.609	0.038	0.316
6.609	0.036	0.316
6.609	0.036	0.316
6.609	0.038	0.317
6.609	0.038	0.317
6.609	0.036	0.317
6.609	0.036	0.317
6.610	0.038	0.317
6.610	0.038	0.317
6.610	0.036	0.317
6.610	0.036	0.317
6.610	0.038	0.318
6.610	0.038	0.318
6.610	0.036	0.318
6.610	0.036	0.318
6.610	0.038	0.317
6.610	0.038	0.317
6.611	0.036	0.319
6.611	0.036	0.319
6.611	0.036	0.318
6.611	0.036	0.318
6.611	0.036	0.320
6.611	0.036	0.320
6.611	0.036	0.319
6.611	0.036	0.319
6.611	0.036	0.320
6.611	0.036	0.320
6.612	0.036	0.320
6.612	0.036	0.320
6.612	0.036	0.320
6.612	0.036	0.320
6.612	0.038	0.320
6.612	0.038	0.320
6.612	0.036	0.320
6.612	0.036	0.320
6.612	0.038	0.320
6.612	0.038	0.320
6.613	0.036	0.320
6.613	0.036	0.320
6.613	0.038	0.320
6.613	0.038	0.320
6.613	0.036	0.320
6.613	0.036	0.320
6.613	0.038	0.320
6.613	0.038	0.320
6.613	0.036	0.321
6.613	0.036	0.321
6.614	0.038	0.321
6.614	0.038	0.321
6.614	0.036	0.321
6.614	0.036	0.321
6.614	0.038	0.321
6.614	0.038	0.321
6.614	0.038	0.321
6.614	0.038	0.321
6.614	0.038	0.322
6.614	0.038	0.322
6.615	0.038	0.323
6.615	0.038	0.323
6.615	0.036	0.323
6.615	0.036	0.323
6.615	0.038	0.323
6.615	0.038	0.323
6.615	0.036	0.323
6.615	0.036	0.323
6.615	0.034	0.323
6.615	0.034	0.323
6.616	0.036	0.323
6.616	0.036	0.323
6.616	0.038	0.323
6.616	0.038	0.323
6.616	0.038	0.324
6.616	0.038	0.324
6.616	0.038	0.324
6.616	0.038	0.324
6.616	0.038	0.324
6.616	0.038	0.324
6.617	0.036	0.324
6.617	0.036	0.324
6.617	0.038	0.324
6.617	0.038	0.324
6.617	0.036	0.324
6.617	0.036	0.324
6.617	0.038	0.324
6.617	0.038	0.324
6.617	0.036	0.324
6.617	0.036	0.324
6.618	0.038	0.324
6.618	0.038	0.324
6.618	0.036	0.324
6.618	0.036	0.324
6.618	0.036	0.324
6.618	0.036	0.324
6.618	0.036	0.325
6.618	0.036	0.325
6.618	0.036	0.325
6.618	0.036	0.325
6.619	0.038	0.325
6.619	0.038	0.325
6.619	0.038	0.325
6.619	0.038	0.325
6.619	0.036	0.326
6.619	0.036	0.326
6.619	0.036	0.326
6.619	0.036	0.326
6.619	0.036	0.326
6.619	0.036	0.326
6.620	0.038	0.326
6.620	0.038	0.326
6.620	0.036	0.326
6.620	0.036	0.326
6.620	0.036	0.326
6.620	0.036	0.326
6.620	0.036	0.327
6.620	0.036	0.327
6.620	0.034	0.326
6.620	0.034	0.326
6.621	0.034	0.326
6.621	0.034	0.326
6.621	0.036	0.327
6.621	0.036	0.327
6.621	0.036	0.328
6.621	0.036	0.328
6.621	0.034	0.327
6.621	0.034	0.327
6.621	0.040	0.328
6.621	0.040	0.328
6.622	0.036	0.328
6.622	0.036	0.328
6.622	0.034	0.328
6.622	0.034	0.328
6.622	0.036	0.328
6.622	0.036	0.328
6.622	0.034	0.328
6.622	0.034	0.328
6.622	0.036	0.328
6.622	0.036	0.328
6.623	0.036	0.328
6.623	0.036	0.328
6.623	0.036	0.329
6.623	0.036	0.329
6.623	0.036	0.329
6.623	0.036	0.329
6.623	0.036	0.328
6.623	0.036	0.328
6.623	0.036	0.329
6.623	0.036	0.329
6.624	0.036	0.329
6.624	0.036	0.329
6.624	0.034	0.328
6.624	0.034	0.328
6.624	0.036	0.330
6.624	0.036	0.330
6.624	0.036	0.329
6.624	0.036	0.329
6.624	0.036	0.330
6.624	0.036	0.330
6.625	0.036	0.330
6.625	0.036	0.330
6.625	0.034	0.330
6.625	0.034	0.330
6.625	0.034	0.330
6.625	0.034	0.330
6.625	0.034	0.331
6.625	0.034	0.331
6.625	0.036	0.331
6.625	0.036	0.331
6.626	0.038	0.331
6.626	0.038	0.331
6.626	0.034	0.331
6.626	0.034	0.331
6.626	0.036	0.332
6.626	0.036	0.332
6.626	0.036	0.332
6.626	0.036	0.332
6.626	0.034	0.332
6.626	0.034	0.332
6.627	0.038	0.332
6.627	0.038	0.332
6.627	0.036	0.332
6.627	0.036	0.332
6.627	0.036	0.333
6.627	0.036	0.333
6.627	0.036	0.333
6.627	0.036	0.333
6.627	0.036	0.333
6.627	0.036	0.333
6.628	0.034	0.333
6.628	0.034	0.333
6.628	0.036	0.333
6.628	0.036	0.333
6.628	0.038	0.332
6.628	0.038	0.332
6.628	0.038	0.333
6.628	0.038	0.333
6.628	0.038	0.334
6.628	0.038	0.334
6.629	0.038	0.334
6.629	0.038	0.334
6.629	0.038	0.334
6.629	0.038	0.334
6.629	0.038	0.334
6.629	0.038	0.334
6.629	0.036	0.335
6.629	0.036	0.335
6.629	0.036	0.335
6.629	0.036	0.335
6.630	0.036	0.336
6.630	0.036	0.336
6.630	0.034	0.336
6.630	0.034	0.336
6.630	0.036	0.336
6.630	0.036	0.336
6.630	0.036	0.336
6.630	0.036	0.336
6.630	0.038	0.335
6.630	0.038	0.335
6.631	0.034	0.336
6.631	0.034	0.336
6.631	0.036	0.336
6.631	0.036	0.336
6.631	0.036	0.336
6.631	0.036	0.336
6.631	0.034	0.336
6.631	0.034	0.336
6.631	0.036	0.336
6.631	0.036	0.336
6.632	0.038	0.337
6.632	0.038	0.337
6.632	0.038	0.337
6.632	0.038	0.337
6.632	0.034	0.338
6.632	0.034	0.338
6.632	0.036	0.337
6.632	0.036	0.337
6.632	0.036	0.338
6.632	0.036	0.338
6.633	0.036	0.338
6.633	0.036	0.338
6.633	0.034	0.338
6.633	0.034	0.338
6.633	0.036	0.338
6.633	0.036	0.338
6.633	0.036	0.338
6.633	0.036	0.338
6.633	0.034	0.338
6.633	0.034	0.338
6.634	0.034	0.339
6.634	0.034	0.339
6.634	0.034	0.338
6.634	0.034	0.338
6.634	0.034	0.339
6.634	0.034	0.339
6.634	0.036	0.339
6.634	0.036	0.339
6.634	0.036	0.339
6.634	0.036	0.339
6.635	0.034	0.339
6.635	0.034	0.339
6.635	0.036	0.339
6.635	0.036	0.339
6.635	0.032	0.339
6.635	0.032	0.339
6.635	0.034	0.339
6.635	0.034	0.339
6.635	0.036	0.340
6.635	0.036	0.340
6.636	0.036	0.339
6.636	0.036	0.339
6.636	0.034	0.340
6.636	0.034	0.340
6.636	0.034	0.340
6.636	0.034	0.340
6.636	0.036	0.340
6.636	0.036	0.340
6.636	0.034	0.340
6.636	0.034	0.340
6.637	0.038	0.340
6.637	0.038	0.340
6.637	0.036	0.340
6.637	0.036	0.340
6.637	0.034	0.340
6.637	0.034	0.340
6.637	0.034	0.340
6.637	0.034	0.340
6.637	0.036	0.341
6.637	0.036	0.341
6.638	0.034	0.341
6.638	0.034	0.341
6.638	0.034	0.341
6.638	0.034	0.341
6.638	0.036	0.341
6.638	0.036	0.341
6.638	0.034	0.342
6.638	0.034	0.342
6.638	0.036	0.342
6.638	0.036	0.342
6.639	0.036	0.342
6.639	0.036	0.342
6.639	0.036	0.343
6.639	0.036	0.343
6.639	0.036	0.342
6.639	0.036	0.342
6.639	0.036	0.342
6.639	0.036	0.342
6.639	0.034	0.342
6.639	0.034	0.342
6.640	0.034	0.343
6.640	0.034	0.343
6.640	0.034	0.342
6.640	0.034	0.342
6.640	0.036	0.343
6.640	0.036	0.343
6.640	0.034	0.343
6.640	0.034	0.343
6.640	0.034	0.344
6.640	0.034	0.344
6.641	0.034	0.343
6.641	0.034	0.343
6.641	0.036	0.344
6.641	0.036	0.344
6.641	0.034	0.344
6.641	0.034	0.344
6.641	0.034	0.344
6.641	0.034	0.344
6.641	0.034	0.344
6.641	0.034	0.344
6.642	0.034	0.344
6.642	0.034	0.344
6.642	0.036	0.344
6.642	0.036	0.344
6.642	0.036	0.344
6.642	0.036	0.344
6.642	0.036	0.344
6.642	0.036	0.344
6.642	0.036	0.344
6.642	0.036	0.344
6.643	0.034	0.345
6.643	0.034	0.345
6.643	0.036	0.346
6.643	0.036	0.346
6.643	0.036	0.346
6.643	0.036	0.346
6.643	0.034	0.345
6.643	0.034	0.345
6.643	0.034	0.346
6.643	0.034	0.346
6.644	0.036	0.346
6.644	0.036	0.346
6.644	0.036	0.346
6.644	0.036	0.346
6.644	0.036	0.347
6.644	0.036	0.347
6.644	0.036	0.346
6.644	0.036	0.346
6.644	0.036	0.346
6.644	0.036	0.346
6.645	0.036	0.348
6.645	0.036	0.348
6.645	0.032	0.347
6.645	0.032	0.347
6.645	0.036	0.348
6.645	0.036	0.348
6.645	0.032	0.347
6.645	0.032	0.347
6.645	0.034	0.347
6.645	0.034	0.347
6.646	0.034	0.348
6.646	0.034	0.348
6.646	0.034	0.348
6.646	0.034	0.348
6.646	0.036	0.348
6.646	0.036	0.348
6.646	0.034	0.348
6.646	0.034	0.348
6.646	0.034	0.348
6.646	0.034	0.348
6.647	0.034	0.348
6.647	0.034	0.348
6.647	0.034	0.348
6.647	0.034	0.348
6.647	0.034	0.348
6.647	0.034	0.348
6.647	0.034	0.348
6.647	0.034	0.348
6.647	0.034	0.348
6.647	0.034	0.348
6.648	0.034	0.349
6.648	0.034	0.349
6.648	0.036	0.349
6.648	0.036	0.349
6.648	0.034	0.348
6.648	0.034	0.348
6.648	0.036	0.349
6.648	0.036	0.349
6.648	0.034	0.349
6.648	0.034	0.349
6.649	0.034	0.350
6.649	0.034	0.350
6.649	0.034	0.349
6.649	0.034	0.349
6.649	0.034	0.349
6.649	0.034	0.349
6.649	0.036	0.351
6.649	0.036	0.351
6.649	0.036	0.350
6.649	0.036	0.350
6.650	0.036	0.350
6.650	0.036	0.350
6.650	0.034	0.350
6.650	0.034	0.350
6.650	0.034	0.350
6.650	0.034	0.350
6.650	0.032	0.350
6.650	0.032	0.350
6.650	0.036	0.351
6.650	0.036	0.351
6.651	0.034	0.350
6.651	0.034	0.350
6.651	0.036	0.351
6.651	0.036	0.351
6.651	0.036	0.351
6.651	0.036	0.351
6.651	0.034	0.351
6.651	0.034	0.351
6.651	0.034	0.351
6.651	0.034	0.351
6.652	0.034	0.351
6.652	0.034	0.351
6.652	0.034	0.351
6.652	0.034	0.351
6.652	0.034	0.352
6.652	0.034	0.352
6.652	0.034	0.351
6.652	0.034	0.351
6.652	0.034	0.351
6.652	0.034	0.351
6.653	0.034	0.352
6.653	0.034	0.352
6.653	0.034	0.352
6.653	0.034	0.352
6.653	0.034	0.352
6.653	0.034	0.352
6.653	0.034	0.352
6.653	0.034	0.352
6.653	0.036	0.352
6.653	0.036	0.352
6.654	0.034	0.352
6.654	0.034	0.352
6.654	0.034	0.352
6.654	0.034	0.352
6.654	0.034	0.352
6.654	0.034	0.352
6.654	0.036	0.352
6.654	0.036	0.352
6.654	0.034	0.352
6.654	0.034	0.352
6.655	0.034	0.352
6.655	0.034	0.352
6.655	0.034	0.352
6.655	0.034	0.352
6.655	0.036	0.352
6.655	0.036	0.352
6.655	0.032	0.352
6.655	0.032	0.352
6.655	0.034	0.352
6.655	0.034	0.352
6.656	0.036	0.353
6.656	0.036	0.353
6.656	0.034	0.353
6.656	0.034	0.353
6.656	0.034	0.354
6.656	0.034	0.354
6.656	0.034	0.352
6.656	0.034	0.352
6.656	0.034	0.353
6.656	0.034	0.353
6.657	0.034	0.353
6.657	0.034	0.353
6.657	0.034	0.353
6.657	0.034	0.353
6.657	0.034	0.354
6.657	0.034	0.354
6.657	0.034	0.353
6.657	0.034	0.353
6.657	0.036	0.354
6.657	0.036	0.354
6.658	0.034	0.354
6.658	0.034	0.354
6.658	0.034	0.354
6.658	0.034	0.354
6.658	0.034	0.353
6.658	0.034	0.353
6.658	0.032	0.354
6.658	0.032	0.354
6.658	0.034	0.354
6.658	0.034	0.354
6.659	0.034	0.354
6.659	0.034	0.354
6.659	0.036	0.354
6.659	0.036	0.354
6.659	0.034	0.354
6.659	0.034	0.354
6.659	0.034	0.355
6.659	0.034	0.355
6.659	0.034	0.354
6.659	0.034	0.354
6.660	0.032	0.355
6.660	0.032	0.355
6.660	0.034	0.355
6.660	0.034	0.355
6.660	0.030	0.355
6.660	0.030	0.355
6.660	0.034	0.355
6.660	0.034	0.355
6.660	0.034	0.355
6.660	0.034	0.355
6.661	0.034	0.356
6.661	0.034	0.356
6.661	0.030	0.355
6.661	0.030	0.355
6.661	0.034	0.355
6.661	0.034	0.355
6.661	0.034	0.356
6.661	0.034	0.356
6.661	0.034	0.356
6.661	0.034	0.356
6.662	0.036	0.356
6.662	0.036	0.356
6.662	0.036	0.356
6.662	0.036	0.356
6.662	0.034	0.356
6.662	0.034	0.356
6.662	0.034	0.356
6.662	0.034	0.356
6.662	0.034	0.356
6.662	0.034	0.356
6.663	0.032	0.356
6.663	0.032	0.356
6.663	0.034	0.356
6.663	0.034	0.356
6.663	0.034	0.356
6.663	0.034	0.356
6.663	0.034	0.356
6.663	0.034	0.356
6.663	0.034	0.356
6.663	0.034	0.356
6.664	0.034	0.356
6.664	0.034	0.356
6.664	0.034	0.356
6.664	0.034	0.356
6.664	0.032	0.356
6.664	0.032	0.356
6.664	0.034	0.356
6.664	0.034	0.356
6.664	0.034	0.356
6.664	0.034	0.356
6.665	0.034	0.356
6.665	0.034	0.356
6.665	0.030	0.356
6.665	0.030	0.356
6.665	0.034	0.356
6.665	0.034	0.356
6.665	0.034	0.356
6.665	0.034	0.356
6.665	0.036	0.356
6.665	0.036	0.356
6.666	0.032	0.356
6.666	0.032	0.356
6.666	0.034	0.356
6.666	0.034	0.356
6.666	0.034	0.357
6.666	0.034	0.357
6.666	0.034	0.356
6.666	0.034	0.356
6.666	0.034	0.356
6.666	0.034	0.356
6.667	0.034	0.357
6.667	0.034	0.357
6.667	0.034	0.356
6.667	0.034	0.356
6.667	0.034	0.356
6.667	0.034	0.356
6.667	0.032	0.356
6.667	0.032	0.356
6.667	0.034	0.356
6.667	0.034	0.356
6.668	0.034	0.356
6.668	0.034	0.356
6.668	0.034	0.357
6.668	0.034	0.357
6.668	0.034	0.357
6.668	0.034	0.357
6.668	0.032	0.356
6.668	0.032	0.356
6.668	0.034	0.357
6.668	0.034	0.357
6.669	0.034	0.357
6.669	0.034	0.357
6.669	0.034	0.357
6.669	0.034	0.357
6.669	0.034	0.357
6.669	0.034	0.357
6.669	0.034	0.356
6.669	0.034	0.356
6.669	0.032	0.356
6.669	0.032	0.356
6.670	0.034	0.357
6.670	0.034	0.357
6.670	0.032	0.357
6.670	0.032	0.357
6.670	0.034	0.356
6.670	0.034	0.356
6.670	0.034	0.357
6.670	0.034	0.357
6.670	0.032	0.357
6.670	0.032	0.357
6.671	0.034	0.357
6.671	0.034	0.357
6.671	0.034	0.357
6.671	0.034	0.357
6.671	0.034	0.357
6.671	0.034	0.357
6.671	0.034	0.357
6.671	0.034	0.357
6.671	0.034	0.358
6.671	0.034	0.358
6.672	0.034	0.358
6.672	0.034	0.358
6.672	0.034	0.357
6.672	0.034	0.357
6.672	0.034	0.357
6.672	0.034	0.357
6.672	0.034	0.357
6.672	0.034	0.357
6.672	0.034	0.357
6.672	0.034	0.357
6.673	0.034	0.357
6.673	0.034	0.357
6.673	0.034	0.357
6.673	0.034	0.357
6.673	0.034	0.356
6.673	0.034	0.356
6.673	0.034	0.357
6.673	0.034	0.357
6.673	0.032	0.357
6.673	0.032	0.357
6.674	0.034	0.356
6.674	0.034	0.356
6.674	0.034	0.357
6.674	0.034	0.357
6.674	0.032	0.358
6.674	0.032	0.358
6.674	0.034	0.357
6.674	0.034	0.357
6.674	0.034	0.357
6.674	0.034	0.357
6.675	0.034	0.357
6.675	0.034	0.357
6.675	0.034	0.356
6.675	0.034	0.356
6.675	0.034	0.357
6.675	0.034	0.357
6.675	0.036	0.358
6.675	0.036	0.358
6.675	0.034	0.358
6.675	0.034	0.358
6.676	0.034	0.358
6.676	0.034	0.358
6.676	0.034	0.357
6.676	0.034	0.357
6.676	0.034	0.357
6.676	0.034	0.357
6.676	0.030	0.357
6.676	0.030	0.357
6.676	0.032	0.357
6.676	0.032	0.357
6.677	0.034	0.357
6.677	0.034	0.357
6.677	0.030	0.357
6.677	0.030	0.357
6.677	0.030	0.357
6.677	0.030	0.357
6.677	0.034	0.357
6.677	0.034	0.357
6.677	0.034	0.358
6.677	0.034	0.358
6.678	0.032	0.357
6.678	0.032	0.357
6.678	0.034	0.357
6.678	0.034	0.357
6.678	0.032	0.357
6.678	0.032	0.357
6.678	0.034	0.358
6.678	0.034	0.358
6.678	0.034	0.357
6.678	0.034	0.357
6.679	0.034	0.357
6.679	0.034	0.357
6.679	0.030	0.357
6.679	0.030	0.357
6.679	0.034	0.356
6.679	0.034	0.356
6.679	0.034	0.357
6.679	0.034	0.357
6.679	0.032	0.357
6.679	0.032	0.357
6.680	0.034	0.356
6.680	0.034	0.356
6.680	0.034	0.357
6.680	0.034	0.357
6.680	0.034	0.356
6.680	0.034	0.356
6.680	0.032	0.357
6.680	0.032	0.357
6.680	0.032	0.357
6.680	0.032	0.357
6.681	0.032	0.356
6.681	0.032	0.356
6.681	0.032	0.357
6.681	0.032	0.357
6.681	0.034	0.357
6.681	0.034	0.357
6.681	0.034	0.357
6.681	0.034	0.357
6.681	0.034	0.356
6.681	0.034	0.356
6.682	0.034	0.356
6.682	0.034	0.356
6.682	0.034	0.356
6.682	0.034	0.356
6.682	0.034	0.356
6.682	0.034	0.356
6.682	0.030	0.356
6.682	0.030	0.356
6.682	0.032	0.356
6.682	0.032	0.356
6.683	0.034	0.357
6.683	0.034	0.357
6.683	0.034	0.356
6.683	0.034	0.356
6.683	0.034	0.356
6.683	0.034	0.356
6.683	0.032	0.356
6.683	0.032	0.356
6.683	0.034	0.356
6.683	0.034	0.356
6.684	0.032	0.356
6.684	0.032	0.356
6.684	0.032	0.356
6.684	0.032	0.356
6.684	0.032	0.356
6.684	0.032	0.356
6.684	0.034	0.356
6.684	0.034	0.356
6.684	0.032	0.356
6.684	0.032	0.356
6.685	0.034	0.356
6.685	0.034	0.356
6.685	0.034	0.356
6.685	0.034	0.356
6.685	0.034	0.356
6.685	0.034	0.356
6.685	0.034	0.356
6.685	0.034	0.356
6.685	0.034	0.356
6.685	0.034	0.356
6.686	0.034	0.355
6.686	0.034	0.355
6.686	0.032	0.356
6.686	0.032	0.356
6.686	0.032	0.355
6.686	0.032	0.355
6.686	0.034	0.356
6.686	0.034	0.356
6.686	0.032	0.356
6.686	0.032	0.356
6.687	0.030	0.356
6.687	0.030	0.356
6.687	0.034	0.355
6.687	0.034	0.355
6.687	0.032	0.356
6.687	0.032	0.356
6.687	0.030	0.355
6.687	0.030	0.355
6.687	0.034	0.355
6.687	0.034	0.355
6.688	0.032	0.355
6.688	0.032	0.355
6.688	0.032	0.355
6.688	0.032	0.355
6.688	0.034	0.355
6.688	0.034	0.355
6.688	0.032	0.355
6.688	0.032	0.355
6.688	0.034	0.355
6.688	0.034	0.355
6.689	0.034	0.355
6.689	0.034	0.355
6.689	0.032	0.355
6.689	0.032	0.355
6.689	0.030	0.355
6.689	0.030	0.355
6.689	0.034	0.355
6.689	0.034	0.355
6.689	0.030	0.355
6.689	0.030	0.355
6.690	0.034	0.354
6.690	0.034	0.354
6.690	0.032	0.355
6.690	0.032	0.355
6.690	0.034	0.354
6.690	0.034	0.354
6.690	0.034	0.354
6.690	0.034	0.354
6.690	0.034	0.354
6.690	0.034	0.354
6.691	0.032	0.354
6.691	0.032	0.354
6.691	0.034	0.354
6.691	0.034	0.354
6.691	0.032	0.353
6.691	0.032	0.353
6.691	0.030	0.354
6.691	0.030	0.354
6.691	0.032	0.353
6.691	0.032	0.353
6.692	0.030	0.353
6.692	0.030	0.353
6.692	0.034	0.353
6.692	0.034	0.353
6.692	0.030	0.353
6.692	0.030	0.353
6.692	0.030	0.353
6.692	0.030	0.353
6.692	0.034	0.353
6.692	0.034	0.353
6.693	0.030	0.352
6.693	0.030	0.352
6.693	0.034	0.353
6.693	0.034	0.353
6.693	0.032	0.352
6.693	0.032	0.352
6.693	0.032	0.352
6.693	0.032	0.352
6.693	0.030	0.352
6.693	0.030	0.352
6.694	0.030	0.352
6.694	0.030	0.352
6.694	0.032	0.352
6.694	0.032	0.352
6.694	0.032	0.352
6.694	0.032	0.352
6.694	0.034	0.352
6.694	0.034	0.352
6.694	0.032	0.352
6.694	0.032	0.352
6.695	0.030	0.351
6.695	0.030	0.351
6.695	0.030	0.351
6.695	0.030	0.351
6.695	0.030	0.351
6.695	0.030	0.351
6.695	0.032	0.352
6.695	0.032	0.352
6.695	0.034	0.352
6.695	0.034	0.352
6.696	0.030	0.351
6.696	0.030	0.351
6.696	0.032	0.351
6.696	0.032	0.351
6.696	0.032	0.350
6.696	0.032	0.350
6.696	0.034	0.351
6.696	0.034	0.351
6.696	0.030	0.350
6.696	0.030	0.350
6.697	0.034	0.350
6.697	0.034	0.350
6.697	0.030	0.349
6.697	0.030	0.349
6.697	0.032	0.349
6.697	0.032	0.349
6.697	0.032	0.349
6.697	0.032	0.349
6.697	0.034	0.349
6.697	0.034	0.349
6.698	0.030	0.349
6.698	0.030	0.349
6.698	0.030	0.348
6.698	0.030	0.348
6.698	0.032	0.348
6.698	0.032	0.348
6.698	0.030	0.348
6.698	0.030	0.348
6.698	0.030	0.348
6.698	0.030	0.348
6.699	0.034	0.348
6.699	0.034	0.348
6.699	0.034	0.348
6.699	0.034	0.348
6.699	0.030	0.348
6.699	0.030	0.348
6.699	0.030	0.348
6.699	0.030	0.348
6.699	0.028	0.348
6.699	0.028	0.348
6.700	0.030	0.347
6.700	0.030	0.347
6.700	0.034	0.348
6.700	0.034	0.348
6.700	0.030	0.348
6.700	0.030	0.348
6.700	0.030	0.347
6.700	0.030	0.347
6.700	0.032	0.347
6.700	0.032	0.347
6.701	0.030	0.347
6.701	0.030	0.347
6.701	0.032	0.348
6.701	0.032	0.348
6.701	0.034	0.346
6.701	0.034	0.346
6.701	0.032	0.347
6.701	0.032	0.347
6.701	0.030	0.346
6.701	0.030	0.346
6.702	0.030	0.346
6.702	0.030	0.346
6.702	0.030	0.346
6.702	0.030	0.346
6.702	0.030	0.345
6.702	0.030	0.345
6.702	0.030	0.346
6.702	0.030	0.346
6.702	0.032	0.346
6.702	0.032	0.346
6.703	0.030	0.345
6.703	0.030	0.345
6.703	0.030	0.345
6.703	0.030	0.345
6.703	0.030	0.346
6.703	0.030	0.346
6.703	0.030	0.345
6.703	0.030	0.345
6.703	0.032	0.344
6.703	0.032	0.344
6.704	0.030	0.344
6.704	0.030	0.344
6.704	0.030	0.344
6.704	0.030	0.344
6.704	0.030	0.344
6.704	0.030	0.344
6.704	0.030	0.344
6.704	0.030	0.344
6.704	0.030	0.344
6.704	0.030	0.344
6.705	0.030	0.344
6.705	0.030	0.344
6.705	0.030	0.344
6.705	0.030	0.344
6.705	0.030	0.344
6.705	0.030	0.344
6.705	0.032	0.343
6.705	0.032	0.343
6.705	0.032	0.343
6.705	0.032	0.343
6.706	0.032	0.343
6.706	0.032	0.343
6.706	0.030	0.343
6.706	0.030	0.343
6.706	0.032	0.343
6.706	0.032	0.343
6.706	0.036	0.343
6.706	0.036	0.343
6.706	0.034	0.342
6.706	0.034	0.342
6.707	0.032	0.341
6.707	0.032	0.341
6.707	0.030	0.341
6.707	0.030	0.341
6.707	0.030	0.341
6.707	0.030	0.341
6.707	0.030	0.341
6.707	0.030	0.341
6.707	0.032	0.341
6.707	0.032	0.341
6.708	0.032	0.341
6.708	0.032	0.341
6.708	0.030	0.341
6.708	0.030	0.341
6.708	0.034	0.340
6.708	0.034	0.340
6.708	0.030	0.340
6.708	0.030	0.340
6.708	0.028	0.340
6.708	0.028	0.340
6.709	0.032	0.340
6.709	0.032	0.340
6.709	0.028	0.339
6.709	0.028	0.339
6.709	0.030	0.340
6.709	0.030	0.340
6.709	0.030	0.338
6.709	0.030	0.338
6.709	0.030	0.338
6.709	0.030	0.338
6.710	0.030	0.337
6.710	0.030	0.337
6.710	0.030	0.337
6.710	0.030	0.337
6.710	0.030	0.336
6.710	0.030	0.336
6.710	0.030	0.336
6.710	0.030	0.336
6.710	0.030	0.336
6.710	0.030	0.336
6.711	0.030	0.336
6.711	0.030	0.336
6.711	0.034	0.336
6.711	0.034	0.336
6.711	0.034	0.336
6.711	0.034	0.336
6.711	0.034	0.336
6.711	0.034	0.336
6.711	0.028	0.335
6.711	0.028	0.335
6.712	0.028	0.335
6.712	0.028	0.335
6.712	0.028	0.335
6.712	0.028	0.335
6.712	0.030	0.333
6.712	0.030	0.333
6.712	0.032	0.334
6.712	0.032	0.334
6.712	0.030	0.333
6.712	0.030	0.333
6.713	0.030	0.333
6.713	0.030	0.333
6.713	0.030	0.333
6.713	0.030	0.333
6.713	0.030	0.333
6.713	0.030	0.333
6.713	0.030	0.333
6.713	0.030	0.333
6.713	0.030	0.332
6.713	0.030	0.332
6.714	0.030	0.332
6.714	0.030	0.332
6.714	0.030	0.332
6.714	0.030	0.332
6.714	0.030	0.332
6.714	0.030	0.332
6.714	0.030	0.332
6.714	0.030	0.332
6.714	0.030	0.332
6.714	0.030	0.332
6.715	0.030	0.331
6.715	0.030	0.331
6.715	0.030	0.330
6.715	0.030	0.330
6.715	0.030	0.330
6.715	0.030	0.330
6.715	0.030	0.329
6.715	0.030	0.329
6.715	0.030	0.330
6.715	0.030	0.330
6.716	0.028	0.329
6.716	0.028	0.329
6.716	0.030	0.329
6.716	0.030	0.329
6.716	0.030	0.328
6.716	0.030	0.328
6.716	0.028	0.328
6.716	0.028	0.328
6.716	0.028	0.328
6.716	0.028	0.328
6.717	0.030	0.328
6.717	0.030	0.328
6.717	0.030	0.328
6.717	0.030	0.328
6.717	0.030	0.328
6.717	0.030	0.328
6.717	0.030	0.327
6.717	0.030	0.327
6.717	0.032	0.328
6.717	0.032	0.328
6.718	0.030	0.327
6.718	0.030	0.327
6.718	0.030	0.327
6.718	0.030	0.327
6.718	0.032	0.327
6.718	0.032	0.327
6.718	0.030	0.326
6.718	0.030	0.326
6.718	0.030	0.326
6.718	0.030	0.326
6.719	0.030	0.326
6.719	0.030	0.326
6.719	0.030	0.325
6.719	0.030	0.325
6.719	0.032	0.325
6.719	0.032	0.325
6.719	0.028	0.324
6.719	0.028	0.324
6.719	0.030	0.324
6.719	0.030	0.324
6.720	0.028	0.325
6.720	0.028	0.325
6.720	0.030	0.324
6.720	0.030	0.324
6.720	0.028	0.324
6.720	0.028	0.324
6.720	0.028	0.323
6.720	0.028	0.323
6.720	0.030	0.323
6.720	0.030	0.323
6.721	0.030	0.323
6.721	0.030	0.323
6.721	0.030	0.323
6.721	0.030	0.323
6.721	0.030	0.322
6.721	0.030	0.322
6.721	0.030	0.322
6.721	0.030	0.322
6.721	0.030	0.322
6.721	0.030	0.322
6.722	0.030	0.321
6.722	0.030	0.321
6.722	0.030	0.321
6.722	0.030	0.321
6.722	0.030	0.320
6.722	0.030	0.320
6.722	0.028	0.320
6.722	0.028	0.320
6.722	0.028	0.320
6.722	0.028	0.320
6.723	0.028	0.320
6.723	0.028	0.320
6.723	0.028	0.320
6.723	0.028	0.320
6.723	0.030	0.319
6.723	0.030	0.319
6.723	0.030	0.319
6.723	0.030	0.319
6.723	0.030	0.319
6.723	0.030	0.319
6.724	0.028	0.318
6.724	0.028	0.318
6.724	0.030	0.318
6.724	0.030	0.318
6.724	0.028	0.317
6.724	0.028	0.317
6.724	0.032	0.317
6.724	0.032	0.317
6.724	0.030	0.317
6.724	0.030	0.317
6.725	0.030	0.316
6.725	0.030	0.316
6.725	0.028	0.317
6.725	0.028	0.317
6.725	0.030	0.317
6.725	0.030	0.317
6.725	0.032	0.316
6.725	0.032	0.316
6.725	0.028	0.316
6.725	0.028	0.316
6.726	0.032	0.315
6.726	0.032	0.315
6.726	0.028	0.314
6.726	0.028	0.314
6.726	0.028	0.313
6.726	0.028	0.313
6.726	0.030	0.313
6.726	0.030	0.313
6.726	0.028	0.312
6.726	0.028	0.312
6.727	0.030	0.312
6.727	0.030	0.312
6.727	0.030	0.312
6.727	0.030	0.312
6.727	0.030	0.312
6.727	0.030	0.312
6.727	0.030	0.311
6.727	0.030	0.311
6.727	0.030	0.309
6.727	0.030	0.309
6.728	0.028	0.310
6.728	0.028	0.310
6.728	0.028	0.311
6.728	0.028	0.311
6.728	0.028	0.309
6.728	0.028	0.309
6.728	0.034	0.309
6.728	0.034	0.309
6.728	0.028	0.308
6.728	0.028	0.308
6.729	0.030	0.308
6.729	0.030	0.308
6.729	0.032	0.308
6.729	0.032	0.308
6.729	0.026	0.308
6.729	0.026	0.308
6.729	0.028	0.307
6.729	0.028	0.307
6.729	0.030	0.307
6.729	0.030	0.307
6.730	0.028	0.306
6.730	0.028	0.306
6.730	0.030	0.305
6.730	0.030	0.305
6.730	0.030	0.306
6.730	0.030	0.306
6.730	0.026	0.305
6.730	0.026	0.305
6.730	0.028	0.304
6.730	0.028	0.304
6.731	0.032	0.304
6.731	0.032	0.304
6.731	0.028	0.304
6.731	0.028	0.304
6.731	0.030	0.304
6.731	0.030	0.304
6.731	0.028	0.303
6.731	0.028	0.303
6.731	0.030	0.303
6.731	0.030	0.303
6.732	0.030	0.303
6.732	0.030	0.303
6.732	0.028	0.301
6.732	0.028	0.301
6.732	0.028	0.301
6.732	0.028	0.301
6.732	0.028	0.301
6.732	0.028	0.301
6.732	0.028	0.301
6.732	0.028	0.301
6.733	0.030	0.300
6.733	0.030	0.300
6.733	0.030	0.300
6.733	0.030	0.300
6.733	0.030	0.300
6.733	0.030	0.300
6.733	0.030	0.300
6.733	0.030	0.300
6.733	0.030	0.299
6.733	0.030	0.299
6.734	0.030	0.300
6.734	0.030	0.300
6.734	0.030	0.298
6.734	0.030	0.298
6.734	0.028	0.299
6.734	0.028	0.299
6.734	0.028	0.298
6.734	0.028	0.298
6.734	0.030	0.297
6.734	0.030	0.297
6.735	0.028	0.297
6.735	0.028	0.297
6.735	0.028	0.297
6.735	0.028	0.297
6.735	0.030	0.297
6.735	0.030	0.297
6.735	0.028	0.297
6.735	0.028	0.297
6.735	0.030	0.296
6.735	0.030	0.296
6.736	0.028	0.296
6.736	0.028	0.296
6.736	0.028	0.295
6.736	0.028	0.295
6.736	0.028	0.296
6.736	0.028	0.296
6.736	0.030	0.295
6.736	0.030	0.295
6.736	0.028	0.295
6.736	0.028	0.295
6.737	0.028	0.294
6.737	0.028	0.294
6.737	0.030	0.293
6.737	0.030	0.293
6.737	0.028	0.294
6.737	0.028	0.294
6.737	0.028	0.293
6.737	0.028	0.293
6.737	0.030	0.292
6.737	0.030	0.292
6.738	0.028	0.292
6.738	0.028	0.292
6.738	0.030	0.292
6.738	0.030	0.292
6.738	0.028	0.291
6.738	0.028	0.291
6.738	0.028	0.292
6.738	0.028	0.292
6.738	0.032	0.291
6.738	0.032	0.291
6.739	0.026	0.291
6.739	0.026	0.291
6.739	0.026	0.290
6.739	0.026	0.290
6.739	0.030	0.290
6.739	0.030	0.290
6.739	0.028	0.289
6.739	0.028	0.289
6.739	0.030	0.288
6.739	0.030	0.288
6.740	0.030	0.288
6.740	0.030	0.288
6.740	0.030	0.288
6.740	0.030	0.288
6.740	0.028	0.288
6.740	0.028	0.288
6.740	0.026	0.287
6.740	0.026	0.287
6.740	0.028	0.287
6.740	0.028	0.287
6.741	0.028	0.287
6.741	0.028	0.287
6.741	0.028	0.286
6.741	0.028	0.286
6.741	0.028	0.286
6.741	0.028	0.286
6.741	0.026	0.285
6.741	0.026	0.285
6.741	0.030	0.284
6.741	0.030	0.284
6.742	0.028	0.285
6.742	0.028	0.285
6.742	0.028	0.284
6.742	0.028	0.284
6.742	0.028	0.284
6.742	0.028	0.284
6.742	0.028	0.282
6.742	0.028	0.282
6.742	0.028	0.282
6.742	0.028	0.282
6.743	0.026	0.281
6.743	0.026	0.281
6.743	0.028	0.281
6.743	0.028	0.281
6.743	0.028	0.280
6.743	0.028	0.280
6.743	0.026	0.280
6.743	0.026	0.280
6.743	0.028	0.280
6.743	0.028	0.280
6.744	0.030	0.280
6.744	0.030	0.280
6.744	0.026	0.279
6.744	0.026	0.279
6.744	0.028	0.278
6.744	0.028	0.278
6.744	0.028	0.277
6.744	0.028	0.277
6.744	0.028	0.277
6.744	0.028	0.277
6.745	0.030	0.277
6.745	0.030	0.277
6.745	0.028	0.276
6.745	0.028	0.276
6.745	0.030	0.276
6.745	0.030	0.276
6.745	0.026	0.276
6.745	0.026	0.276
6.745	0.028	0.275
6.745	0.028	0.275
6.746	0.028	0.275
6.746	0.028	0.275
6.746	0.028	0.274
6.746	0.028	0.274
6.746	0.030	0.273
6.746	0.030	0.273
6.746	0.028	0.273
6.746	0.028	0.273
6.746	0.028	0.273
6.746	0.028	0.273
6.747	0.026	0.272
6.747	0.026	0.272
6.747	0.028	0.272
6.747	0.028	0.272
6.747	0.028	0.272
6.747	0.028	0.272
6.747	0.030	0.272
6.747	0.030	0.272
6.747	0.030	0.271
6.747	0.030	0.271
6.748	0.028	0.271
6.748	0.028	0.271
6.748	0.028	0.270
6.748	0.028	0.270
6.748	0.028	0.269
6.748	0.028	0.269
6.748	0.028	0.268
6.748	0.028	0.268
6.748	0.028	0.268
6.748	0.028	0.268
6.749	0.030	0.268
6.749	0.030	0.268
6.749	0.028	0.267
6.749	0.028	0.267
6.749	0.028	0.267
6.749	0.028	0.267
6.749	0.028	0.267
6.749	0.028	0.267
6.749	0.028	0.266
6.749	0.028	0.266
6.750	0.028	0.266
6.750	0.028	0.266
6.750	0.028	0.266
6.750	0.028	0.266
6.750	0.030	0.265
6.750	0.030	0.265
6.750	0.028	0.265
6.750	0.028	0.265
6.750	0.028	0.265
6.750	0.028	0.265
6.751	0.030	0.264
6.751	0.030	0.264
6.751	0.028	0.264
6.751	0.028	0.264
6.751	0.028	0.264
6.751	0.028	0.264
6.751	0.030	0.264
6.751	0.030	0.264
6.751	0.028	0.264
6.751	0.028	0.264
6.752	0.030	0.264
6.752	0.030	0.264
6.752	0.026	0.263
6.752	0.026	0.263
6.752	0.028	0.263
6.752	0.028	0.263
6.752	0.028	0.263
6.752	0.028	0.263
6.752	0.028	0.262
6.752	0.028	0.262
6.753	0.026	0.262
6.753	0.026	0.262
6.753	0.030	0.261
6.753	0.030	0.261
6.753	0.026	0.261
6.753	0.026	0.261
6.753	0.026	0.260
6.753	0.026	0.260
6.753	0.026	0.260
6.753	0.026	0.260
6.754	0.026	0.260
6.754	0.026	0.260
6.754	0.028	0.260
6.754	0.028	0.260
6.754	0.026	0.258
6.754	0.026	0.258
6.754	0.028	0.258
6.754	0.028	0.258
6.754	0.026	0.258
6.754	0.026	0.258
6.755	0.028	0.257
6.755	0.028	0.257
6.755	0.028	0.256
6.755	0.028	0.256
6.755	0.026	0.256
6.755	0.026	0.256
6.755	0.028	0.256
6.755	0.028	0.256
6.755	0.028	0.256
6.755	0.028	0.256
6.756	0.026	0.256
6.756	0.026	0.256
6.756	0.028	0.256
6.756	0.028	0.256
6.756	0.028	0.255
6.756	0.028	0.255
6.756	0.028	0.255
6.756	0.028	0.255
6.756	0.026	0.254
6.756	0.026	0.254
6.757	0.026	0.254
6.757	0.026	0.254
6.757	0.028	0.252
6.757	0.028	0.252
6.757	0.026	0.253
6.757	0.026	0.253
6.757	0.026	0.252
6.757	0.026	0.252
6.757	0.026	0.251
6.757	0.026	0.251
6.758	0.026	0.252
6.758	0.026	0.252
6.758	0.028	0.251
6.758	0.028	0.251
6.758	0.026	0.250
6.758	0.026	0.250
6.758	0.028	0.250
6.758	0.028	0.250
6.758	0.026	0.250
6.758	0.026	0.250
6.759	0.028	0.249
6.759	0.028	0.249
6.759	0.028	0.248
6.759	0.028	0.248
6.759	0.026	0.248
6.759	0.026	0.248
6.759	0.028	0.248
6.759	0.028	0.248
6.759	0.028	0.248
6.759	0.028	0.248
6.760	0.028	0.247
6.760	0.028	0.247
6.760	0.028	0.246
6.760	0.028	0.246
6.760	0.028	0.246
6.760	0.028	0.246
6.760	0.026	0.245
6.760	0.026	0.245
6.760	0.030	0.244
6.760	0.030	0.244
6.761	0.030	0.244
6.761	0.030	0.244
6.761	0.028	0.244
6.761	0.028	0.244
6.761	0.026	0.244
6.761	0.026	0.244
6.761	0.028	0.244
6.761	0.028	0.244
6.761	0.026	0.243
6.761	0.026	0.243
6.762	0.026	0.243
6.762	0.026	0.243
6.762	0.028	0.241
6.762	0.028	0.241
6.762	0.026	0.241
6.762	0.026	0.241
6.762	0.030	0.241
6.762	0.030	0.241
6.762	0.026	0.240
6.762	0.026	0.240
6.763	0.028	0.240
6.763	0.028	0.240
6.763	0.024	0.240
6.763	0.024	0.240
6.763	0.028	0.240
6.763	0.028	0.240
6.763	0.026	0.240
6.763	0.026	0.240
6.763	0.026	0.238
6.763	0.026	0.238
6.764	0.026	0.238
6.764	0.026	0.238
6.764	0.024	0.237
6.764	0.024	0.237
6.764	0.026	0.237
6.764	0.026	0.237
6.764	0.026	0.237
6.764	0.026	0.237
6.764	0.028	0.237
6.764	0.028	0.237
6.765	0.026	0.236
6.765	0.026	0.236
6.765	0.028	0.236
6.765	0.028	0.236
6.765	0.026	0.235
6.765	0.026	0.235
6.765	0.026	0.235
6.765	0.026	0.235
6.765	0.028	0.235
6.765	0.028	0.235
6.766	0.028	0.234
6.766	0.028	0.234
6.766	0.026	0.234
6.766	0.026	0.234
6.766	0.026	0.233
6.766	0.026	0.233
6.766	0.026	0.234
6.766	0.026	0.234
6.766	0.028	0.233
6.766	0.028	0.233
6.767	0.026	0.233
6.767	0.026	0.233
6.767	0.028	0.232
6.767	0.028	0.232
6.767	0.026	0.232
6.767	0.026	0.232
6.767	0.026	0.232
6.767	0.026	0.232
6.767	0.026	0.232
6.767	0.026	0.232
6.768	0.026	0.232
6.768	0.026	0.232
6.768	0.026	0.232
6.768	0.026	0.232
6.768	0.026	0.231
6.768	0.026	0.231
6.768	0.024	0.232
6.768	0.024	0.232
6.768	0.026	0.232
6.768	0.026	0.232
6.769	0.026	0.230
6.769	0.026	0.230
6.769	0.028	0.231
6.769	0.028	0.231
6.769	0.026	0.230
6.769	0.026	0.230
6.769	0.026	0.230
6.769	0.026	0.230
6.769	0.026	0.229
6.769	0.026	0.229
6.770	0.026	0.228
6.770	0.026	0.228
6.770	0.026	0.229
6.770	0.026	0.229
6.770	0.026	0.228
6.770	0.026	0.228
6.770	0.026	0.228
6.770	0.026	0.228
6.770	0.026	0.228
6.770	0.026	0.228
6.771	0.026	0.228
6.771	0.026	0.228
6.771	0.026	0.228
6.771	0.026	0.228
6.771	0.026	0.228
6.771	0.026	0.228
6.771	0.026	0.227
6.771	0.026	0.227
6.771	0.026	0.226
6.771	0.026	0.226
6.772	0.026	0.226
6.772	0.026	0.226
6.772	0.026	0.226
6.772	0.026	0.226
6.772	0.028	0.226
6.772	0.028	0.226
6.772	0.026	0.225
6.772	0.026	0.225
6.772	0.026	0.226
6.772	0.026	0.226
6.773	0.026	0.224
6.773	0.026	0.224
6.773	0.028	0.225
6.773	0.028	0.225
6.773	0.026	0.224
6.773	0.026	0.224
6.773	0.026	0.224
6.773	0.026	0.224
6.773	0.028	0.224
6.773	0.028	0.224
6.774	0.026	0.224
6.774	0.026	0.224
6.774	0.026	0.223
6.774	0.026	0.223
6.774	0.026	0.223
6.774	0.026	0.223
6.774	0.026	0.223
6.774	0.026	0.223
6.774	0.026	0.222
6.774	0.026	0.222
6.775	0.026	0.222
6.775	0.026	0.222
6.775	0.026	0.223
6.775	0.026	0.223
6.775	0.026	0.222
6.775	0.026	0.222
6.775	0.026	0.220
6.775	0.026	0.220
6.775	0.026	0.220
6.775	0.026	0.220
6.776	0.026	0.220
6.776	0.026	0.220
6.776	0.028	0.220
6.776	0.028	0.220
6.776	0.026	0.219
6.776	0.026	0.219
6.776	0.026	0.219
6.776	0.026	0.219
6.776	0.028	0.219
6.776	0.028	0.219
6.777	0.028	0.219
6.777	0.028	0.219
6.777	0.026	0.218
6.777	0.026	0.218
6.777	0.026	0.217
6.777	0.026	0.217
6.777	0.026	0.217
6.777	0.026	0.217
6.777	0.026	0.216
6.777	0.026	0.216
6.778	0.026	0.216
6.778	0.026	0.216
6.778	0.026	0.216
6.778	0.026	0.216
6.778	0.026	0.216
6.778	0.026	0.216
6.778	0.026	0.216
6.778	0.026	0.216
6.778	0.024	0.216
6.778	0.024	0.216
6.779	0.026	0.215
6.779	0.026	0.215
6.779	0.026	0.215
6.779	0.026	0.215
6.779	0.026	0.215
6.779	0.026	0.215
6.779	0.026	0.214
6.779	0.026	0.214
6.779	0.026	0.215
6.779	0.026	0.215
6.780	0.026	0.214
6.780	0.026	0.214
6.780	0.026	0.213
6.780	0.026	0.213
6.780	0.026	0.213
6.780	0.026	0.213
6.780	0.026	0.213
6.780	0.026	0.213
6.780	0.026	0.213
6.780	0.026	0.213
6.781	0.026	0.213
6.781	0.026	0.213
6.781	0.024	0.212
6.781	0.024	0.212
6.781	0.024	0.212
6.781	0.024	0.212
6.781	0.024	0.212
6.781	0.024	0.212
6.781	0.026	0.211
6.781	0.026	0.211
6.782	0.026	0.211
6.782	0.026	0.211
6.782	0.026	0.211
6.782	0.026	0.211
6.782	0.028	0.210
6.782	0.028	0.210
6.782	0.026	0.211
6.782	0.026	0.211
6.782	0.026	0.210
6.782	0.026	0.210
6.783	0.022	0.210
6.783	0.022	0.210
6.783	0.026	0.210
6.783	0.026	0.210
6.783	0.026	0.209
6.783	0.026	0.209
6.783	0.026	0.209
6.783	0.026	0.209
6.783	0.028	0.209
6.783	0.028	0.209
6.784	0.026	0.210
6.784	0.026	0.210
6.784	0.026	0.208
6.784	0.026	0.208
6.784	0.026	0.209
6.784	0.026	0.209
6.784	0.026	0.209
6.784	0.026	0.209
6.784	0.026	0.208
6.784	0.026	0.208
6.785	0.024	0.208
6.785	0.024	0.208
6.785	0.026	0.208
6.785	0.026	0.208
6.785	0.024	0.208
6.785	0.024	0.208
6.785	0.026	0.208
6.785	0.026	0.208
6.785	0.026	0.208
6.785	0.026	0.208
6.786	0.026	0.208
6.786	0.026	0.208
6.786	0.026	0.207
6.786	0.026	0.207
6.786	0.024	0.208
6.786	0.024	0.208
6.786	0.024	0.207
6.786	0.024	0.207
6.786	0.026	0.207
6.786	0.026	0.207
6.787	0.026	0.208
6.787	0.026	0.208
6.787	0.026	0.206
6.787	0.026	0.206
6.787	0.024	0.207
6.787	0.024	0.207
6.787	0.026	0.206
6.787	0.026	0.206
6.787	0.026	0.206
6.787	0.026	0.206
6.788	0.026	0.206
6.788	0.026	0.206
6.788	0.024	0.206
6.788	0.024	0.206
6.788	0.026	0.206
6.788	0.026	0.206
6.788	0.026	0.205
6.788	0.026	0.205
6.788	0.026	0.205
6.788	0.026	0.205
6.789	0.026	0.205
6.789	0.026	0.205
6.789	0.026	0.205
6.789	0.026	0.205
6.789	0.026	0.205
6.789	0.026	0.205
6.789	0.024	0.205
6.789	0.024	0.205
6.789	0.024	0.205
6.789	0.024	0.205
6.790	0.026	0.204
6.790	0.026	0.204
6.790	0.026	0.204
6.790	0.026	0.204
6.790	0.024	0.204
6.790	0.024	0.204
6.790	0.026	0.204
6.790	0.026	0.204
6.790	0.022	0.204
6.790	0.022	0.204
6.791	0.028	0.203
6.791	0.028	0.203
6.791	0.026	0.204
6.791	0.026	0.204
6.791	0.024	0.204
6.791	0.024	0.204
6.791	0.024	0.204
6.791	0.024	0.204
6.791	0.026	0.204
6.791	0.026	0.204
6.792	0.026	0.203
6.792	0.026	0.203
6.792	0.024	0.203
6.792	0.024	0.203
6.792	0.026	0.203
6.792	0.026	0.203
6.792	0.026	0.203
6.792	0.026	0.203
6.792	0.024	0.203
6.792	0.024	0.203
6.793	0.026	0.202
6.793	0.026	0.202
6.793	0.026	0.202
6.793	0.026	0.202
6.793	0.026	0.202
6.793	0.026	0.202
6.793	0.026	0.202
6.793	0.026	0.202
6.793	0.028	0.201
6.793	0.028	0.201
6.794	0.026	0.202
6.794	0.026	0.202
6.794	0.026	0.202
6.794	0.026	0.202
6.794	0.026	0.202
6.794	0.026	0.202
6.794	0.024	0.202
6.794	0.024	0.202
6.794	0.026	0.202
6.794	0.026	0.202
6.795	0.022	0.201
6.795	0.022	0.201
6.795	0.026	0.202
6.795	0.026	0.202
6.795	0.026	0.200
6.795	0.026	0.200
6.795	0.026	0.201
6.795	0.026	0.201
6.795	0.026	0.201
6.795	0.026	0.201
6.796	0.024	0.200
6.796	0.024	0.200
6.796	0.026	0.201
6.796	0.026	0.201
6.796	0.026	0.201
6.796	0.026	0.201
6.796	0.028	0.201
6.796	0.028	0.201
6.796	0.024	0.200
6.796	0.024	0.200
6.797	0.028	0.200
6.797	0.028	0.200
6.797	0.026	0.200
6.797	0.026	0.200
6.797	0.028	0.200
6.797	0.028	0.200
6.797	0.026	0.200
6.797	0.026	0.200
6.797	0.026	0.200
6.797	0.026	0.200
6.798	0.026	0.200
6.798	0.026	0.200
6.798	0.026	0.201
6.798	0.026	0.201
6.798	0.024	0.200
6.798	0.024	0.200
6.798	0.026	0.200
6.798	0.026	0.200
6.798	0.024	0.200
6.798	0.024	0.200
6.799	0.026	0.200
6.799	0.026	0.200
6.799	0.026	0.200
6.799	0.026	0.200
6.799	0.024	0.200
6.799	0.024	0.200
6.799	0.022	0.200
6.799	0.022	0.200
6.799	0.022	0.200
6.799	0.022	0.200
6.800	0.026	0.200
6.800	0.026	0.200
6.800	0.022	0.200
6.800	0.022	0.200
6.800	0.026	0.200
6.800	0.026	0.200
6.800	0.024	0.200
6.800	0.024	0.200
6.800	0.026	0.200
6.800	0.026	0.200
6.801	0.024	0.200
6.801	0.024	0.200
6.801	0.024	0.199
6.801	0.024	0.199
6.801	0.024	0.200
6.801	0.024	0.200
6.801	0.026	0.199
6.801	0.026	0.199
6.801	0.024	0.200
6.801	0.024	0.200
6.802	0.028	0.200
6.802	0.028	0.200
6.802	0.024	0.199
6.802	0.024	0.199
6.802	0.024	0.200
6.802	0.024	0.200
6.802	0.024	0.200
6.802	0.024	0.200
6.802	0.026	0.200
6.802	0.026	0.200
6.803	0.022	0.200
6.803	0.022	0.200
6.803	0.024	0.200
6.803	0.024	0.200
6.803	0.022	0.200
6.803	0.022	0.200
6.803	0.026	0.200
6.803	0.026	0.200
6.803	0.024	0.200
6.803	0.024	0.200
6.804	0.024	0.200
6.804	0.024	0.200
6.804	0.022	0.199
6.804	0.022	0.199
6.804	0.026	0.200
6.804	0.026	0.200
6.804	0.022	0.200
6.804	0.022	0.200
6.804	0.026	0.200
6.804	0.026	0.200
6.805	0.022	0.200
6.805	0.022	0.200
6.805	0.024	0.200
6.805	0.024	0.200
6.805	0.026	0.200
6.805	0.026	0.200
6.805	0.024	0.200
6.805	0.024	0.200
6.805	0.026	0.200
6.805	0.026	0.200
6.806	0.024	0.200
6.806	0.024	0.200
6.806	0.024	0.200
6.806	0.024	0.200
6.806	0.026	0.200
6.806	0.026	0.200
6.806	0.020	0.200
6.806	0.020	0.200
6.806	0.026	0.200
6.806	0.026	0.200
6.807	0.024	0.200
6.807	0.024	0.200
6.807	0.026	0.200
6.807	0.026	0.200
6.807	0.024	0.200
6.807	0.024	0.200
6.807	0.024	0.200
6.807	0.024	0.200
6.807	0.026	0.200
6.807	0.026	0.200
6.808	0.026	0.200
6.808	0.026	0.200
6.808	0.026	0.200
6.808	0.026	0.200
6.808	0.024	0.200
6.808	0.024	0.200
6.808	0.026	0.200
6.808	0.026	0.200
6.808	0.026	0.201
6.808	0.026	0.201
6.809	0.024	0.200
6.809	0.024	0.200
6.809	0.026	0.200
6.809	0.026	0.200
6.809	0.024	0.201
6.809	0.024	0.201
6.809	0.022	0.200
6.809	0.022	0.200
6.809	0.022	0.201
6.809	0.022	0.201
6.810	0.026	0.201
6.810	0.026	0.201
6.810	0.026	0.201
6.810	0.026	0.201
6.810	0.024	0.201
6.810	0.024	0.201
6.810	0.024	0.201
6.810	0.024	0.201
6.810	0.024	0.201
6.810	0.024	0.201
6.811	0.022	0.201
6.811	0.022	0.201
6.811	0.022	0.202
6.811	0.022	0.202
6.811	0.026	0.201
6.811	0.026	0.201
6.811	0.022	0.201
6.811	0.022	0.201
6.811	0.024	0.202
6.811	0.024	0.202
6.812	0.026	0.202
6.812	0.026	0.202
6.812	0.024	0.201
6.812	0.024	0.201
6.812	0.024	0.202
6.812	0.024	0.202
6.812	0.028	0.202
6.812	0.028	0.202
6.812	0.026	0.202
6.812	0.026	0.202
6.813	0.024	0.202
6.813	0.024	0.202
6.813	0.022	0.203
6.813	0.022	0.203
6.813	0.024	0.203
6.813	0.024	0.203
6.813	0.022	0.202
6.813	0.022	0.202
6.813	0.026	0.203
6.813	0.026	0.203
6.814	0.024	0.203
6.814	0.024	0.203
6.814	0.022	0.204
6.814	0.022	0.204
6.814	0.022	0.204
6.814	0.022	0.204
6.814	0.026	0.204
6.814	0.026	0.204
6.814	0.024	0.203
6.814	0.024	0.203
6.815	0.024	0.204
6.815	0.024	0.204
6.815	0.024	0.204
6.815	0.024	0.204
6.815	0.024	0.204
6.815	0.024	0.204
6.815	0.026	0.204
6.815	0.026	0.204
6.815	0.026	0.204
6.815	0.026	0.204
6.816	0.026	0.205
6.816	0.026	0.205
6.816	0.022	0.205
6.816	0.022	0.205
6.816	0.026	0.205
6.816	0.026	0.205
6.816	0.024	0.205
6.816	0.024	0.205
6.816	0.024	0.205
6.816	0.024	0.205
6.817	0.022	0.205
6.817	0.022	0.205
6.817	0.024	0.205
6.817	0.024	0.205
6.817	0.024	0.205
6.817	0.024	0.205
6.817	0.022	0.205
6.817	0.022	0.205
6.817	0.024	0.205
6.817	0.024	0.205
6.818	0.022	0.205
6.818	0.022	0.205
6.818	0.022	0.206
6.818	0.022	0.206
6.818	0.026	0.205
6.818	0.026	0.205
6.818	0.024	0.206
6.818	0.024	0.206
6.818	0.024	0.206
6.818	0.024	0.206
6.819	0.022	0.206
6.819	0.022	0.206
6.819	0.024	0.206
6.819	0.024	0.206
6.819	0.024	0.206
6.819	0.024	0.206
6.819	0.026	0.206
6.819	0.026	0.206
6.819	0.024	0.206
6.819	0.024	0.206
6.820	0.024	0.207
6.820	0.024	0.207
6.820	0.022	0.207
6.820	0.022	0.207
6.820	0.020	0.207
6.820	0.020	0.207
6.820	0.022	0.208
6.820	0.022	0.208
6.820	0.022	0.208
6.820	0.022	0.208
6.821	0.022	0.208
6.821	0.022	0.208
6.821	0.024	0.208
6.821	0.024	0.208
6.821	0.022	0.208
6.821	0.022	0.208
6.821	0.022	0.208
6.821	0.022	0.208
6.821	0.022	0.209
6.821	0.022	0.209
6.822	0.022	0.208
6.822	0.022	0.208
6.822	0.024	0.209
6.822	0.024	0.209
6.822	0.024	0.210
6.822	0.024	0.210
6.822	0.026	0.209
6.822	0.026	0.209
6.822	0.024	0.209
6.822	0.024	0.209
6.823	0.022	0.210
6.823	0.022	0.210
6.823	0.022	0.210
6.823	0.022	0.210
6.823	0.026	0.210
6.823	0.026	0.210
6.823	0.020	0.211
6.823	0.020	0.211
6.823	0.024	0.211
6.823	0.024	0.211
6.824	0.022	0.211
6.824	0.022	0.211
6.824	0.024	0.211
6.824	0.024	0.211
6.824	0.022	0.212
6.824	0.022	0.212
6.824	0.022	0.212
6.824	0.022	0.212
6.824	0.022	0.212
6.824	0.022	0.212
6.825	0.022	0.212
6.825	0.022	0.212
6.825	0.024	0.212
6.825	0.024	0.212
6.825	0.022	0.213
6.825	0.022	0.213
6.825	0.024	0.213
6.825	0.024	0.213
6.825	0.022	0.214
6.825	0.022	0.214
6.826	0.024	0.214
6.826	0.024	0.214
6.826	0.022	0.213
6.826	0.022	0.213
6.826	0.022	0.214
6.826	0.022	0.214
6.826	0.022	0.215
6.826	0.022	0.215
6.826	0.022	0.215
6.826	0.022	0.215
6.827	0.024	0.216
6.827	0.024	0.216
6.827	0.022	0.216
6.827	0.022	0.216
6.827	0.024	0.216
6.827	0.024	0.216
6.827	0.026	0.216
6.827	0.026	0.216
6.827	0.022	0.216
6.827	0.022	0.216
6.828	0.022	0.217
6.828	0.022	0.217
6.828	0.020	0.217
6.828	0.020	0.217
6.828	0.022	0.217
6.828	0.022	0.217
6.828	0.022	0.218
6.828	0.022	0.218
6.828	0.024	0.219
6.828	0.024	0.219
6.829	0.022	0.219
6.829	0.022	0.219
6.829	0.024	0.218
6.829	0.024	0.218
6.829	0.020	0.219
6.829	0.020	0.219
6.829	0.022	0.220
6.829	0.022	0.220
6.829	0.024	0.220
6.829	0.024	0.220
6.830	0.024	0.220
6.830	0.024	0.220
6.830	0.026	0.220
6.830	0.026	0.220
6.830	0.020	0.220
6.830	0.020	0.220
6.830	0.024	0.221
6.830	0.024	0.221
6.830	0.024	0.221
6.830	0.024	0.221
6.831	0.022	0.222
6.831	0.022	0.222
6.831	0.022	0.222
6.831	0.022	0.222
6.831	0.022	0.222
6.831	0.022	0.222
6.831	0.022	0.222
6.831	0.022	0.222
6.831	0.024	0.223
6.831	0.024	0.223
6.832	0.022	0.223
6.832	0.022	0.223
6.832	0.022	0.224
6.832	0.022	0.224
6.832	0.024	0.223
6.832	0.024	0.223
6.832	0.024	0.224
6.832	0.024	0.224
6.832	0.022	0.224
6.832	0.022	0.224
6.833	0.022	0.225
6.833	0.022	0.225
6.833	0.024	0.225
6.833	0.024	0.225
6.833	0.020	0.225
6.833	0.020	0.225
6.833	0.022	0.225
6.833	0.022	0.225
6.833	0.024	0.225
6.833	0.024	0.225
6.834	0.024	0.225
6.834	0.024	0.225
6.834	0.022	0.226
6.834	0.022	0.226
6.834	0.024	0.227
6.834	0.024	0.227
6.834	0.026	0.227
6.834	0.026	0.227
6.834	0.020	0.226
6.834	0.020	0.226
6.835	0.022	0.226
6.835	0.022	0.226
6.835	0.022	0.228
6.835	0.022	0.228
6.835	0.022	0.227
6.835	0.022	0.227
6.835	0.022	0.228
6.835	0.022	0.228
6.835	0.022	0.228
6.835	0.022	0.228
6.836	0.022	0.228
6.836	0.022	0.228
6.836	0.022	0.228
6.836	0.022	0.228
6.836	0.020	0.228
6.836	0.020	0.228
6.836	0.022	0.228
6.836	0.022	0.228
6.836	0.024	0.229
6.836	0.024	0.229
6.837	0.024	0.230
6.837	0.024	0.230
6.837	0.022	0.231
6.837	0.022	0.231
6.837	0.020	0.230
6.837	0.020	0.230
6.837	0.020	0.231
6.837	0.020	0.231
6.837	0.022	0.231
6.837	0.022	0.231
6.838	0.022	0.231
6.838	0.022	0.231
6.838	0.026	0.231
6.838	0.026	0.231
6.838	0.022	0.232
6.838	0.022	0.232
6.838	0.020	0.232
6.838	0.020	0.232
6.838	0.022	0.232
6.838	0.022	0.232
6.839	0.022	0.232
6.839	0.022	0.232
6.839	0.020	0.233
6.839	0.020	0.233
6.839	0.022	0.233
6.839	0.022	0.233
6.839	0.024	0.234
6.839	0.024	0.234
6.839	0.022	0.235
6.839	0.022	0.235
6.840	0.022	0.235
6.840	0.022	0.235
6.840	0.024	0.234
6.840	0.024	0.234
6.840	0.022	0.236
6.840	0.022	0.236
6.840	0.022	0.235
6.840	0.022	0.235
6.840	0.022	0.236
6.840	0.022	0.236
6.841	0.022	0.236
6.841	0.022	0.236
6.841	0.024	0.236
6.841	0.024	0.236
6.841	0.022	0.236
6.841	0.022	0.236
6.841	0.020	0.237
6.841	0.020	0.237
6.841	0.020	0.238
6.841	0.020	0.238
6.842	0.020	0.238
6.842	0.020	0.238
6.842	0.022	0.239
6.842	0.022	0.239
6.842	0.024	0.239
6.842	0.024	0.239
6.842	0.022	0.240
6.842	0.022	0.240
6.842	0.022	0.240
6.842	0.022	0.240
6.843	0.022	0.240
6.843	0.022	0.240
6.843	0.022	0.240
6.843	0.022	0.240
6.843	0.020	0.240
6.843	0.020	0.240
6.843	0.022	0.241
6.843	0.022	0.241
6.843	0.022	0.242
6.843	0.022	0.242
6.844	0.022	0.243
6.844	0.022	0.243
6.844	0.022	0.243
6.844	0.022	0.243
6.844	0.020	0.244
6.844	0.020	0.244
6.844	0.022	0.244
6.844	0.022	0.244
6.844	0.020	0.244
6.844	0.020	0.244
6.845	0.020	0.245
6.845	0.020	0.245
6.845	0.022	0.244
6.845	0.022	0.244
6.845	0.022	0.246
6.845	0.022	0.246
6.845	0.022	0.246
6.845	0.022	0.246
6.845	0.020	0.246
6.845	0.020	0.246
6.846	0.020	0.246
6.846	0.020	0.246
6.846	0.020	0.248
6.846	0.020	0.248
6.846	0.022	0.248
6.846	0.022	0.248
6.846	0.020	0.248
6.846	0.020	0.248
6.846	0.022	0.248
6.846	0.022	0.248
6.847	0.020	0.248
6.847	0.020	0.248
6.847	0.020	0.250
6.847	0.020	0.250
6.847	0.022	0.249
6.847	0.022	0.249
6.847	0.022	0.250
6.847	0.022	0.250
6.847	0.022	0.250
6.847	0.022	0.250
6.848	0.022	0.252
6.848	0.022	0.252
6.848	0.022	0.251
6.848	0.022	0.251
6.848	0.020	0.252
6.848	0.020	0.252
6.848	0.022	0.252
6.848	0.022	0.252
6.848	0.020	0.252
6.848	0.020	0.252
6.849	0.022	0.253
6.849	0.022	0.253
6.849	0.020	0.253
6.849	0.020	0.253
6.849	0.022	0.254
6.849	0.022	0.254
6.849	0.022	0.254
6.849	0.022	0.254
6.849	0.022	0.255
6.849	0.022	0.255
6.850	0.022	0.254
6.850	0.022	0.254
6.850	0.020	0.256
6.850	0.020	0.256
6.850	0.022	0.256
6.850	0.022	0.256
6.850	0.020	0.256
6.850	0.020	0.256
6.850	0.020	0.256
6.850	0.020	0.256
6.851	0.022	0.256
6.851	0.022	0.256
6.851	0.022	0.257
6.851	0.022	0.257
6.851	0.022	0.257
6.851	0.022	0.257
6.851	0.022	0.256
6.851	0.022	0.256
6.851	0.022	0.257
6.851	0.022	0.257
6.852	0.020	0.258
6.852	0.020	0.258
6.852	0.022	0.258
6.852	0.022	0.258
6.852	0.020	0.259
6.852	0.020	0.259
6.852	0.022	0.259
6.852	0.022	0.259
6.852	0.022	0.260
6.852	0.022	0.260
6.853	0.020	0.260
6.853	0.020	0.260
6.853	0.020	0.260
6.853	0.020	0.260
6.853	0.020	0.260
6.853	0.020	0.260
6.853	0.022	0.262
6.853	0.022	0.262
6.853	0.020	0.262
6.853	0.020	0.262
6.854	0.018	0.262
6.854	0.018	0.262
6.854	0.020	0.263
6.854	0.020	0.263
6.854	0.020	0.263
6.854	0.020	0.263
6.854	0.020	0.264
6.854	0.020	0.264
6.854	0.020	0.264
6.854	0.020	0.264
6.855	0.020	0.264
6.855	0.020	0.264
6.855	0.020	0.264
6.855	0.020	0.264
6.855	0.020	0.265
6.855	0.020	0.265
6.855	0.020	0.265
6.855	0.020	0.265
6.855	0.020	0.266
6.855	0.020	0.266
6.856	0.020	0.266
6.856	0.020	0.266
6.856	0.020	0.267
6.856	0.020	0.267
6.856	0.022	0.268
6.856	0.022	0.268
6.856	0.024	0.268
6.856	0.024	0.268
6.856	0.020	0.268
6.856	0.020	0.268
6.857	0.022	0.268
6.857	0.022	0.268
6.857	0.020	0.269
6.857	0.020	0.269
6.857	0.022	0.270
6.857	0.022	0.270
6.857	0.020	0.270
6.857	0.020	0.270
6.857	0.020	0.270
6.857	0.020	0.270
6.858	0.022	0.271
6.858	0.022	0.271
6.858	0.020	0.272
6.858	0.020	0.272
6.858	0.020	0.272
6.858	0.020	0.272
6.858	0.020	0.272
6.858	0.020	0.272
6.858	0.022	0.272
6.858	0.022	0.272
6.859	0.020	0.272
6.859	0.020	0.272
6.859	0.022	0.272
6.859	0.022	0.272
6.859	0.020	0.274
6.859	0.020	0.274
6.859	0.020	0.274
6.859	0.020	0.274
6.859	0.020	0.276
6.859	0.020	0.276
6.860	0.022	0.276
6.860	0.022	0.276
6.860	0.022	0.276
6.860	0.022	0.276
6.860	0.018	0.277
6.860	0.018	0.277
6.860	0.022	0.277
6.860	0.022	0.277
6.860	0.022	0.278
6.860	0.022	0.278
6.861	0.020	0.278
6.861	0.020	0.278
6.861	0.020	0.279
6.861	0.020	0.279
6.861	0.020	0.280
6.861	0.020	0.280
6.861	0.020	0.280
6.861	0.020	0.280
6.861	0.022	0.280
6.861	0.022	0.280
6.862	0.020	0.280
6.862	0.020	0.280
6.862	0.020	0.280
6.862	0.020	0.280
6.862	0.020	0.281
6.862	0.020	0.281
6.862	0.022	0.282
6.862	0.022	0.282
6.862	0.020	0.283
6.862	0.020	0.283
6.863	0.020	0.282
6.863	0.020	0.282
6.863	0.020	0.283
6.863	0.020	0.283
6.863	0.020	0.284
6.863	0.020	0.284
6.863	0.020	0.284
6.863	0.020	0.284
6.863	0.020	0.284
6.863	0.020	0.284
6.864	0.022	0.285
6.864	0.022	0.285
6.864	0.020	0.285
6.864	0.020	0.285
6.864	0.022	0.285
6.864	0.022	0.285
6.864	0.022	0.287
6.864	0.022	0.287
6.864	0.022	0.287
6.864	0.022	0.287
6.865	0.020	0.287
6.865	0.020	0.287
6.865	0.020	0.288
6.865	0.020	0.288
6.865	0.022	0.288
6.865	0.022	0.288
6.865	0.020	0.288
6.865	0.020	0.288
6.865	0.022	0.288
6.865	0.022	0.288
6.866	0.020	0.290
6.866	0.020	0.290
6.866	0.020	0.290
6.866	0.020	0.290
6.866	0.020	0.291
6.866	0.020	0.291
6.866	0.020	0.290
6.866	0.020	0.290
6.866	0.020	0.291
6.866	0.020	0.291
6.867	0.020	0.291
6.867	0.020	0.291
6.867	0.020	0.292
6.867	0.020	0.292
6.867	0.020	0.292
6.867	0.020	0.292
6.867	0.022	0.292
6.867	0.022	0.292
6.867	0.018	0.292
6.867	0.018	0.292
6.868	0.022	0.292
6.868	0.022	0.292
6.868	0.020	0.292
6.868	0.020	0.292
6.868	0.022	0.292
6.868	0.022	0.292
6.868	0.020	0.293
6.868	0.020	0.293
6.868	0.020	0.293
6.868	0.020	0.293
6.869	0.022	0.295
6.869	0.022	0.295
6.869	0.018	0.294
6.869	0.018	0.294
6.869	0.020	0.295
6.869	0.020	0.295
6.869	0.018	0.295
6.869	0.018	0.295
6.869	0.020	0.295
6.869	0.020	0.295
6.870	0.020	0.295
6.870	0.020	0.295
6.870	0.018	0.296
6.870	0.018	0.296
6.870	0.020	0.296
6.870	0.020	0.296
6.870	0.018	0.297
6.870	0.018	0.297
6.870	0.020	0.297
6.870	0.020	0.297
6.871	0.020	0.298
6.871	0.020	0.298
6.871	0.018	0.298
6.871	0.018	0.298
6.871	0.020	0.298
6.871	0.020	0.298
6.871	0.020	0.298
6.871	0.020	0.298
6.871	0.022	0.299
6.871	0.022	0.299
6.872	0.020	0.300
6.872	0.020	0.300
6.872	0.020	0.300
6.872	0.020	0.300
6.872	0.020	0.300
6.872	0.020	0.300
6.872	0.020	0.301
6.872	0.020	0.301
6.872	0.020	0.301
6.872	0.020	0.301
6.873	0.020	0.301
6.873	0.020	0.301
6.873	0.018	0.301
6.873	0.018	0.301
6.873	0.020	0.301
6.873	0.020	0.301
6.873	0.020	0.303
6.873	0.020	0.303
6.873	0.018	0.303
6.873	0.018	0.303
6.874	0.020	0.304
6.874	0.020	0.304
6.874	0.020	0.304
6.874	0.020	0.304
6.874	0.020	0.304
6.874	0.020	0.304
6.874	0.020	0.304
6.874	0.020	0.304
6.874	0.018	0.304
6.874	0.018	0.304
6.875	0.018	0.305
6.875	0.018	0.305
6.875	0.020	0.305
6.875	0.020	0.305
6.875	0.020	0.305
6.875	0.020	0.305
6.875	0.018	0.305
6.875	0.018	0.305
6.875	0.018	0.306
6.875	0.018	0.306
6.876	0.020	0.307
6.876	0.020	0.307
6.876	0.020	0.307
6.876	0.020	0.307
6.876	0.018	0.307
6.876	0.018	0.307
6.876	0.022	0.308
6.876	0.022	0.308
6.876	0.020	0.308
6.876	0.020	0.308
6.877	0.022	0.308
6.877	0.022	0.308
6.877	0.018	0.309
6.877	0.018	0.309
6.877	0.020	0.310
6.877	0.020	0.310
6.877	0.020	0.309
6.877	0.020	0.309
6.877	0.020	0.311
6.877	0.020	0.311
6.878	0.018	0.311
6.878	0.018	0.311
6.878	0.020	0.311
6.878	0.020	0.311
6.878	0.020	0.312
6.878	0.020	0.312
6.878	0.018	0.312
6.878	0.018	0.312
6.878	0.020	0.313
6.878	0.020	0.313
6.879	0.020	0.313
6.879	0.020	0.313
6.879	0.020	0.313
6.879	0.020	0.313
6.879	0.020	0.314
6.879	0.020	0.314
6.879	0.020	0.313
6.879	0.020	0.313
6.879	0.020	0.314
6.879	0.020	0.314
6.880	0.020	0.315
6.880	0.020	0.315
6.880	0.018	0.316
6.880	0.018	0.316
6.880	0.020	0.315
6.880	0.020	0.315
6.880	0.020	0.316
6.880	0.020	0.316
6.880	0.020	0.316
6.880	0.020	0.316
6.881	0.018	0.316
6.881	0.018	0.316
6.881	0.020	0.317
6.881	0.020	0.317
6.881	0.018	0.317
6.881	0.018	0.317
6.881	0.020	0.317
6.881	0.020	0.317
6.881	0.020	0.317
6.881	0.020	0.317
6.882	0.020	0.320
6.882	0.020	0.320
6.882	0.020	0.320
6.882	0.020	0.320
6.882	0.020	0.319
6.882	0.020	0.319
6.882	0.018	0.320
6.882	0.018	0.320
6.882	0.018	0.320
6.882	0.018	0.320
6.883	0.018	0.320
6.883	0.018	0.320
6.883	0.018	0.320
6.883	0.018	0.320
6.883	0.018	0.321
6.883	0.018	0.321
6.883	0.020	0.321
6.883	0.020	0.321
6.883	0.018	0.321
6.883	0.018	0.321
6.884	0.018	0.321
6.884	0.018	0.321
6.884	0.020	0.322
6.884	0.020	0.322
6.884	0.018	0.322
6.884	0.018	0.322
6.884	0.018	0.322
6.884	0.018	0.322
6.884	0.020	0.322
6.884	0.020	0.322
6.885	0.018	0.322
6.885	0.018	0.322
6.885	0.018	0.323
6.885	0.018	0.323
6.885	0.022	0.324
6.885	0.022	0.324
6.885	0.018	0.323
6.885	0.018	0.323
6.885	0.020	0.323
6.885	0.020	0.323
6.886	0.018	0.323
6.886	0.018	0.323
6.886	0.018	0.324
6.886	0.018	0.324
6.886	0.020	0.324
6.886	0.020	0.324
6.886	0.018	0.324
6.886	0.018	0.324
6.886	0.022	0.324
6.886	0.022	0.324
6.887	0.020	0.324
6.887	0.020	0.324
6.887	0.018	0.325
6.887	0.018	0.325
6.887	0.020	0.326
6.887	0.020	0.326
6.887	0.020	0.326
6.887	0.020	0.326
6.887	0.020	0.326
6.887	0.020	0.326
6.888	0.018	0.327
6.888	0.018	0.327
6.888	0.020	0.327
6.888	0.020	0.327
6.888	0.018	0.327
6.888	0.018	0.327
6.888	0.020	0.328
6.888	0.020	0.328
6.888	0.018	0.328
6.888	0.018	0.328
6.889	0.018	0.328
6.889	0.018	0.328
6.889	0.018	0.328
6.889	0.018	0.328
6.889	0.018	0.328
6.889	0.018	0.328
6.889	0.018	0.328
6.889	0.018	0.328
6.889	0.018	0.329
6.889	0.018	0.329
6.890	0.020	0.329
6.890	0.020	0.329
6.890	0.020	0.330
6.890	0.020	0.330
6.890	0.018	0.330
6.890	0.018	0.330
6.890	0.018	0.330
6.890	0.018	0.330
6.890	0.018	0.330
6.890	0.018	0.330
6.891	0.018	0.330
6.891	0.018	0.330
6.891	0.020	0.330
6.891	0.020	0.330
6.891	0.018	0.331
6.891	0.018	0.331
6.891	0.018	0.332
6.891	0.018	0.332
6.891	0.018	0.332
6.891	0.018	0.332
6.892	0.020	0.332
6.892	0.020	0.332
6.892	0.018	0.332
6.892	0.018	0.332
6.892	0.018	0.332
6.892	0.018	0.332
6.892	0.020	0.333
6.892	0.020	0.333
6.892	0.020	0.333
6.892	0.020	0.333
6.893	0.018	0.333
6.893	0.018	0.333
6.893	0.018	0.334
6.893	0.018	0.334
6.893	0.018	0.335
6.893	0.018	0.335
6.893	0.018	0.334
6.893	0.018	0.334
6.893	0.018	0.335
6.893	0.018	0.335
6.894	0.018	0.336
6.894	0.018	0.336
6.894	0.018	0.336
6.894	0.018	0.336
6.894	0.018	0.336
6.894	0.018	0.336
6.894	0.020	0.336
6.894	0.020	0.336
6.894	0.018	0.336
6.894	0.018	0.336
6.895	0.020	0.336
6.895	0.020	0.336
6.895	0.018	0.336
6.895	0.018	0.336
6.895	0.020	0.336
6.895	0.020	0.336
6.895	0.018	0.337
6.895	0.018	0.337
6.895	0.020	0.338
6.895	0.020	0.338
6.896	0.018	0.337
6.896	0.018	0.337
6.896	0.018	0.339
6.896	0.018	0.339
6.896	0.018	0.339
6.896	0.018	0.339
6.896	0.016	0.339
6.896	0.016	0.339
6.896	0.018	0.340
6.896	0.018	0.340
6.897	0.014	0.340
6.897	0.014	0.340
6.897	0.018	0.339
6.897	0.018	0.339
6.897	0.018	0.340
6.897	0.018	0.340
6.897	0.018	0.340
6.897	0.018	0.340
6.897	0.018	0.340
6.897	0.018	0.340
6.898	0.018	0.340
6.898	0.018	0.340
6.898	0.018	0.340
6.898	0.018	0.340
6.898	0.018	0.341
6.898	0.018	0.341
6.898	0.018	0.341
6.898	0.018	0.341
6.898	0.018	0.341
6.898	0.018	0.341
6.899	0.020	0.341
6.899	0.020	0.341
6.899	0.018	0.342
6.899	0.018	0.342
6.899	0.018	0.342
6.899	0.018	0.342
6.899	0.018	0.342
6.899	0.018	0.342
6.899	0.018	0.343
6.899	0.018	0.343
6.900	0.018	0.343
6.900	0.018	0.343
6.900	0.018	0.343
6.900	0.018	0.343
6.900	0.020	0.343
6.900	0.020	0.343
6.900	0.018	0.343
6.900	0.018	0.343
6.900	0.016	0.343
6.900	0.016	0.343
6.901	0.018	0.343
6.901	0.018	0.343
6.901	0.018	0.344
6.901	0.018	0.344
6.901	0.018	0.344
6.901	0.018	0.344
6.901	0.018	0.344
6.901	0.018	0.344
6.901	0.018	0.344
6.901	0.018	0.344
6.902	0.018	0.344
6.902	0.018	0.344
6.902	0.020	0.344
6.902	0.020	0.344
6.902	0.016	0.344
6.902	0.016	0.344
6.902	0.018	0.344
6.902	0.018	0.344
6.902	0.020	0.344
6.902	0.020	0.344
6.903	0.020	0.344
6.903	0.020	0.344
6.903	0.018	0.344
6.903	0.018	0.344
6.903	0.018	0.345
6.903	0.018	0.345
6.903	0.018	0.345
6.903	0.018	0.345
6.903	0.016	0.346
6.903	0.016	0.346
6.904	0.020	0.345
6.904	0.020	0.345
6.904	0.018	0.346
6.904	0.018	0.346
6.904	0.018	0.345
6.904	0.018	0.345
6.904	0.018	0.346
6.904	0.018	0.346
6.904	0.018	0.345
6.904	0.018	0.345
6.905	0.020	0.346
6.905	0.020	0.346
6.905	0.018	0.347
6.905	0.018	0.347
6.905	0.018	0.346
6.905	0.018	0.346
6.905	0.018	0.347
6.905	0.018	0.347
6.905	0.018	0.346
6.905	0.018	0.346
6.906	0.018	0.347
6.906	0.018	0.347
6.906	0.018	0.348
6.906	0.018	0.348
6.906	0.020	0.347
6.906	0.020	0.347
6.906	0.020	0.348
6.906	0.020	0.348
6.906	0.018	0.348
6.906	0.018	0.348
6.907	0.020	0.348
6.907	0.020	0.348
6.907	0.018	0.348
6.907	0.018	0.348
6.907	0.018	0.348
6.907	0.018	0.348
6.907	0.018	0.348
6.907	0.018	0.348
6.907	0.018	0.348
6.907	0.018	0.348
6.908	0.018	0.349
6.908	0.018	0.349
6.908	0.018	0.348
6.908	0.018	0.348
6.908	0.018	0.349
6.908	0.018	0.349
6.908	0.018	0.350
6.908	0.018	0.350
6.908	0.016	0.348
6.908	0.016	0.348
6.909	0.018	0.349
6.909	0.018	0.349
6.909	0.016	0.350
6.909	0.016	0.350
6.909	0.018	0.350
6.909	0.018	0.350
6.909	0.018	0.350
6.909	0.018	0.350
6.909	0.020	0.351
6.909	0.020	0.351
6.910	0.018	0.351
6.910	0.018	0.351
6.910	0.018	0.351
6.910	0.018	0.351
6.910	0.018	0.352
6.910	0.018	0.352
6.910	0.018	0.351
6.910	0.018	0.351
6.910	0.018	0.352
6.910	0.018	0.352
6.911	0.018	0.352
6.911	0.018	0.352
6.911	0.018	0.352
6.911	0.018	0.352
6.911	0.018	0.352
6.911	0.018	0.352
6.911	0.016	0.352
6.911	0.016	0.352
6.911	0.020	0.352
6.911	0.020	0.352
6.912	0.018	0.352
6.912	0.018	0.352
6.912	0.018	0.352
6.912	0.018	0.352
6.912	0.014	0.352
6.912	0.014	0.352
6.912	0.016	0.352
6.912	0.016	0.352
6.912	0.018	0.352
6.912	0.018	0.352
6.913	0.018	0.352
6.913	0.018	0.352
6.913	0.018	0.352
6.913	0.018	0.352
6.913	0.020	0.353
6.913	0.020	0.353
6.913	0.018	0.354
6.913	0.018	0.354
6.913	0.016	0.353
6.913	0.016	0.353
6.914	0.018	0.354
6.914	0.018	0.354
6.914	0.018	0.353
6.914	0.018	0.353
6.914	0.018	0.354
6.914	0.018	0.354
6.914	0.018	0.354
6.914	0.018	0.354
6.914	0.018	0.354
6.914	0.018	0.354
6.915	0.018	0.355
6.915	0.018	0.355
6.915	0.018	0.355
6.915	0.018	0.355
6.915	0.016	0.354
6.915	0.016	0.354
6.915	0.018	0.354
6.915	0.018	0.354
6.915	0.016	0.356
6.915	0.016	0.356
6.916	0.018	0.355
6.916	0.018	0.355
6.916	0.018	0.355
6.916	0.018	0.355
6.916	0.018	0.355
6.916	0.018	0.355
6.916	0.018	0.355
6.916	0.018	0.355
6.916	0.018	0.355
6.916	0.018	0.355
6.917	0.018	0.356
6.917	0.018	0.356
6.917	0.018	0.356
6.917	0.018	0.356
6.917	0.016	0.356
6.917	0.016	0.356
6.917	0.018	0.356
6.917	0.018	0.356
6.917	0.018	0.355
6.917	0.018	0.355
6.918	0.018	0.355
6.918	0.018	0.355
6.918	0.018	0.356
6.918	0.018	0.356
6.918	0.014	0.356
6.918	0.014	0.356
6.918	0.018	0.356
6.918	0.018	0.356
6.918	0.016	0.356
6.918	0.016	0.356
6.919	0.014	0.356
6.919	0.014	0.356
6.919	0.018	0.356
6.919	0.018	0.356
6.919	0.018	0.356
6.919	0.018	0.356
6.919	0.018	0.356
6.919	0.018	0.356
6.919	0.018	0.356
6.919	0.018	0.356
6.920	0.018	0.356
6.920	0.018	0.356
6.920	0.018	0.356
6.920	0.018	0.356
6.920	0.016	0.356
6.920	0.016	0.356
6.920	0.018	0.356
6.920	0.018	0.356
6.920	0.018	0.356
6.920	0.018	0.356
6.921	0.018	0.356
6.921	0.018	0.356
6.921	0.018	0.357
6.921	0.018	0.357
6.921	0.018	0.356
6.921	0.018	0.356
6.921	0.016	0.357
6.921	0.016	0.357
6.921	0.018	0.356
6.921	0.018	0.356
6.922	0.018	0.356
6.922	0.018	0.356
6.922	0.018	0.357
6.922	0.018	0.357
6.922	0.016	0.357
6.922	0.016	0.357
6.922	0.018	0.357
6.922	0.018	0.357
6.922	0.016	0.358
6.922	0.016	0.358
6.923	0.018	0.357
6.923	0.018	0.357
6.923	0.018	0.357
6.923	0.018	0.357
6.923	0.018	0.357
6.923	0.018	0.357
6.923	0.016	0.357
6.923	0.016	0.357
6.923	0.016	0.357
6.923	0.016	0.357
6.924	0.018	0.358
6.924	0.018	0.358
6.924	0.016	0.357
6.924	0.016	0.357
6.924	0.018	0.358
6.924	0.018	0.358
6.924	0.018	0.358
6.924	0.018	0.358
6.924	0.016	0.358
6.924	0.016	0.358
6.925	0.016	0.359
6.925	0.016	0.359
6.925	0.014	0.358
6.925	0.014	0.358
6.925	0.016	0.358
6.925	0.016	0.358
6.925	0.018	0.358
6.925	0.018	0.358
6.925	0.018	0.359
6.925	0.018	0.359
6.926	0.016	0.359
6.926	0.016	0.359
6.926	0.018	0.358
6.926	0.018	0.358
6.926	0.016	0.359
6.926	0.016	0.359
6.926	0.018	0.359
6.926	0.018	0.359
6.926	0.014	0.359
6.926	0.014	0.359
6.927	0.016	0.359
6.927	0.016	0.359
6.927	0.018	0.359
6.927	0.018	0.359
6.927	0.018	0.360
6.927	0.018	0.360
6.927	0.014	0.359
6.927	0.014	0.359
6.927	0.014	0.360
6.927	0.014	0.360
6.928	0.014	0.360
6.928	0.014	0.360
6.928	0.016	0.359
6.928	0.016	0.359
6.928	0.018	0.360
6.928	0.018	0.360
6.928	0.014	0.360
6.928	0.014	0.360
6.928	0.014	0.360
6.928	0.014	0.360
6.929	0.016	0.360
6.929	0.016	0.360
6.929	0.018	0.360
6.929	0.018	0.360
6.929	0.016	0.360
6.929	0.016	0.360
6.929	0.018	0.360
6.929	0.018	0.360
6.929	0.016	0.360
6.929	0.016	0.360
6.930	0.014	0.360
6.930	0.014	0.360
6.930	0.014	0.360
6.930	0.014	0.360
6.930	0.018	0.360
6.930	0.018	0.360
6.930	0.016	0.360
6.930	0.016	0.360
6.930	0.018	0.360
6.930	0.018	0.360
6.931	0.018	0.360
6.931	0.018	0.360
6.931	0.016	0.360
6.931	0.016	0.360
6.931	0.014	0.360
6.931	0.014	0.360
6.931	0.014	0.360
6.931	0.014	0.360
6.931	0.014	0.360
6.931	0.014	0.360
6.932	0.016	0.360
6.932	0.016	0.360
6.932	0.014	0.360
6.932	0.014	0.360
6.932	0.014	0.360
6.932	0.014	0.360
6.932	0.018	0.360
6.932	0.018	0.360
6.932	0.016	0.361
6.932	0.016	0.361
6.933	0.014	0.360
6.933	0.014	0.360
6.933	0.016	0.360
6.933	0.016	0.360
6.933	0.018	0.361
6.933	0.018	0.361
6.933	0.014	0.360
6.933	0.014	0.360
6.933	0.016	0.360
6.933	0.016	0.360
6.934	0.014	0.360
6.934	0.014	0.360
6.934	0.016	0.360
6.934	0.016	0.360
6.934	0.014	0.361
6.934	0.014	0.361
6.934	0.016	0.361
6.934	0.016	0.361
6.934	0.014	0.361
6.934	0.014	0.361
6.935	0.016	0.362
6.935	0.016	0.362
6.935	0.014	0.360
6.935	0.014	0.360
6.935	0.016	0.361
6.935	0.016	0.361
6.935	0.014	0.360
6.935	0.014	0.360
6.935	0.016	0.361
6.935	0.016	0.361
6.936	0.014	0.361
6.936	0.014	0.361
6.936	0.018	0.360
6.936	0.018	0.360
6.936	0.014	0.361
6.936	0.014	0.361
6.936	0.018	0.361
6.936	0.018	0.361
6.936	0.014	0.362
6.936	0.014	0.362
6.937	0.016	0.362
6.937	0.016	0.362
6.937	0.018	0.361
6.937	0.018	0.361
6.937	0.014	0.362
6.937	0.014	0.362
6.937	0.014	0.362
6.937	0.014	0.362
6.937	0.018	0.362
6.937	0.018	0.362
6.938	0.018	0.361
6.938	0.018	0.361
6.938	0.014	0.362
6.938	0.014	0.362
6.938	0.018	0.361
6.938	0.018	0.361
6.938	0.018	0.361
6.938	0.018	0.361
6.938	0.012	0.361
6.938	0.012	0.361
6.939	0.014	0.361
6.939	0.014	0.361
6.939	0.018	0.361
6.939	0.018	0.361
6.939	0.018	0.362
6.939	0.018	0.362
6.939	0.014	0.363
6.939	0.014	0.363
6.939	0.016	0.362
6.939	0.016	0.362
6.940	0.014	0.362
6.940	0.014	0.362
6.940	0.014	0.362
6.940	0.014	0.362
6.940	0.018	0.362
6.940	0.018	0.362
6.940	0.012	0.362
6.940	0.012	0.362
6.940	0.016	0.362
6.940	0.016	0.362
6.941	0.014	0.362
6.941	0.014	0.362
6.941	0.018	0.362
6.941	0.018	0.362
6.941	0.014	0.362
6.941	0.014	0.362
6.941	0.014	0.362
6.941	0.014	0.362
6.941	0.014	0.362
6.941	0.014	0.362
6.942	0.012	0.362
6.942	0.012	0.362
6.942	0.016	0.362
6.942	0.016	0.362
6.942	0.016	0.363
6.942	0.016	0.363
6.942	0.014	0.362
6.942	0.014	0.362
6.942	0.014	0.362
6.942	0.014	0.362
6.943	0.014	0.362
6.943	0.014	0.362
6.943	0.014	0.362
6.943	0.014	0.362
6.943	0.014	0.362
6.943	0.014	0.362
6.943	0.014	0.362
6.943	0.014	0.362
6.943	0.016	0.362
6.943	0.016	0.362
6.944	0.014	0.362
6.944	0.014	0.362
6.944	0.016	0.363
6.944	0.016	0.363
6.944	0.016	0.363
6.944	0.016	0.363
6.944	0.014	0.363
6.944	0.014	0.363
6.944	0.016	0.362
6.944	0.016	0.362
6.945	0.014	0.363
6.945	0.014	0.363
6.945	0.018	0.363
6.945	0.018	0.363
6.945	0.012	0.363
6.945	0.012	0.363
6.945	0.016	0.363
6.945	0.016	0.363
6.945	0.014	0.362
6.945	0.014	0.362
6.946	0.016	0.363
6.946	0.016	0.363
6.946	0.014	0.363
6.946	0.014	0.363
6.946	0.014	0.363
6.946	0.014	0.363
6.946	0.014	0.363
6.946	0.014	0.363
6.946	0.014	0.363
6.946	0.014	0.363
6.947	0.012	0.363
6.947	0.012	0.363
6.947	0.014	0.363
6.947	0.014	0.363
6.947	0.016	0.363
6.947	0.016	0.363
6.947	0.016	0.362
6.947	0.016	0.362
6.947	0.014	0.363
6.947	0.014	0.363
6.948	0.014	0.363
6.948	0.014	0.363
6.948	0.014	0.363
6.948	0.014	0.363
6.948	0.014	0.363
6.948	0.014	0.363
6.948	0.014	0.364
6.948	0.014	0.364
6.948	0.014	0.362
6.948	0.014	0.362
6.949	0.014	0.363
6.949	0.014	0.363
6.949	0.014	0.362
6.949	0.014	0.362
6.949	0.014	0.363
6.949	0.014	0.363
6.949	0.014	0.363
6.949	0.014	0.363
6.949	0.014	0.363
6.949	0.014	0.363
6.950	0.012	0.363
6.950	0.012	0.363
6.950	0.018	0.363
6.950	0.018	0.363
6.950	0.018	0.364
6.950	0.018	0.364
6.950	0.016	0.363
6.950	0.016	0.363
6.950	0.014	0.363
6.950	0.014	0.363
6.951	0.014	0.363
6.951	0.014	0.363
6.951	0.016	0.364
6.951	0.016	0.364
6.951	0.014	0.363
6.951	0.014	0.363
6.951	0.014	0.363
6.951	0.014	0.363
6.951	0.012	0.364
6.951	0.012	0.364
6.952	0.012	0.363
6.952	0.012	0.363
6.952	0.014	0.363
6.952	0.014	0.363
6.952	0.014	0.363
6.952	0.014	0.363
6.952	0.014	0.364
6.952	0.014	0.364
6.952	0.014	0.364
6.952	0.014	0.364
6.953	0.014	0.363
6.953	0.014	0.363
6.953	0.014	0.363
6.953	0.014	0.363
6.953	0.014	0.364
6.953	0.014	0.364
6.953	0.014	0.363
6.953	0.014	0.363
6.953	0.018	0.364
6.953	0.018	0.364
6.954	0.014	0.363
6.954	0.014	0.363
6.954	0.016	0.363
6.954	0.016	0.363
6.954	0.014	0.364
6.954	0.014	0.364
6.954	0.014	0.363
6.954	0.014	0.363
6.954	0.014	0.364
6.954	0.014	0.364
6.955	0.012	0.363
6.955	0.012	0.363
6.955	0.014	0.363
6.955	0.014	0.363
6.955	0.014	0.363
6.955	0.014	0.363
6.955	0.012	0.364
6.955	0.012	0.364
6.955	0.012	0.364
6.955	0.012	0.364
6.956	0.014	0.363
6.956	0.014	0.363
6.956	0.014	0.364
6.956	0.014	0.364
6.956	0.014	0.364
6.956	0.014	0.364
6.956	0.016	0.364
6.956	0.016	0.364
6.956	0.016	0.363
6.956	0.016	0.363
6.957	0.014	0.364
6.957	0.014	0.364
6.957	0.014	0.364
6.957	0.014	0.364
6.957	0.014	0.363
6.957	0.014	0.363
6.957	0.014	0.364
6.957	0.014	0.364
6.957	0.014	0.364
6.957	0.014	0.364
6.958	0.014	0.364
6.958	0.014	0.364
6.958	0.012	0.363
6.958	0.012	0.363
6.958	0.014	0.363
6.958	0.014	0.363
6.958	0.016	0.364
6.958	0.016	0.364
6.958	0.014	0.364
6.958	0.014	0.364
6.959	0.014	0.363
6.959	0.014	0.363
6.959	0.014	0.364
6.959	0.014	0.364
6.959	0.014	0.364
6.959	0.014	0.364
6.959	0.014	0.364
6.959	0.014	0.364
6.959	0.016	0.364
6.959	0.016	0.364
6.960	0.016	0.364
6.960	0.016	0.364
6.960	0.014	0.364
6.960	0.014	0.364
6.960	0.014	0.363
6.960	0.014	0.363
6.960	0.012	0.364
6.960	0.012	0.364
6.960	0.012	0.363
6.960	0.012	0.363
6.961	0.012	0.364
6.961	0.012	0.364
6.961	0.014	0.364
6.961	0.014	0.364
6.961	0.018	0.364
6.961	0.018	0.364
6.961	0.014	0.364
6.961	0.014	0.364
6.961	0.014	0.364
6.961	0.014	0.364
6.962	0.014	0.364
6.962	0.014	0.364
6.962	0.012	0.363
6.962	0.012	0.363
6.962	0.014	0.364
6.962	0.014	0.364
6.962	0.016	0.364
6.962	0.016	0.364
6.962	0.012	0.364
6.962	0.012	0.364
6.963	0.012	0.363
6.963	0.012	0.363
6.963	0.016	0.363
6.963	0.016	0.363
6.963	0.014	0.364
6.963	0.014	0.364
6.963	0.016	0.364
6.963	0.016	0.364
6.963	0.014	0.364
6.963	0.014	0.364
6.964	0.014	0.364
6.964	0.014	0.364
6.964	0.014	0.363
6.964	0.014	0.363
6.964	0.012	0.364
6.964	0.012	0.364
6.964	0.014	0.363
6.964	0.014	0.363
6.964	0.016	0.364
6.964	0.016	0.364
6.965	0.014	0.363
6.965	0.014	0.363
6.965	0.014	0.363
6.965	0.014	0.363
6.965	0.014	0.363
6.965	0.014	0.363
6.965	0.012	0.364
6.965	0.012	0.364
6.965	0.016	0.364
6.965	0.016	0.364
6.966	0.014	0.364
6.966	0.014	0.364
6.966	0.014	0.364
6.966	0.014	0.364
6.966	0.014	0.364
6.966	0.014	0.364
6.966	0.014	0.364
6.966	0.014	0.364
6.966	0.012	0.364
6.966	0.012	0.364
6.967	0.012	0.364
6.967	0.012	0.364
6.967	0.012	0.364
6.967	0.012	0.364
6.967	0.012	0.364
6.967	0.012	0.364
6.967	0.014	0.364
6.967	0.014	0.364
6.967	0.012	0.363
6.967	0.012	0.363
6.968	0.014	0.364
6.968	0.014	0.364
6.968	0.014	0.364
6.968	0.014	0.364
6.968	0.012	0.364
6.968	0.012	0.364
6.968	0.012	0.364
6.968	0.012	0.364
6.968	0.014	0.364
6.968	0.014	0.364
6.969	0.012	0.363
6.969	0.012	0.363
6.969	0.012	0.363
6.969	0.012	0.363
6.969	0.014	0.364
6.969	0.014	0.364
6.969	0.014	0.362
6.969	0.014	0.362
6.969	0.014	0.364
6.969	0.014	0.364
6.970	0.014	0.364
6.970	0.014	0.364
6.970	0.014	0.364
6.970	0.014	0.364
6.970	0.012	0.364
6.970	0.012	0.364
6.970	0.014	0.364
6.970	0.014	0.364
6.970	0.014	0.364
6.970	0.014	0.364
6.971	0.014	0.364
6.971	0.014	0.364
6.971	0.012	0.363
6.971	0.012	0.363
6.971	0.014	0.364
6.971	0.014	0.364
6.971	0.014	0.364
6.971	0.014	0.364
6.971	0.014	0.364
6.971	0.014	0.364
6.972	0.012	0.364
6.972	0.012	0.364
6.972	0.014	0.364
6.972	0.014	0.364
6.972	0.014	0.364
6.972	0.014	0.364
6.972	0.012	0.364
6.972	0.012	0.364
6.972	0.014	0.364
6.972	0.014	0.364
6.973	0.012	0.364
6.973	0.012	0.364
6.973	0.016	0.364
6.973	0.016	0.364
6.973	0.012	0.364
6.973	0.012	0.364
6.973	0.012	0.364
6.973	0.012	0.364
6.973	0.014	0.364
6.973	0.014	0.364
6.974	0.012	0.364
6.974	0.012	0.364
6.974	0.014	0.364
6.974	0.014	0.364
6.974	0.012	0.364
6.974	0.012	0.364
6.974	0.012	0.364
6.974	0.012	0.364
6.974	0.012	0.364
6.974	0.012	0.364
6.975	0.016	0.364
6.975	0.016	0.364
6.975	0.014	0.364
6.975	0.014	0.364
6.975	0.012	0.364
6.975	0.012	0.364
6.975	0.014	0.364
6.975	0.014	0.364
6.975	0.010	0.364
6.975	0.010	0.364
6.976	0.012	0.363
6.976	0.012	0.363
6.976	0.014	0.364
6.976	0.014	0.364
6.976	0.012	0.364
6.976	0.012	0.364
6.976	0.012	0.364
6.976	0.012	0.364
6.976	0.012	0.363
6.976	0.012	0.363
6.977	0.012	0.364
6.977	0.012	0.364
6.977	0.012	0.364
6.977	0.012	0.364
6.977	0.014	0.364
6.977	0.014	0.364
6.977	0.012	0.364
6.977	0.012	0.364
6.977	0.012	0.363
6.977	0.012	0.363
6.978	0.014	0.364
6.978	0.014	0.364
6.978	0.012	0.363
6.978	0.012	0.363
6.978	0.012	0.364
6.978	0.012	0.364
6.978	0.012	0.364
6.978	0.012	0.364
6.978	0.012	0.363
6.978	0.012	0.363
6.979	0.012	0.364
6.979	0.012	0.364
6.979	0.012	0.364
6.979	0.012	0.364
6.979	0.012	0.364
6.979	0.012	0.364
6.979	0.010	0.363
6.979	0.010	0.363
6.979	0.012	0.364
6.979	0.012	0.364
6.980	0.012	0.364
6.980	0.012	0.364
6.980	0.012	0.364
6.980	0.012	0.364
6.980	0.010	0.364
6.980	0.010	0.364
6.980	0.012	0.364
6.980	0.012	0.364
6.980	0.014	0.364
6.980	0.014	0.364
6.981	0.012	0.363
6.981	0.012	0.363
6.981	0.012	0.363
6.981	0.012	0.363
6.981	0.012	0.364
6.981	0.012	0.364
6.981	0.010	0.364
6.981	0.010	0.364
6.981	0.014	0.364
6.981	0.014	0.364
6.982	0.012	0.364
6.982	0.012	0.364
6.982	0.012	0.364
6.982	0.012	0.364
6.982	0.014	0.364
6.982	0.014	0.364
6.982	0.012	0.364
6.982	0.012	0.364
6.982	0.010	0.363
6.982	0.010	0.363
6.983	0.014	0.363
6.983	0.014	0.363
6.983	0.012	0.364
6.983	0.012	0.364
6.983	0.012	0.364
6.983	0.012	0.364
6.983	0.010	0.364
6.983	0.010	0.364
6.983	0.010	0.364
6.983	0.010	0.364
6.984	0.012	0.363
6.984	0.012	0.363
6.984	0.012	0.364
6.984	0.012	0.364
6.984	0.014	0.363
6.984	0.014	0.363
6.984	0.012	0.364
6.984	0.012	0.364
6.984	0.012	0.364
6.984	0.012	0.364
6.985	0.012	0.364
6.985	0.012	0.364
6.985	0.012	0.363
6.985	0.012	0.363
6.985	0.012	0.364
6.985	0.012	0.364
6.985	0.014	0.364
6.985	0.014	0.364
6.985	0.012	0.363
6.985	0.012	0.363
6.986	0.014	0.364
6.986	0.014	0.364
6.986	0.014	0.363
6.986	0.014	0.363
6.986	0.010	0.363
6.986	0.010	0.363
6.986	0.012	0.364
6.986	0.012	0.364
6.986	0.012	0.364
6.986	0.012	0.364
6.987	0.012	0.363
6.987	0.012	0.363
6.987	0.010	0.364
6.987	0.010	0.364
6.987	0.012	0.364
6.987	0.012	0.364
6.987	0.012	0.363
6.987	0.012	0.363
6.987	0.014	0.364
6.987	0.014	0.364
6.988	0.012	0.363
6.988	0.012	0.363
6.988	0.016	0.363
6.988	0.016	0.363
6.988	0.010	0.364
6.988	0.010	0.364
6.988	0.012	0.364
6.988	0.012	0.364
6.988	0.012	0.364
6.988	0.012	0.364
6.989	0.012	0.364
6.989	0.012	0.364
6.989	0.012	0.364
6.989	0.012	0.364
6.989	0.010	0.364
6.989	0.010	0.364
6.989	0.012	0.364
6.989	0.012	0.364
6.989	0.012	0.364
6.989	0.012	0.364
6.990	0.012	0.363
6.990	0.012	0.363
6.990	0.014	0.364
6.990	0.014	0.364
6.990	0.012	0.363
6.990	0.012	0.363
6.990	0.012	0.363
6.990	0.012	0.363
6.990	0.012	0.364
6.990	0.012	0.364
6.991	0.014	0.364
6.991	0.014	0.364
6.991	0.010	0.363
6.991	0.010	0.363
6.991	0.012	0.363
6.991	0.012	0.363
6.991	0.010	0.364
6.991	0.010	0.364
6.991	0.012	0.364
6.991	0.012	0.364
6.992	0.012	0.363
6.992	0.012	0.363
6.992	0.012	0.364
6.992	0.012	0.364
6.992	0.012	0.363
6.992	0.012	0.363
6.992	0.014	0.364
6.992	0.014	0.364
6.992	0.012	0.363
6.992	0.012	0.363
6.993	0.012	0.363
6.993	0.012	0.363
6.993	0.010	0.363
6.993	0.010	0.363
6.993	0.012	0.364
6.993	0.012	0.364
6.993	0.012	0.363
6.993	0.012	0.363
6.993	0.012	0.363
6.993	0.012	0.363
6.994	0.012	0.363
6.994	0.012	0.363
6.994	0.012	0.363
6.994	0.012	0.363
6.994	0.014	0.363
6.994	0.014	0.363
6.994	0.012	0.363
6.994	0.012	0.363
6.994	0.014	0.364
6.994	0.014	0.364
6.995	0.012	0.364
6.995	0.012	0.364
6.995	0.010	0.363
6.995	0.010	0.363
6.995	0.012	0.363
6.995	0.012	0.363
6.995	0.012	0.363
6.995	0.012	0.363
6.995	0.012	0.363
6.995	0.012	0.363
6.996	0.012	0.363
6.996	0.012	0.363
6.996	0.010	0.363
6.996	0.010	0.363
6.996	0.012	0.363
6.996	0.012	0.363
6.996	0.012	0.363
6.996	0.012	0.363
6.996	0.010	0.363
6.996	0.010	0.363
6.997	0.012	0.363
6.997	0.012	0.363
6.997	0.010	0.363
6.997	0.010	0.363
6.997	0.012	0.363
