6.596	0.038	0.363
6.596	0.038	0.363
6.596	0.038	0.363
6.596	0.036	0.363
6.596	0.036	0.363
6.597	0.040	0.364
6.597	0.040	0.364
6.597	0.040	0.363
6.597	0.040	0.363
6.597	0.038	0.364
6.597	0.038	0.364
6.597	0.038	0.364
6.597	0.038	0.364
6.597	0.036	0.364
6.597	0.036	0.364
6.598	0.038	0.364
6.598	0.038	0.364
6.598	0.038	0.364
6.598	0.038	0.364
6.598	0.038	0.364
6.598	0.038	0.364
6.598	0.040	0.364
6.598	0.040	0.364
6.598	0.038	0.364
6.598	0.038	0.364
6.599	0.036	0.365
6.599	0.036	0.365
6.599	0.036	0.365
6.599	0.036	0.365
6.599	0.038	0.365
6.599	0.038	0.365
6.599	0.038	0.365
6.599	0.038	0.365
6.599	0.036	0.366
6.599	0.036	0.366
6.600	0.038	0.366
6.600	0.038	0.366
6.600	0.040	0.367
6.600	0.040	0.367
6.600	0.038	0.366
6.600	0.038	0.366
6.600	0.038	0.366
6.600	0.038	0.366
6.600	0.038	0.367
6.600	0.038	0.367
6.601	0.036	0.366
6.601	0.036	0.366
6.601	0.038	0.367
6.601	0.038	0.367
6.601	0.038	0.366
6.601	0.038	0.366
6.601	0.038	0.367
6.601	0.038	0.367
6.601	0.038	0.367
6.601	0.038	0.367
6.602	0.038	0.367
6.602	0.038	0.367
6.602	0.036	0.367
6.602	0.036	0.367
6.602	0.036	0.368
6.602	0.036	0.368
6.602	0.038	0.368
6.602	0.038	0.368
6.602	0.038	0.368
6.602	0.038	0.368
6.603	0.038	0.368
6.603	0.038	0.368
6.603	0.038	0.368
6.603	0.038	0.368
6.603	0.038	0.368
6.603	0.038	0.368
6.603	0.038	0.368
6.603	0.038	0.368
6.603	0.038	0.368
6.603	0.038	0.368
6.604	0.038	0.368
6.604	0.038	0.368
6.604	0.038	0.368
6.604	0.038	0.368
6.604	0.038	0.368
6.604	0.038	0.368
6.604	0.040	0.368
6.604	0.040	0.368
6.604	0.036	0.369
6.604	0.036	0.369
6.605	0.038	0.368
6.605	0.038	0.368
6.605	0.038	0.368
6.605	0.038	0.368
6.605	0.038	0.368
6.605	0.038	0.368
6.605	0.036	0.368
6.605	0.036	0.368
6.605	0.038	0.369
6.605	0.038	0.369
6.606	0.038	0.369
6.606	0.038	0.369
6.606	0.038	0.369
6.606	0.038	0.369
6.606	0.038	0.369
6.606	0.038	0.369
6.606	0.036	0.369
6.606	0.036	0.369
6.606	0.036	0.369
6.606	0.036	0.369
6.607	0.038	0.369
6.607	0.038	0.369
6.607	0.036	0.370
6.607	0.036	0.370
6.607	0.038	0.370
6.607	0.038	0.370
6.607	0.036	0.370
6.607	0.036	0.370
6.607	0.038	0.371
6.607	0.038	0.371
6.608	0.036	0.371
6.608	0.036	0.371
6.608	0.036	0.371
6.608	0.036	0.371
6.608	0.036	0.372
6.608	0.036	0.372
6.608	0.036	0.371
6.608	0.036	0.371
6.608	0.038	0.372
6.608	0.038	0.372
6.609	0.038	0.371
6.609	0.038	0.371
6.609	0.036	0.372
6.609	0.036	0.372
6.609	0.036	0.372
6.609	0.036	0.372
6.609	0.040	0.372
6.609	0.040	0.372
6.609	0.038	0.372
6.609	0.038	0.372
6.610	0.036	0.372
6.610	0.036	0.372
6.610	0.036	0.372
6.610	0.036	0.372
6.610	0.036	0.372
6.610	0.036	0.372
6.610	0.038	0.373
6.610	0.038	0.373
6.610	0.038	0.373
6.610	0.038	0.373
6.611	0.038	0.374
6.611	0.038	0.374
6.611	0.036	0.373
6.611	0.036	0.373
6.611	0.038	0.373
6.611	0.038	0.373
6.611	0.038	0.373
6.611	0.038	0.373
6.611	0.038	0.374
6.611	0.038	0.374
6.612	0.040	0.374
6.612	0.040	0.374
6.612	0.038	0.374
6.612	0.038	0.374
6.612	0.040	0.375
6.612	0.040	0.375
6.612	0.036	0.375
6.612	0.036	0.375
6.612	0.038	0.376
6.612	0.038	0.376
6.613	0.038	0.376
6.613	0.038	0.376
6.613	0.036	0.375
6.613	0.036	0.375
6.613	0.038	0.376
6.613	0.038	0.376
6.613	0.038	0.376
6.613	0.038	0.376
6.613	0.040	0.376
6.613	0.040	0.376
6.614	0.038	0.376
6.614	0.038	0.376
6.614	0.036	0.376
6.614	0.036	0.376
6.614	0.036	0.377
6.614	0.036	0.377
6.614	0.038	0.377
6.614	0.038	0.377
6.614	0.036	0.377
6.614	0.036	0.377
6.615	0.036	0.377
6.615	0.036	0.377
6.615	0.038	0.378
6.615	0.038	0.378
6.615	0.038	0.378
6.615	0.038	0.378
6.615	0.038	0.378
6.615	0.038	0.378
6.615	0.038	0.378
6.615	0.038	0.378
6.616	0.036	0.379
6.616	0.036	0.379
6.616	0.036	0.379
6.616	0.036	0.379
6.616	0.036	0.379
6.616	0.036	0.379
6.616	0.038	0.379
6.616	0.038	0.379
6.616	0.038	0.380
6.616	0.038	0.380
6.617	0.038	0.380
6.617	0.038	0.380
6.617	0.036	0.380
6.617	0.036	0.380
6.617	0.038	0.380
6.617	0.038	0.380
6.617	0.038	0.380
6.617	0.038	0.380
6.617	0.038	0.380
6.617	0.038	0.380
6.618	0.038	0.380
6.618	0.038	0.380
6.618	0.038	0.380
6.618	0.038	0.380
6.618	0.038	0.380
6.618	0.038	0.380
6.618	0.038	0.380
6.618	0.038	0.380
6.618	0.034	0.381
6.618	0.034	0.381
6.619	0.036	0.380
6.619	0.036	0.380
6.619	0.036	0.381
6.619	0.036	0.381
6.619	0.036	0.381
6.619	0.036	0.381
6.619	0.038	0.382
6.619	0.038	0.382
6.619	0.038	0.382
6.619	0.038	0.382
6.620	0.036	0.382
6.620	0.036	0.382
6.620	0.036	0.381
6.620	0.036	0.381
6.620	0.036	0.383
6.620	0.036	0.383
6.620	0.038	0.383
6.620	0.038	0.383
6.620	0.036	0.383
6.620	0.036	0.383
6.621	0.036	0.383
6.621	0.036	0.383
6.621	0.036	0.384
6.621	0.036	0.384
6.621	0.038	0.383
6.621	0.038	0.383
6.621	0.038	0.383
6.621	0.038	0.383
6.621	0.036	0.384
6.621	0.036	0.384
6.622	0.036	0.383
6.622	0.036	0.383
6.622	0.036	0.384
6.622	0.036	0.384
6.622	0.040	0.384
6.622	0.040	0.384
6.622	0.036	0.384
6.622	0.036	0.384
6.622	0.036	0.384
6.622	0.036	0.384
6.623	0.036	0.384
6.623	0.036	0.384
6.623	0.040	0.385
6.623	0.040	0.385
6.623	0.040	0.384
6.623	0.040	0.384
6.623	0.036	0.385
6.623	0.036	0.385
6.623	0.036	0.384
6.623	0.036	0.384
6.624	0.038	0.384
6.624	0.038	0.384
6.624	0.036	0.385
6.624	0.036	0.385
6.624	0.036	0.386
6.624	0.036	0.386
6.624	0.036	0.386
6.624	0.036	0.386
6.624	0.036	0.386
6.624	0.036	0.386
6.625	0.034	0.386
6.625	0.034	0.386
6.625	0.038	0.387
6.625	0.038	0.387
6.625	0.034	0.386
6.625	0.034	0.386
6.625	0.036	0.387
6.625	0.036	0.387
6.625	0.036	0.387
6.625	0.036	0.387
6.626	0.036	0.388
6.626	0.036	0.388
6.626	0.038	0.388
6.626	0.038	0.388
6.626	0.034	0.388
6.626	0.034	0.388
6.626	0.036	0.388
6.626	0.036	0.388
6.626	0.036	0.388
6.626	0.036	0.388
6.627	0.036	0.388
6.627	0.036	0.388
6.627	0.036	0.389
6.627	0.036	0.389
6.627	0.036	0.389
6.627	0.036	0.389
6.627	0.036	0.389
6.627	0.036	0.389
6.627	0.034	0.389
6.627	0.034	0.389
6.628	0.038	0.390
6.628	0.038	0.390
6.628	0.034	0.389
6.628	0.034	0.389
6.628	0.036	0.390
6.628	0.036	0.390
6.628	0.036	0.390
6.628	0.036	0.390
6.628	0.038	0.390
6.628	0.038	0.390
6.629	0.036	0.390
6.629	0.036	0.390
6.629	0.036	0.391
6.629	0.036	0.391
6.629	0.038	0.391
6.629	0.038	0.391
6.629	0.034	0.392
6.629	0.034	0.392
6.629	0.036	0.392
6.629	0.036	0.392
6.630	0.036	0.392
6.630	0.036	0.392
6.630	0.036	0.392
6.630	0.036	0.392
6.630	0.036	0.392
6.630	0.036	0.392
6.630	0.034	0.392
6.630	0.034	0.392
6.630	0.034	0.392
6.630	0.034	0.392
6.631	0.036	0.392
6.631	0.036	0.392
6.631	0.034	0.393
6.631	0.034	0.393
6.631	0.038	0.393
6.631	0.038	0.393
6.631	0.036	0.393
6.631	0.036	0.393
6.631	0.036	0.393
6.631	0.036	0.393
6.632	0.036	0.393
6.632	0.036	0.393
6.632	0.036	0.395
6.632	0.036	0.395
6.632	0.036	0.394
6.632	0.036	0.394
6.632	0.036	0.394
6.632	0.036	0.394
6.632	0.036	0.395
6.632	0.036	0.395
6.633	0.038	0.396
6.633	0.038	0.396
6.633	0.036	0.396
6.633	0.036	0.396
6.633	0.036	0.396
6.633	0.036	0.396
6.633	0.036	0.396
6.633	0.036	0.396
6.633	0.038	0.396
6.633	0.038	0.396
6.634	0.036	0.396
6.634	0.036	0.396
6.634	0.036	0.396
6.634	0.036	0.396
6.634	0.038	0.396
6.634	0.038	0.396
6.634	0.038	0.396
6.634	0.038	0.396
6.634	0.034	0.396
6.634	0.034	0.396
6.635	0.036	0.397
6.635	0.036	0.397
6.635	0.036	0.396
6.635	0.036	0.396
6.635	0.036	0.396
6.635	0.036	0.396
6.635	0.036	0.398
6.635	0.036	0.398
6.635	0.036	0.397
6.635	0.036	0.397
6.636	0.036	0.398
6.636	0.036	0.398
6.636	0.036	0.397
6.636	0.036	0.397
6.636	0.036	0.397
6.636	0.036	0.397
6.636	0.036	0.399
6.636	0.036	0.399
6.636	0.036	0.398
6.636	0.036	0.398
6.637	0.036	0.399
6.637	0.036	0.399
6.637	0.036	0.398
6.637	0.036	0.398
6.637	0.036	0.399
6.637	0.036	0.399
6.637	0.036	0.399
6.637	0.036	0.399
6.637	0.036	0.398
6.637	0.036	0.398
6.638	0.036	0.399
6.638	0.036	0.399
6.638	0.036	0.399
6.638	0.036	0.399
6.638	0.036	0.400
6.638	0.036	0.400
6.638	0.034	0.399
6.638	0.034	0.399
6.638	0.032	0.400
6.638	0.032	0.400
6.639	0.036	0.400
6.639	0.036	0.400
6.639	0.036	0.400
6.639	0.036	0.400
6.639	0.034	0.400
6.639	0.034	0.400
6.639	0.036	0.400
6.639	0.036	0.400
6.639	0.034	0.400
6.639	0.034	0.400
6.640	0.034	0.400
6.640	0.034	0.400
6.640	0.034	0.400
6.640	0.034	0.400
6.640	0.036	0.400
6.640	0.036	0.400
6.640	0.034	0.401
6.640	0.034	0.401
6.640	0.036	0.401
6.640	0.036	0.401
6.641	0.034	0.402
6.641	0.034	0.402
6.641	0.034	0.401
6.641	0.034	0.401
6.641	0.034	0.401
6.641	0.034	0.401
6.641	0.036	0.402
6.641	0.036	0.402
6.641	0.034	0.403
6.641	0.034	0.403
6.642	0.036	0.402
6.642	0.036	0.402
6.642	0.036	0.402
6.642	0.036	0.402
6.642	0.036	0.402
6.642	0.036	0.402
6.642	0.036	0.402
6.642	0.036	0.402
6.642	0.034	0.403
6.642	0.034	0.403
6.643	0.034	0.402
6.643	0.034	0.402
6.643	0.034	0.403
6.643	0.034	0.403
6.643	0.034	0.404
6.643	0.034	0.404
6.643	0.034	0.403
6.643	0.034	0.403
6.643	0.036	0.404
6.643	0.036	0.404
6.644	0.034	0.404
6.644	0.034	0.404
6.644	0.036	0.404
6.644	0.036	0.404
6.644	0.034	0.404
6.644	0.034	0.404
6.644	0.034	0.405
6.644	0.034	0.405
6.644	0.036	0.405
6.644	0.036	0.405
6.645	0.034	0.405
6.645	0.034	0.405
6.645	0.036	0.405
6.645	0.036	0.405
6.645	0.036	0.405
6.645	0.036	0.405
6.645	0.034	0.404
6.645	0.034	0.404
6.645	0.034	0.405
6.645	0.034	0.405
6.646	0.034	0.405
6.646	0.034	0.405
6.646	0.034	0.406
6.646	0.034	0.406
6.646	0.036	0.406
6.646	0.036	0.406
6.646	0.034	0.406
6.646	0.034	0.406
6.646	0.036	0.407
6.646	0.036	0.407
6.647	0.034	0.407
6.647	0.034	0.407
6.647	0.036	0.408
6.647	0.036	0.408
6.647	0.034	0.407
6.647	0.034	0.407
6.647	0.034	0.408
6.647	0.034	0.408
6.647	0.034	0.407
6.647	0.034	0.407
6.648	0.034	0.408
6.648	0.034	0.408
6.648	0.034	0.408
6.648	0.034	0.408
6.648	0.034	0.408
6.648	0.034	0.408
6.648	0.034	0.408
6.648	0.034	0.408
6.648	0.036	0.408
6.648	0.036	0.408
6.649	0.036	0.408
6.649	0.036	0.408
6.649	0.034	0.408
6.649	0.034	0.408
6.649	0.036	0.408
6.649	0.036	0.408
6.649	0.034	0.409
6.649	0.034	0.409
6.649	0.034	0.409
6.649	0.034	0.409
6.650	0.034	0.409
6.650	0.034	0.409
6.650	0.034	0.410
6.650	0.034	0.410
6.650	0.034	0.410
6.650	0.034	0.410
6.650	0.034	0.410
6.650	0.034	0.410
6.650	0.036	0.409
6.650	0.036	0.409
6.651	0.032	0.410
6.651	0.032	0.410
6.651	0.034	0.409
6.651	0.034	0.409
6.651	0.036	0.409
6.651	0.036	0.409
6.651	0.034	0.410
6.651	0.034	0.410
6.651	0.034	0.410
6.651	0.034	0.410
6.652	0.034	0.411
6.652	0.034	0.411
6.652	0.038	0.410
6.652	0.038	0.410
6.652	0.034	0.410
6.652	0.034	0.410
6.652	0.034	0.410
6.652	0.034	0.410
6.652	0.034	0.411
6.652	0.034	0.411
6.653	0.034	0.411
6.653	0.034	0.411
6.653	0.034	0.412
6.653	0.034	0.412
6.653	0.034	0.411
6.653	0.034	0.411
6.653	0.034	0.412
6.653	0.034	0.412
6.653	0.034	0.411
6.653	0.034	0.411
6.654	0.034	0.412
6.654	0.034	0.412
6.654	0.034	0.411
6.654	0.034	0.411
6.654	0.034	0.412
6.654	0.034	0.412
6.654	0.034	0.412
6.654	0.034	0.412
6.654	0.036	0.412
6.654	0.036	0.412
6.655	0.034	0.412
6.655	0.034	0.412
6.655	0.034	0.412
6.655	0.034	0.412
6.655	0.038	0.412
6.655	0.038	0.412
6.655	0.034	0.412
6.655	0.034	0.412
6.655	0.036	0.412
6.655	0.036	0.412
6.656	0.034	0.412
6.656	0.034	0.412
6.656	0.036	0.412
6.656	0.036	0.412
6.656	0.032	0.413
6.656	0.032	0.413
6.656	0.036	0.412
6.656	0.036	0.412
6.656	0.036	0.412
6.656	0.036	0.412
6.657	0.036	0.413
6.657	0.036	0.413
6.657	0.032	0.413
6.657	0.032	0.413
6.657	0.034	0.413
6.657	0.034	0.413
6.657	0.036	0.413
6.657	0.036	0.413
6.657	0.036	0.412
6.657	0.036	0.412
6.658	0.034	0.413
6.658	0.034	0.413
6.658	0.034	0.414
6.658	0.034	0.414
6.658	0.032	0.413
6.658	0.032	0.413
6.658	0.034	0.413
6.658	0.034	0.413
6.658	0.034	0.414
6.658	0.034	0.414
6.659	0.034	0.413
6.659	0.034	0.413
6.659	0.036	0.414
6.659	0.036	0.414
6.659	0.032	0.413
6.659	0.032	0.413
6.659	0.034	0.414
6.659	0.034	0.414
6.659	0.036	0.415
6.659	0.036	0.415
6.660	0.034	0.415
6.660	0.034	0.415
6.660	0.034	0.415
6.660	0.034	0.415
6.660	0.034	0.415
6.660	0.034	0.415
6.660	0.034	0.415
6.660	0.034	0.415
6.660	0.036	0.414
6.660	0.036	0.414
6.661	0.034	0.415
6.661	0.034	0.415
6.661	0.034	0.414
6.661	0.034	0.414
6.661	0.036	0.415
6.661	0.036	0.415
6.661	0.034	0.416
6.661	0.034	0.416
6.661	0.034	0.416
6.661	0.034	0.416
6.662	0.036	0.415
6.662	0.036	0.415
6.662	0.030	0.416
6.662	0.030	0.416
6.662	0.034	0.416
6.662	0.034	0.416
6.662	0.034	0.416
6.662	0.034	0.416
6.662	0.034	0.416
6.662	0.034	0.416
6.663	0.034	0.416
6.663	0.034	0.416
6.663	0.034	0.416
6.663	0.034	0.416
6.663	0.036	0.416
6.663	0.036	0.416
6.663	0.034	0.416
6.663	0.034	0.416
6.663	0.036	0.416
6.663	0.036	0.416
6.664	0.034	0.416
6.664	0.034	0.416
6.664	0.032	0.416
6.664	0.032	0.416
6.664	0.034	0.416
6.664	0.034	0.416
6.664	0.034	0.416
6.664	0.034	0.416
6.664	0.034	0.416
6.664	0.034	0.416
6.665	0.036	0.416
6.665	0.036	0.416
6.665	0.036	0.416
6.665	0.036	0.416
6.665	0.034	0.416
6.665	0.034	0.416
6.665	0.032	0.416
6.665	0.032	0.416
6.665	0.032	0.417
6.665	0.032	0.417
6.666	0.032	0.417
6.666	0.032	0.417
6.666	0.034	0.418
6.666	0.034	0.418
6.666	0.034	0.417
6.666	0.034	0.417
6.666	0.034	0.418
6.666	0.034	0.418
6.666	0.034	0.418
6.666	0.034	0.418
6.667	0.032	0.417
6.667	0.032	0.417
6.667	0.034	0.417
6.667	0.034	0.417
6.667	0.034	0.418
6.667	0.034	0.418
6.667	0.034	0.418
6.667	0.034	0.418
6.667	0.034	0.418
6.667	0.034	0.418
6.668	0.034	0.418
6.668	0.034	0.418
6.668	0.034	0.418
6.668	0.034	0.418
6.668	0.032	0.418
6.668	0.032	0.418
6.668	0.034	0.418
6.668	0.034	0.418
6.668	0.034	0.418
6.668	0.034	0.418
6.669	0.032	0.418
6.669	0.032	0.418
6.669	0.034	0.418
6.669	0.034	0.418
6.669	0.034	0.419
6.669	0.034	0.419
6.669	0.036	0.418
6.669	0.036	0.418
6.669	0.036	0.418
6.669	0.036	0.418
6.670	0.034	0.418
6.670	0.034	0.418
6.670	0.034	0.418
6.670	0.034	0.418
6.670	0.034	0.418
6.670	0.034	0.418
6.670	0.032	0.418
6.670	0.032	0.418
6.670	0.034	0.419
6.670	0.034	0.419
6.671	0.034	0.418
6.671	0.034	0.418
6.671	0.036	0.418
6.671	0.036	0.418
6.671	0.034	0.418
6.671	0.034	0.418
6.671	0.034	0.418
6.671	0.034	0.418
6.671	0.036	0.418
6.671	0.036	0.418
6.672	0.034	0.418
6.672	0.034	0.418
6.672	0.032	0.418
6.672	0.032	0.418
6.672	0.034	0.418
6.672	0.034	0.418
6.672	0.034	0.419
6.672	0.034	0.419
6.672	0.034	0.419
6.672	0.034	0.419
6.673	0.034	0.418
6.673	0.034	0.418
6.673	0.034	0.418
6.673	0.034	0.418
6.673	0.034	0.419
6.673	0.034	0.419
6.673	0.034	0.418
6.673	0.034	0.418
6.673	0.034	0.418
6.673	0.034	0.418
6.674	0.034	0.418
6.674	0.034	0.418
6.674	0.034	0.418
6.674	0.034	0.418
6.674	0.034	0.418
6.674	0.034	0.418
6.674	0.034	0.419
6.674	0.034	0.419
6.674	0.034	0.419
6.674	0.034	0.419
6.675	0.034	0.419
6.675	0.034	0.419
6.675	0.034	0.419
6.675	0.034	0.419
6.675	0.032	0.419
6.675	0.032	0.419
6.675	0.034	0.418
6.675	0.034	0.418
6.675	0.034	0.419
6.675	0.034	0.419
6.676	0.034	0.419
6.676	0.034	0.419
6.676	0.032	0.419
6.676	0.032	0.419
6.676	0.034	0.418
6.676	0.034	0.418
6.676	0.034	0.419
6.676	0.034	0.419
6.676	0.034	0.419
6.676	0.034	0.419
6.677	0.034	0.419
6.677	0.034	0.419
6.677	0.034	0.418
6.677	0.034	0.418
6.677	0.034	0.419
6.677	0.034	0.419
6.677	0.034	0.419
6.677	0.034	0.419
6.677	0.032	0.418
6.677	0.032	0.418
6.678	0.036	0.419
6.678	0.036	0.419
6.678	0.034	0.418
6.678	0.034	0.418
6.678	0.032	0.419
6.678	0.032	0.419
6.678	0.034	0.419
6.678	0.034	0.419
6.678	0.032	0.418
6.678	0.032	0.418
6.679	0.032	0.419
6.679	0.032	0.419
6.679	0.034	0.419
6.679	0.034	0.419
6.679	0.032	0.419
6.679	0.032	0.419
6.679	0.034	0.418
6.679	0.034	0.418
6.679	0.034	0.418
6.679	0.034	0.418
6.680	0.032	0.419
6.680	0.032	0.419
6.680	0.034	0.418
6.680	0.034	0.418
6.680	0.034	0.418
6.680	0.034	0.418
6.680	0.032	0.419
6.680	0.032	0.419
6.680	0.034	0.419
6.680	0.034	0.419
6.681	0.034	0.419
6.681	0.034	0.419
6.681	0.034	0.418
6.681	0.034	0.418
6.681	0.030	0.418
6.681	0.030	0.418
6.681	0.034	0.418
6.681	0.034	0.418
6.681	0.034	0.418
6.681	0.034	0.418
6.682	0.034	0.417
6.682	0.034	0.417
6.682	0.032	0.418
6.682	0.032	0.418
6.682	0.034	0.418
6.682	0.034	0.418
6.682	0.034	0.418
6.682	0.034	0.418
6.682	0.032	0.418
6.682	0.032	0.418
6.683	0.034	0.418
6.683	0.034	0.418
6.683	0.032	0.418
6.683	0.032	0.418
6.683	0.034	0.418
6.683	0.034	0.418
6.683	0.034	0.418
6.683	0.034	0.418
6.683	0.030	0.417
6.683	0.030	0.417
6.684	0.034	0.418
6.684	0.034	0.418
6.684	0.032	0.418
6.684	0.032	0.418
6.684	0.032	0.418
6.684	0.032	0.418
6.684	0.032	0.418
6.684	0.032	0.418
6.684	0.034	0.417
6.684	0.034	0.417
6.685	0.032	0.417
6.685	0.032	0.417
6.685	0.034	0.417
6.685	0.034	0.417
6.685	0.034	0.417
6.685	0.034	0.417
6.685	0.032	0.417
6.685	0.032	0.417
6.685	0.034	0.418
6.685	0.034	0.418
6.686	0.034	0.418
6.686	0.034	0.418
6.686	0.030	0.417
6.686	0.030	0.417
6.686	0.030	0.417
6.686	0.030	0.417
6.686	0.034	0.417
6.686	0.034	0.417
6.686	0.034	0.417
6.686	0.034	0.417
6.687	0.030	0.417
6.687	0.030	0.417
6.687	0.034	0.416
6.687	0.034	0.416
6.687	0.030	0.416
6.687	0.030	0.416
6.687	0.030	0.416
6.687	0.030	0.416
6.687	0.032	0.417
6.687	0.032	0.417
6.688	0.032	0.417
6.688	0.032	0.417
6.688	0.032	0.417
6.688	0.032	0.417
6.688	0.030	0.416
6.688	0.030	0.416
6.688	0.034	0.416
6.688	0.034	0.416
6.688	0.034	0.416
6.688	0.034	0.416
6.689	0.032	0.416
6.689	0.032	0.416
6.689	0.034	0.416
6.689	0.034	0.416
6.689	0.032	0.416
6.689	0.032	0.416
6.689	0.034	0.416
6.689	0.034	0.416
6.689	0.034	0.416
6.689	0.034	0.416
6.690	0.032	0.416
6.690	0.032	0.416
6.690	0.034	0.416
6.690	0.034	0.416
6.690	0.030	0.416
6.690	0.030	0.416
6.690	0.032	0.416
6.690	0.032	0.416
6.690	0.032	0.416
6.690	0.032	0.416
6.691	0.032	0.416
6.691	0.032	0.416
6.691	0.032	0.416
6.691	0.032	0.416
6.691	0.032	0.416
6.691	0.032	0.416
6.691	0.032	0.415
6.691	0.032	0.415
6.691	0.032	0.416
6.691	0.032	0.416
6.692	0.030	0.416
6.692	0.030	0.416
6.692	0.032	0.415
6.692	0.032	0.415
6.692	0.030	0.416
6.692	0.030	0.416
6.692	0.030	0.415
6.692	0.030	0.415
6.692	0.034	0.416
6.692	0.034	0.416
6.693	0.032	0.415
6.693	0.032	0.415
6.693	0.032	0.415
6.693	0.032	0.415
6.693	0.032	0.415
6.693	0.032	0.415
6.693	0.030	0.415
6.693	0.030	0.415
6.693	0.034	0.415
6.693	0.034	0.415
6.694	0.034	0.415
6.694	0.034	0.415
6.694	0.032	0.414
6.694	0.032	0.414
6.694	0.030	0.414
6.694	0.030	0.414
6.694	0.034	0.414
6.694	0.034	0.414
6.694	0.032	0.414
6.694	0.032	0.414
6.695	0.032	0.413
6.695	0.032	0.413
6.695	0.032	0.414
6.695	0.032	0.414
6.695	0.032	0.413
6.695	0.032	0.413
6.695	0.030	0.413
6.695	0.030	0.413
6.695	0.032	0.413
6.695	0.032	0.413
6.696	0.032	0.412
6.696	0.032	0.412
6.696	0.034	0.412
6.696	0.034	0.412
6.696	0.032	0.412
6.696	0.032	0.412
6.696	0.034	0.412
6.696	0.034	0.412
6.696	0.034	0.412
6.696	0.034	0.412
6.697	0.030	0.412
6.697	0.030	0.412
6.697	0.030	0.412
6.697	0.030	0.412
6.697	0.034	0.412
6.697	0.034	0.412
6.697	0.030	0.412
6.697	0.030	0.412
6.697	0.028	0.412
6.697	0.028	0.412
6.698	0.030	0.411
6.698	0.030	0.411
6.698	0.032	0.412
6.698	0.032	0.412
6.698	0.032	0.410
6.698	0.032	0.410
6.698	0.030	0.411
6.698	0.030	0.411
6.698	0.030	0.411
6.698	0.030	0.411
6.699	0.030	0.411
6.699	0.030	0.411
6.699	0.030	0.411
6.699	0.030	0.411
6.699	0.034	0.410
6.699	0.034	0.410
6.699	0.032	0.411
6.699	0.032	0.411
6.699	0.030	0.410
6.699	0.030	0.410
6.700	0.030	0.410
6.700	0.030	0.410
6.700	0.030	0.409
6.700	0.030	0.409
6.700	0.032	0.409
6.700	0.032	0.409
6.700	0.032	0.409
6.700	0.032	0.409
6.700	0.030	0.409
6.700	0.030	0.409
6.701	0.030	0.409
6.701	0.030	0.409
6.701	0.034	0.409
6.701	0.034	0.409
6.701	0.032	0.408
6.701	0.032	0.408
6.701	0.030	0.408
6.701	0.030	0.408
6.701	0.030	0.408
6.701	0.030	0.408
6.702	0.030	0.408
6.702	0.030	0.408
6.702	0.030	0.408
6.702	0.030	0.408
6.702	0.030	0.408
6.702	0.030	0.408
6.702	0.034	0.408
6.702	0.034	0.408
6.702	0.030	0.408
6.702	0.030	0.408
6.703	0.030	0.408
6.703	0.030	0.408
6.703	0.030	0.408
6.703	0.030	0.408
6.703	0.028	0.408
6.703	0.028	0.408
6.703	0.034	0.407
6.703	0.034	0.407
6.703	0.028	0.407
6.703	0.028	0.407
6.704	0.030	0.406
6.704	0.030	0.406
6.704	0.030	0.406
6.704	0.030	0.406
6.704	0.032	0.406
6.704	0.032	0.406
6.704	0.028	0.406
6.704	0.028	0.406
6.704	0.028	0.406
6.704	0.028	0.406
6.705	0.030	0.406
6.705	0.030	0.406
6.705	0.030	0.406
6.705	0.030	0.406
6.705	0.030	0.406
6.705	0.030	0.406
6.705	0.028	0.405
6.705	0.028	0.405
6.705	0.030	0.406
6.705	0.030	0.406
6.706	0.030	0.405
6.706	0.030	0.405
6.706	0.032	0.405
6.706	0.032	0.405
6.706	0.030	0.405
6.706	0.030	0.405
6.706	0.030	0.405
6.706	0.030	0.405
6.706	0.030	0.404
6.706	0.030	0.404
6.707	0.030	0.404
6.707	0.030	0.404
6.707	0.032	0.405
6.707	0.032	0.405
6.707	0.030	0.404
6.707	0.030	0.404
6.707	0.030	0.404
6.707	0.030	0.404
6.707	0.030	0.404
6.707	0.030	0.404
6.708	0.032	0.404
6.708	0.032	0.404
6.708	0.030	0.403
6.708	0.030	0.403
6.708	0.030	0.404
6.708	0.030	0.404
6.708	0.030	0.403
6.708	0.030	0.403
6.708	0.030	0.402
6.708	0.030	0.402
6.709	0.032	0.402
6.709	0.032	0.402
6.709	0.030	0.403
6.709	0.030	0.403
6.709	0.030	0.402
6.709	0.030	0.402
6.709	0.032	0.401
6.709	0.032	0.401
6.709	0.032	0.402
6.709	0.032	0.402
6.710	0.030	0.401
6.710	0.030	0.401
6.710	0.032	0.401
6.710	0.032	0.401
6.710	0.032	0.401
6.710	0.032	0.401
6.710	0.032	0.401
6.710	0.032	0.401
6.710	0.030	0.400
6.710	0.030	0.400
6.711	0.032	0.400
6.711	0.032	0.400
6.711	0.032	0.400
6.711	0.032	0.400
6.711	0.030	0.400
6.711	0.030	0.400
6.711	0.032	0.400
6.711	0.032	0.400
6.711	0.030	0.400
6.711	0.030	0.400
6.712	0.030	0.399
6.712	0.030	0.399
6.712	0.030	0.399
6.712	0.030	0.399
6.712	0.030	0.398
6.712	0.030	0.398
6.712	0.030	0.398
6.712	0.030	0.398
6.712	0.034	0.398
6.712	0.034	0.398
6.713	0.032	0.397
6.713	0.032	0.397
6.713	0.034	0.396
6.713	0.034	0.396
6.713	0.032	0.396
6.713	0.032	0.396
6.713	0.032	0.396
6.713	0.032	0.396
6.713	0.030	0.396
6.713	0.030	0.396
6.714	0.030	0.396
6.714	0.030	0.396
6.714	0.030	0.396
6.714	0.030	0.396
6.714	0.030	0.395
6.714	0.030	0.395
6.714	0.028	0.396
6.714	0.028	0.396
6.714	0.030	0.395
6.714	0.030	0.395
6.715	0.030	0.394
6.715	0.030	0.394
6.715	0.030	0.394
6.715	0.030	0.394
6.715	0.030	0.393
6.715	0.030	0.393
6.715	0.028	0.393
6.715	0.028	0.393
6.715	0.034	0.393
6.715	0.034	0.393
6.716	0.030	0.393
6.716	0.030	0.393
6.716	0.030	0.393
6.716	0.030	0.393
6.716	0.030	0.392
6.716	0.030	0.392
6.716	0.030	0.392
6.716	0.030	0.392
6.716	0.030	0.392
6.716	0.030	0.392
6.717	0.030	0.391
6.717	0.030	0.391
6.717	0.030	0.390
6.717	0.030	0.390
6.717	0.028	0.390
6.717	0.028	0.390
6.717	0.030	0.391
6.717	0.030	0.391
6.717	0.028	0.389
6.717	0.028	0.389
6.718	0.028	0.390
6.718	0.028	0.390
6.718	0.028	0.389
6.718	0.028	0.389
6.718	0.030	0.389
6.718	0.030	0.389
6.718	0.030	0.388
6.718	0.030	0.388
6.718	0.028	0.388
6.718	0.028	0.388
6.719	0.028	0.388
6.719	0.028	0.388
6.719	0.030	0.388
6.719	0.030	0.388
6.719	0.030	0.388
6.719	0.030	0.388
6.719	0.030	0.388
6.719	0.030	0.388
6.719	0.028	0.387
6.719	0.028	0.387
6.720	0.030	0.386
6.720	0.030	0.386
6.720	0.030	0.387
6.720	0.030	0.387
6.720	0.030	0.386
6.720	0.030	0.386
6.720	0.030	0.385
6.720	0.030	0.385
6.720	0.030	0.386
6.720	0.030	0.386
6.721	0.030	0.386
6.721	0.030	0.386
6.721	0.032	0.385
6.721	0.032	0.385
6.721	0.030	0.385
6.721	0.030	0.385
6.721	0.028	0.384
6.721	0.028	0.384
6.721	0.030	0.384
6.721	0.030	0.384
6.722	0.030	0.384
6.722	0.030	0.384
6.722	0.030	0.384
6.722	0.030	0.384
6.722	0.030	0.384
6.722	0.030	0.384
6.722	0.030	0.384
6.722	0.030	0.384
6.722	0.030	0.384
6.722	0.030	0.384
6.723	0.030	0.384
6.723	0.030	0.384
6.723	0.028	0.383
6.723	0.028	0.383
6.723	0.030	0.383
6.723	0.030	0.383
6.723	0.028	0.383
6.723	0.028	0.383
6.723	0.030	0.382
6.723	0.030	0.382
6.724	0.034	0.381
6.724	0.034	0.381
6.724	0.030	0.381
6.724	0.030	0.381
6.724	0.032	0.381
6.724	0.032	0.381
6.724	0.032	0.381
6.724	0.032	0.381
6.724	0.028	0.380
6.724	0.028	0.380
6.725	0.030	0.380
6.725	0.030	0.380
6.725	0.030	0.380
6.725	0.030	0.380
6.725	0.030	0.380
6.725	0.030	0.380
6.725	0.028	0.380
6.725	0.028	0.380
6.725	0.028	0.379
6.725	0.028	0.379
6.726	0.028	0.379
6.726	0.028	0.379
6.726	0.030	0.378
6.726	0.030	0.378
6.726	0.028	0.377
6.726	0.028	0.377
6.726	0.030	0.378
6.726	0.030	0.378
6.726	0.028	0.377
6.726	0.028	0.377
6.727	0.030	0.377
6.727	0.030	0.377
6.727	0.028	0.376
6.727	0.028	0.376
6.727	0.030	0.376
6.727	0.030	0.376
6.727	0.028	0.376
6.727	0.028	0.376
6.727	0.030	0.376
6.727	0.030	0.376
6.728	0.028	0.375
6.728	0.028	0.375
6.728	0.032	0.375
6.728	0.032	0.375
6.728	0.028	0.375
6.728	0.028	0.375
6.728	0.028	0.374
6.728	0.028	0.374
6.728	0.028	0.373
6.728	0.028	0.373
6.729	0.030	0.374
6.729	0.030	0.374
6.729	0.030	0.372
6.729	0.030	0.372
6.729	0.030	0.372
6.729	0.030	0.372
6.729	0.028	0.372
6.729	0.028	0.372
6.729	0.030	0.371
6.729	0.030	0.371
6.730	0.028	0.371
6.730	0.028	0.371
6.730	0.028	0.369
6.730	0.028	0.369
6.730	0.030	0.370
6.730	0.030	0.370
6.730	0.028	0.369
6.730	0.028	0.369
6.730	0.028	0.369
6.730	0.028	0.369
6.731	0.028	0.369
6.731	0.028	0.369
6.731	0.028	0.369
6.731	0.028	0.369
6.731	0.030	0.368
6.731	0.030	0.368
6.731	0.030	0.368
6.731	0.030	0.368
6.731	0.030	0.368
6.731	0.030	0.368
6.732	0.028	0.367
6.732	0.028	0.367
6.732	0.030	0.366
6.732	0.030	0.366
6.732	0.030	0.366
6.732	0.030	0.366
6.732	0.028	0.366
6.732	0.028	0.366
6.732	0.030	0.365
6.732	0.030	0.365
6.733	0.030	0.364
6.733	0.030	0.364
6.733	0.028	0.364
6.733	0.028	0.364
6.733	0.030	0.364
6.733	0.030	0.364
6.733	0.028	0.364
6.733	0.028	0.364
6.733	0.030	0.363
6.733	0.030	0.363
6.734	0.032	0.363
6.734	0.032	0.363
6.734	0.030	0.362
6.734	0.030	0.362
6.734	0.030	0.362
6.734	0.030	0.362
6.734	0.028	0.363
6.734	0.028	0.363
6.734	0.028	0.362
6.734	0.028	0.362
6.735	0.028	0.361
6.735	0.028	0.361
6.735	0.032	0.361
6.735	0.032	0.361
6.735	0.028	0.360
6.735	0.028	0.360
6.735	0.030	0.360
6.735	0.030	0.360
6.735	0.028	0.360
6.735	0.028	0.360
6.736	0.030	0.360
6.736	0.030	0.360
6.736	0.028	0.358
6.736	0.028	0.358
6.736	0.030	0.360
6.736	0.030	0.360
6.736	0.028	0.358
6.736	0.028	0.358
6.736	0.028	0.358
6.736	0.028	0.358
6.737	0.028	0.357
6.737	0.028	0.357
6.737	0.030	0.357
6.737	0.030	0.357
6.737	0.028	0.356
6.737	0.028	0.356
6.737	0.030	0.356
6.737	0.030	0.356
6.737	0.030	0.356
6.737	0.030	0.356
6.738	0.028	0.356
6.738	0.028	0.356
6.738	0.030	0.356
6.738	0.030	0.356
6.738	0.028	0.355
6.738	0.028	0.355
6.738	0.028	0.356
6.738	0.028	0.356
6.738	0.028	0.355
6.738	0.028	0.355
6.739	0.032	0.354
6.739	0.032	0.354
6.739	0.028	0.355
6.739	0.028	0.355
6.739	0.028	0.354
6.739	0.028	0.354
6.739	0.028	0.353
6.739	0.028	0.353
6.739	0.028	0.352
6.739	0.028	0.352
6.740	0.030	0.352
6.740	0.030	0.352
6.740	0.028	0.352
6.740	0.028	0.352
6.740	0.028	0.352
6.740	0.028	0.352
6.740	0.030	0.352
6.740	0.030	0.352
6.740	0.028	0.351
6.740	0.028	0.351
6.741	0.030	0.351
6.741	0.030	0.351
6.741	0.028	0.351
6.741	0.028	0.351
6.741	0.028	0.350
6.741	0.028	0.350
6.741	0.028	0.350
6.741	0.028	0.350
6.741	0.026	0.348
6.741	0.026	0.348
6.742	0.028	0.348
6.742	0.028	0.348
6.742	0.028	0.349
6.742	0.028	0.349
6.742	0.030	0.348
6.742	0.030	0.348
6.742	0.028	0.348
6.742	0.028	0.348
6.742	0.028	0.347
6.742	0.028	0.347
6.743	0.030	0.347
6.743	0.030	0.347
6.743	0.028	0.347
6.743	0.028	0.347
6.743	0.028	0.345
6.743	0.028	0.345
6.743	0.028	0.345
6.743	0.028	0.345
6.743	0.030	0.344
6.743	0.030	0.344
6.744	0.028	0.344
6.744	0.028	0.344
6.744	0.028	0.344
6.744	0.028	0.344
6.744	0.028	0.344
6.744	0.028	0.344
6.744	0.028	0.343
6.744	0.028	0.343
6.744	0.028	0.343
6.744	0.028	0.343
6.745	0.030	0.342
6.745	0.030	0.342
6.745	0.030	0.342
6.745	0.030	0.342
6.745	0.026	0.341
6.745	0.026	0.341
6.745	0.028	0.340
6.745	0.028	0.340
6.745	0.030	0.340
6.745	0.030	0.340
6.746	0.028	0.340
6.746	0.028	0.340
6.746	0.030	0.339
6.746	0.030	0.339
6.746	0.026	0.339
6.746	0.026	0.339
6.746	0.030	0.338
6.746	0.030	0.338
6.746	0.028	0.337
6.746	0.028	0.337
6.747	0.026	0.337
6.747	0.026	0.337
6.747	0.028	0.337
6.747	0.028	0.337
6.747	0.028	0.336
6.747	0.028	0.336
6.747	0.028	0.336
6.747	0.028	0.336
6.747	0.028	0.336
6.747	0.028	0.336
6.748	0.028	0.334
6.748	0.028	0.334
6.748	0.028	0.335
6.748	0.028	0.335
6.748	0.030	0.334
6.748	0.030	0.334
6.748	0.028	0.332
6.748	0.028	0.332
6.748	0.028	0.332
6.748	0.028	0.332
6.749	0.030	0.333
6.749	0.030	0.333
6.749	0.030	0.332
6.749	0.030	0.332
6.749	0.028	0.332
6.749	0.028	0.332
6.749	0.028	0.332
6.749	0.028	0.332
6.749	0.028	0.331
6.749	0.028	0.331
6.750	0.028	0.329
6.750	0.028	0.329
6.750	0.026	0.329
6.750	0.026	0.329
6.750	0.028	0.328
6.750	0.028	0.328
6.750	0.028	0.328
6.750	0.028	0.328
6.750	0.028	0.328
6.750	0.028	0.328
6.751	0.026	0.328
6.751	0.026	0.328
6.751	0.028	0.328
6.751	0.028	0.328
6.751	0.030	0.328
6.751	0.030	0.328
6.751	0.028	0.326
6.751	0.028	0.326
6.751	0.026	0.326
6.751	0.026	0.326
6.752	0.028	0.326
6.752	0.028	0.326
6.752	0.028	0.326
6.752	0.028	0.326
6.752	0.028	0.325
6.752	0.028	0.325
6.752	0.028	0.324
6.752	0.028	0.324
6.752	0.030	0.324
6.752	0.030	0.324
6.753	0.028	0.324
6.753	0.028	0.324
6.753	0.028	0.324
6.753	0.028	0.324
6.753	0.028	0.324
6.753	0.028	0.324
6.753	0.026	0.323
6.753	0.026	0.323
6.753	0.028	0.322
6.753	0.028	0.322
6.754	0.030	0.323
6.754	0.030	0.323
6.754	0.028	0.321
6.754	0.028	0.321
6.754	0.028	0.322
6.754	0.028	0.322
6.754	0.028	0.321
6.754	0.028	0.321
6.754	0.028	0.321
6.754	0.028	0.321
6.755	0.028	0.321
6.755	0.028	0.321
6.755	0.028	0.320
6.755	0.028	0.320
6.755	0.028	0.320
6.755	0.028	0.320
6.755	0.028	0.320
6.755	0.028	0.320
6.755	0.030	0.320
6.755	0.030	0.320
6.756	0.026	0.320
6.756	0.026	0.320
6.756	0.028	0.320
6.756	0.028	0.320
6.756	0.028	0.318
6.756	0.028	0.318
6.756	0.028	0.318
6.756	0.028	0.318
6.756	0.030	0.318
6.756	0.030	0.318
6.757	0.028	0.317
6.757	0.028	0.317
6.757	0.026	0.317
6.757	0.026	0.317
6.757	0.028	0.316
6.757	0.028	0.316
6.757	0.028	0.316
6.757	0.028	0.316
6.757	0.026	0.316
6.757	0.026	0.316
6.758	0.026	0.316
6.758	0.026	0.316
6.758	0.028	0.316
6.758	0.028	0.316
6.758	0.030	0.315
6.758	0.030	0.315
6.758	0.026	0.315
6.758	0.026	0.315
6.758	0.028	0.314
6.758	0.028	0.314
6.759	0.026	0.314
6.759	0.026	0.314
6.759	0.028	0.313
6.759	0.028	0.313
6.759	0.030	0.312
6.759	0.030	0.312
6.759	0.028	0.312
6.759	0.028	0.312
6.759	0.026	0.312
6.759	0.026	0.312
6.760	0.028	0.312
6.760	0.028	0.312
6.760	0.026	0.312
6.760	0.026	0.312
6.760	0.028	0.312
6.760	0.028	0.312
6.760	0.028	0.312
6.760	0.028	0.312
6.760	0.026	0.311
6.760	0.026	0.311
6.761	0.028	0.310
6.761	0.028	0.310
6.761	0.030	0.310
6.761	0.030	0.310
6.761	0.028	0.309
6.761	0.028	0.309
6.761	0.028	0.309
6.761	0.028	0.309
6.761	0.028	0.309
6.761	0.028	0.309
6.762	0.026	0.308
6.762	0.026	0.308
6.762	0.028	0.308
6.762	0.028	0.308
6.762	0.026	0.308
6.762	0.026	0.308
6.762	0.028	0.307
6.762	0.028	0.307
6.762	0.028	0.306
6.762	0.028	0.306
6.763	0.026	0.306
6.763	0.026	0.306
6.763	0.028	0.305
6.763	0.028	0.305
6.763	0.028	0.304
6.763	0.028	0.304
6.763	0.026	0.304
6.763	0.026	0.304
6.763	0.030	0.304
6.763	0.030	0.304
6.764	0.026	0.304
6.764	0.026	0.304
6.764	0.026	0.303
6.764	0.026	0.303
6.764	0.028	0.303
6.764	0.028	0.303
6.764	0.026	0.302
6.764	0.026	0.302
6.764	0.026	0.302
6.764	0.026	0.302
6.765	0.026	0.302
6.765	0.026	0.302
6.765	0.028	0.301
6.765	0.028	0.301
6.765	0.026	0.301
6.765	0.026	0.301
6.765	0.026	0.301
6.765	0.026	0.301
6.765	0.026	0.300
6.765	0.026	0.300
6.766	0.028	0.299
6.766	0.028	0.299
6.766	0.026	0.300
6.766	0.026	0.300
6.766	0.026	0.299
6.766	0.026	0.299
6.766	0.026	0.299
6.766	0.026	0.299
6.766	0.028	0.299
6.766	0.028	0.299
6.767	0.026	0.299
6.767	0.026	0.299
6.767	0.028	0.298
6.767	0.028	0.298
6.767	0.028	0.297
6.767	0.028	0.297
6.767	0.026	0.297
6.767	0.026	0.297
6.767	0.026	0.297
6.767	0.026	0.297
6.768	0.026	0.297
6.768	0.026	0.297
6.768	0.026	0.297
6.768	0.026	0.297
6.768	0.028	0.296
6.768	0.028	0.296
6.768	0.030	0.296
6.768	0.030	0.296
6.768	0.028	0.296
6.768	0.028	0.296
6.769	0.026	0.296
6.769	0.026	0.296
6.769	0.026	0.296
6.769	0.026	0.296
6.769	0.026	0.296
6.769	0.026	0.296
6.769	0.026	0.294
6.769	0.026	0.294
6.769	0.026	0.294
6.769	0.026	0.294
6.770	0.026	0.294
6.770	0.026	0.294
6.770	0.026	0.294
6.770	0.026	0.294
6.770	0.026	0.295
6.770	0.026	0.295
6.770	0.026	0.294
6.770	0.026	0.294
6.770	0.026	0.294
6.770	0.026	0.294
6.771	0.026	0.294
6.771	0.026	0.294
6.771	0.026	0.293
6.771	0.026	0.293
6.771	0.028	0.293
6.771	0.028	0.293
6.771	0.028	0.293
6.771	0.028	0.293
6.771	0.026	0.294
6.771	0.026	0.294
6.772	0.026	0.293
6.772	0.026	0.293
6.772	0.026	0.292
6.772	0.026	0.292
6.772	0.026	0.293
6.772	0.026	0.293
6.772	0.026	0.292
6.772	0.026	0.292
6.772	0.026	0.293
6.772	0.026	0.293
6.773	0.026	0.292
6.773	0.026	0.292
6.773	0.026	0.292
6.773	0.026	0.292
6.773	0.028	0.292
6.773	0.028	0.292
6.773	0.028	0.292
6.773	0.028	0.292
6.773	0.026	0.292
6.773	0.026	0.292
6.774	0.026	0.292
6.774	0.026	0.292
6.774	0.024	0.292
6.774	0.024	0.292
6.774	0.026	0.292
6.774	0.026	0.292
6.774	0.026	0.292
6.774	0.026	0.292
6.774	0.026	0.292
6.774	0.026	0.292
6.775	0.026	0.292
6.775	0.026	0.292
6.775	0.026	0.292
6.775	0.026	0.292
6.775	0.026	0.292
6.775	0.026	0.292
6.775	0.026	0.292
6.775	0.026	0.292
6.775	0.026	0.292
6.775	0.026	0.292
6.776	0.026	0.292
6.776	0.026	0.292
6.776	0.024	0.291
6.776	0.024	0.291
6.776	0.028	0.292
6.776	0.028	0.292
6.776	0.028	0.291
6.776	0.028	0.291
6.776	0.026	0.291
6.776	0.026	0.291
6.777	0.026	0.291
6.777	0.026	0.291
6.777	0.026	0.291
6.777	0.026	0.291
6.777	0.026	0.291
6.777	0.026	0.291
6.777	0.026	0.291
6.777	0.026	0.291
6.777	0.026	0.291
6.777	0.026	0.291
6.778	0.028	0.291
6.778	0.028	0.291
6.778	0.028	0.291
6.778	0.028	0.291
6.778	0.028	0.291
6.778	0.028	0.291
6.778	0.028	0.291
6.778	0.028	0.291
6.778	0.028	0.291
6.778	0.028	0.291
6.779	0.026	0.291
6.779	0.026	0.291
6.779	0.026	0.291
6.779	0.026	0.291
6.779	0.026	0.291
6.779	0.026	0.291
6.779	0.024	0.291
6.779	0.024	0.291
6.779	0.026	0.291
6.779	0.026	0.291
6.780	0.028	0.292
6.780	0.028	0.292
6.780	0.028	0.292
6.780	0.028	0.292
6.780	0.028	0.292
6.780	0.028	0.292
6.780	0.026	0.293
6.780	0.026	0.293
6.780	0.026	0.292
6.780	0.026	0.292
6.781	0.026	0.294
6.781	0.026	0.294
6.781	0.026	0.294
6.781	0.026	0.294
6.781	0.026	0.294
6.781	0.026	0.294
6.781	0.026	0.294
6.781	0.026	0.294
6.781	0.026	0.294
6.781	0.026	0.294
6.782	0.026	0.294
6.782	0.026	0.294
6.782	0.026	0.294
6.782	0.026	0.294
6.782	0.026	0.295
6.782	0.026	0.295
6.782	0.026	0.294
6.782	0.026	0.294
6.782	0.026	0.293
6.782	0.026	0.293
6.783	0.028	0.293
6.783	0.028	0.293
6.783	0.026	0.292
6.783	0.026	0.292
6.783	0.026	0.293
6.783	0.026	0.293
6.783	0.026	0.292
6.783	0.026	0.292
6.783	0.026	0.292
6.783	0.026	0.292
6.784	0.026	0.292
6.784	0.026	0.292
6.784	0.028	0.292
6.784	0.028	0.292
6.784	0.028	0.292
6.784	0.028	0.292
6.784	0.028	0.292
6.784	0.028	0.292
6.784	0.024	0.292
6.784	0.024	0.292
6.785	0.026	0.292
6.785	0.026	0.292
6.785	0.026	0.292
6.785	0.026	0.292
6.785	0.026	0.291
6.785	0.026	0.291
6.785	0.026	0.292
6.785	0.026	0.292
6.785	0.026	0.291
6.785	0.026	0.291
6.786	0.026	0.292
6.786	0.026	0.292
6.786	0.026	0.292
6.786	0.026	0.292
6.786	0.026	0.292
6.786	0.026	0.292
6.786	0.026	0.292
6.786	0.026	0.292
6.786	0.026	0.292
6.786	0.026	0.292
6.787	0.028	0.292
6.787	0.028	0.292
6.787	0.026	0.292
6.787	0.026	0.292
6.787	0.026	0.292
6.787	0.026	0.292
6.787	0.028	0.293
6.787	0.028	0.293
6.787	0.026	0.292
6.787	0.026	0.292
6.788	0.026	0.292
6.788	0.026	0.292
6.788	0.026	0.293
6.788	0.026	0.293
6.788	0.026	0.293
6.788	0.026	0.293
6.788	0.026	0.293
6.788	0.026	0.293
6.788	0.026	0.294
6.788	0.026	0.294
6.789	0.026	0.294
6.789	0.026	0.294
6.789	0.028	0.294
6.789	0.028	0.294
6.789	0.026	0.294
6.789	0.026	0.294
6.789	0.026	0.294
6.789	0.026	0.294
6.789	0.026	0.295
6.789	0.026	0.295
6.790	0.028	0.296
6.790	0.028	0.296
6.790	0.028	0.295
6.790	0.028	0.295
6.790	0.026	0.296
6.790	0.026	0.296
6.790	0.028	0.296
6.790	0.028	0.296
6.790	0.026	0.296
6.790	0.026	0.296
6.791	0.024	0.297
6.791	0.024	0.297
6.791	0.022	0.297
6.791	0.022	0.297
6.791	0.026	0.298
6.791	0.026	0.298
6.791	0.024	0.298
6.791	0.024	0.298
6.791	0.026	0.298
6.791	0.026	0.298
6.792	0.026	0.298
6.792	0.026	0.298
6.792	0.026	0.299
6.792	0.026	0.299
6.792	0.026	0.301
6.792	0.026	0.301
6.792	0.026	0.300
6.792	0.026	0.300
6.792	0.026	0.301
6.792	0.026	0.301
6.793	0.026	0.302
6.793	0.026	0.302
6.793	0.024	0.302
6.793	0.024	0.302
6.793	0.026	0.304
6.793	0.026	0.304
6.793	0.026	0.304
6.793	0.026	0.304
6.793	0.026	0.304
6.793	0.026	0.304
6.794	0.024	0.305
6.794	0.024	0.305
6.794	0.024	0.305
6.794	0.024	0.305
6.794	0.026	0.305
6.794	0.026	0.305
6.794	0.026	0.307
6.794	0.026	0.307
6.794	0.026	0.307
6.794	0.026	0.307
6.795	0.026	0.307
6.795	0.026	0.307
6.795	0.026	0.307
6.795	0.026	0.307
6.795	0.026	0.307
6.795	0.026	0.307
6.795	0.026	0.307
6.795	0.026	0.307
6.795	0.026	0.307
6.795	0.026	0.307
6.796	0.026	0.307
6.796	0.026	0.307
6.796	0.026	0.305
6.796	0.026	0.305
6.796	0.022	0.305
6.796	0.022	0.305
6.796	0.026	0.305
6.796	0.026	0.305
6.796	0.026	0.304
6.796	0.026	0.304
6.797	0.026	0.304
6.797	0.026	0.304
6.797	0.026	0.304
6.797	0.026	0.304
6.797	0.026	0.304
6.797	0.026	0.304
6.797	0.024	0.304
6.797	0.024	0.304
6.797	0.024	0.304
6.797	0.024	0.304
6.798	0.022	0.304
6.798	0.022	0.304
6.798	0.026	0.304
6.798	0.026	0.304
6.798	0.026	0.304
6.798	0.026	0.304
6.798	0.026	0.304
6.798	0.026	0.304
6.798	0.024	0.304
6.798	0.024	0.304
6.799	0.026	0.304
6.799	0.026	0.304
6.799	0.022	0.305
6.799	0.022	0.305
6.799	0.024	0.306
6.799	0.024	0.306
6.799	0.022	0.307
6.799	0.022	0.307
6.799	0.026	0.307
6.799	0.026	0.307
6.800	0.026	0.307
6.800	0.026	0.307
6.800	0.026	0.307
6.800	0.026	0.307
6.800	0.024	0.308
6.800	0.024	0.308
6.800	0.026	0.307
6.800	0.026	0.307
6.800	0.024	0.308
6.800	0.024	0.308
6.801	0.024	0.307
6.801	0.024	0.307
6.801	0.022	0.306
6.801	0.022	0.306
6.801	0.026	0.306
6.801	0.026	0.306
6.801	0.026	0.305
6.801	0.026	0.305
6.801	0.024	0.304
6.801	0.024	0.304
6.802	0.028	0.304
6.802	0.028	0.304
6.802	0.026	0.303
6.802	0.026	0.303
6.802	0.026	0.302
6.802	0.026	0.302
6.802	0.026	0.300
6.802	0.026	0.300
6.802	0.022	0.300
6.802	0.022	0.300
6.803	0.026	0.300
6.803	0.026	0.300
6.803	0.024	0.298
6.803	0.024	0.298
6.803	0.026	0.296
6.803	0.026	0.296
6.803	0.024	0.295
6.803	0.024	0.295
6.803	0.026	0.293
6.803	0.026	0.293
6.804	0.026	0.292
6.804	0.026	0.292
6.804	0.022	0.292
6.804	0.022	0.292
6.804	0.026	0.290
6.804	0.026	0.290
6.804	0.026	0.290
6.804	0.026	0.290
6.804	0.026	0.289
6.804	0.026	0.289
6.805	0.028	0.288
6.805	0.028	0.288
6.805	0.022	0.287
6.805	0.022	0.287
6.805	0.026	0.286
6.805	0.026	0.286
6.805	0.026	0.284
6.805	0.026	0.284
6.805	0.026	0.284
6.805	0.026	0.284
6.806	0.026	0.282
6.806	0.026	0.282
6.806	0.026	0.280
6.806	0.026	0.280
6.806	0.026	0.280
6.806	0.026	0.280
6.806	0.026	0.278
6.806	0.026	0.278
6.806	0.024	0.278
6.806	0.024	0.278
6.807	0.024	0.277
6.807	0.024	0.277
6.807	0.026	0.276
6.807	0.026	0.276
6.807	0.026	0.275
6.807	0.026	0.275
6.807	0.026	0.274
6.807	0.026	0.274
6.807	0.026	0.272
6.807	0.026	0.272
6.808	0.026	0.272
6.808	0.026	0.272
6.808	0.026	0.272
6.808	0.026	0.272
6.808	0.022	0.271
6.808	0.022	0.271
6.808	0.026	0.271
6.808	0.026	0.271
6.808	0.024	0.270
6.808	0.024	0.270
6.809	0.022	0.270
6.809	0.022	0.270
6.809	0.024	0.270
6.809	0.024	0.270
6.809	0.022	0.269
6.809	0.022	0.269
6.809	0.022	0.269
6.809	0.022	0.269
6.809	0.024	0.268
6.809	0.024	0.268
6.810	0.024	0.268
6.810	0.024	0.268
6.810	0.026	0.268
6.810	0.026	0.268
6.810	0.024	0.268
6.810	0.024	0.268
6.810	0.026	0.268
6.810	0.026	0.268
6.810	0.022	0.268
6.810	0.022	0.268
6.811	0.026	0.268
6.811	0.026	0.268
6.811	0.024	0.269
6.811	0.024	0.269
6.811	0.022	0.269
6.811	0.022	0.269
6.811	0.024	0.269
6.811	0.024	0.269
6.811	0.026	0.268
6.811	0.026	0.268
6.812	0.024	0.268
6.812	0.024	0.268
6.812	0.024	0.269
6.812	0.024	0.269
6.812	0.024	0.270
6.812	0.024	0.270
6.812	0.022	0.270
6.812	0.022	0.270
6.812	0.022	0.271
6.812	0.022	0.271
6.813	0.024	0.270
6.813	0.024	0.270
6.813	0.022	0.271
6.813	0.022	0.271
6.813	0.024	0.271
6.813	0.024	0.271
6.813	0.022	0.272
6.813	0.022	0.272
6.813	0.024	0.272
6.813	0.024	0.272
6.814	0.022	0.271
6.814	0.022	0.271
6.814	0.022	0.272
6.814	0.022	0.272
6.814	0.026	0.271
6.814	0.026	0.271
6.814	0.022	0.271
6.814	0.022	0.271
6.814	0.024	0.271
6.814	0.024	0.271
6.815	0.026	0.270
6.815	0.026	0.270
6.815	0.024	0.270
6.815	0.024	0.270
6.815	0.024	0.270
6.815	0.024	0.270
6.815	0.026	0.269
6.815	0.026	0.269
6.815	0.022	0.269
6.815	0.022	0.269
6.816	0.022	0.268
6.816	0.022	0.268
6.816	0.026	0.268
6.816	0.026	0.268
6.816	0.026	0.267
6.816	0.026	0.267
6.816	0.026	0.267
6.816	0.026	0.267
6.816	0.024	0.267
6.816	0.024	0.267
6.817	0.026	0.266
6.817	0.026	0.266
6.817	0.024	0.266
6.817	0.024	0.266
6.817	0.022	0.265
6.817	0.022	0.265
6.817	0.022	0.266
6.817	0.022	0.266
6.817	0.024	0.265
6.817	0.024	0.265
6.818	0.026	0.265
6.818	0.026	0.265
6.818	0.022	0.265
6.818	0.022	0.265
6.818	0.026	0.265
6.818	0.026	0.265
6.818	0.022	0.266
6.818	0.022	0.266
6.818	0.024	0.265
6.818	0.024	0.265
6.819	0.022	0.265
6.819	0.022	0.265
6.819	0.024	0.265
6.819	0.024	0.265
6.819	0.026	0.265
6.819	0.026	0.265
6.819	0.026	0.264
6.819	0.026	0.264
6.819	0.022	0.265
6.819	0.022	0.265
6.820	0.026	0.264
6.820	0.026	0.264
6.820	0.022	0.265
6.820	0.022	0.265
6.820	0.022	0.265
6.820	0.022	0.265
6.820	0.024	0.265
6.820	0.024	0.265
6.820	0.026	0.264
6.820	0.026	0.264
6.821	0.022	0.265
6.821	0.022	0.265
6.821	0.026	0.266
6.821	0.026	0.266
6.821	0.022	0.265
6.821	0.022	0.265
6.821	0.022	0.265
6.821	0.022	0.265
6.821	0.024	0.265
6.821	0.024	0.265
6.822	0.024	0.265
6.822	0.024	0.265
6.822	0.024	0.266
6.822	0.024	0.266
6.822	0.022	0.265
6.822	0.022	0.265
6.822	0.026	0.265
6.822	0.026	0.265
6.822	0.024	0.265
6.822	0.024	0.265
6.823	0.026	0.266
6.823	0.026	0.266
6.823	0.024	0.266
6.823	0.024	0.266
6.823	0.022	0.266
6.823	0.022	0.266
6.823	0.020	0.267
6.823	0.020	0.267
6.823	0.022	0.267
6.823	0.022	0.267
6.824	0.022	0.266
6.824	0.022	0.266
6.824	0.024	0.267
6.824	0.024	0.267
6.824	0.024	0.267
6.824	0.024	0.267
6.824	0.024	0.267
6.824	0.024	0.267
6.824	0.024	0.267
6.824	0.024	0.267
6.825	0.022	0.267
6.825	0.022	0.267
6.825	0.026	0.268
6.825	0.026	0.268
6.825	0.024	0.267
6.825	0.024	0.267
6.825	0.022	0.268
6.825	0.022	0.268
6.825	0.024	0.267
6.825	0.024	0.267
6.826	0.026	0.268
6.826	0.026	0.268
6.826	0.022	0.268
6.826	0.022	0.268
6.826	0.024	0.268
6.826	0.024	0.268
6.826	0.022	0.268
6.826	0.022	0.268
6.826	0.022	0.268
6.826	0.022	0.268
6.827	0.026	0.268
6.827	0.026	0.268
6.827	0.022	0.269
6.827	0.022	0.269
6.827	0.022	0.269
6.827	0.022	0.269
6.827	0.024	0.269
6.827	0.024	0.269
6.827	0.022	0.269
6.827	0.022	0.269
6.828	0.024	0.269
6.828	0.024	0.269
6.828	0.022	0.269
6.828	0.022	0.269
6.828	0.022	0.271
6.828	0.022	0.271
6.828	0.024	0.270
6.828	0.024	0.270
6.828	0.026	0.271
6.828	0.026	0.271
6.829	0.024	0.271
6.829	0.024	0.271
6.829	0.020	0.272
6.829	0.020	0.272
6.829	0.022	0.272
6.829	0.022	0.272
6.829	0.022	0.272
6.829	0.022	0.272
6.829	0.022	0.272
6.829	0.022	0.272
6.830	0.024	0.272
6.830	0.024	0.272
6.830	0.024	0.272
6.830	0.024	0.272
6.830	0.026	0.273
6.830	0.026	0.273
6.830	0.022	0.273
6.830	0.022	0.273
6.830	0.022	0.273
6.830	0.022	0.273
6.831	0.020	0.274
6.831	0.020	0.274
6.831	0.022	0.274
6.831	0.022	0.274
6.831	0.022	0.274
6.831	0.022	0.274
6.831	0.022	0.274
6.831	0.022	0.274
6.831	0.024	0.275
6.831	0.024	0.275
6.832	0.022	0.276
6.832	0.022	0.276
6.832	0.024	0.275
6.832	0.024	0.275
6.832	0.020	0.276
6.832	0.020	0.276
6.832	0.022	0.276
6.832	0.022	0.276
6.832	0.026	0.276
6.832	0.026	0.276
6.833	0.022	0.277
6.833	0.022	0.277
6.833	0.022	0.277
6.833	0.022	0.277
6.833	0.022	0.277
6.833	0.022	0.277
6.833	0.022	0.278
6.833	0.022	0.278
6.833	0.024	0.278
6.833	0.024	0.278
6.834	0.022	0.279
6.834	0.022	0.279
6.834	0.022	0.278
6.834	0.022	0.278
6.834	0.024	0.279
6.834	0.024	0.279
6.834	0.024	0.279
6.834	0.024	0.279
6.834	0.022	0.279
6.834	0.022	0.279
6.835	0.022	0.280
6.835	0.022	0.280
6.835	0.024	0.280
6.835	0.024	0.280
6.835	0.022	0.280
6.835	0.022	0.280
6.835	0.022	0.280
6.835	0.022	0.280
6.835	0.024	0.281
6.835	0.024	0.281
6.836	0.024	0.281
6.836	0.024	0.281
6.836	0.022	0.281
6.836	0.022	0.281
6.836	0.024	0.281
6.836	0.024	0.281
6.836	0.022	0.281
6.836	0.022	0.281
6.836	0.022	0.282
6.836	0.022	0.282
6.837	0.022	0.282
6.837	0.022	0.282
6.837	0.024	0.283
6.837	0.024	0.283
6.837	0.022	0.283
6.837	0.022	0.283
6.837	0.024	0.283
6.837	0.024	0.283
6.837	0.022	0.283
6.837	0.022	0.283
6.838	0.020	0.284
6.838	0.020	0.284
6.838	0.024	0.284
6.838	0.024	0.284
6.838	0.022	0.284
6.838	0.022	0.284
6.838	0.022	0.284
6.838	0.022	0.284
6.838	0.022	0.284
6.838	0.022	0.284
6.839	0.022	0.284
6.839	0.022	0.284
6.839	0.022	0.285
6.839	0.022	0.285
6.839	0.022	0.286
6.839	0.022	0.286
6.839	0.022	0.285
6.839	0.022	0.285
6.839	0.020	0.286
6.839	0.020	0.286
6.840	0.026	0.286
6.840	0.026	0.286
6.840	0.024	0.287
6.840	0.024	0.287
6.840	0.022	0.287
6.840	0.022	0.287
6.840	0.022	0.288
6.840	0.022	0.288
6.840	0.022	0.288
6.840	0.022	0.288
6.841	0.024	0.288
6.841	0.024	0.288
6.841	0.024	0.288
6.841	0.024	0.288
6.841	0.022	0.288
6.841	0.022	0.288
6.841	0.024	0.289
6.841	0.024	0.289
6.841	0.022	0.289
6.841	0.022	0.289
6.842	0.024	0.290
6.842	0.024	0.290
6.842	0.020	0.289
6.842	0.020	0.289
6.842	0.026	0.290
6.842	0.026	0.290
6.842	0.022	0.290
6.842	0.022	0.290
6.842	0.022	0.291
6.842	0.022	0.291
6.843	0.022	0.292
6.843	0.022	0.292
6.843	0.022	0.292
6.843	0.022	0.292
6.843	0.022	0.292
6.843	0.022	0.292
6.843	0.020	0.292
6.843	0.020	0.292
6.843	0.020	0.292
6.843	0.020	0.292
6.844	0.022	0.293
6.844	0.022	0.293
6.844	0.020	0.294
6.844	0.020	0.294
6.844	0.022	0.294
6.844	0.022	0.294
6.844	0.022	0.294
6.844	0.022	0.294
6.844	0.020	0.295
6.844	0.020	0.295
6.845	0.020	0.295
6.845	0.020	0.295
6.845	0.022	0.296
6.845	0.022	0.296
6.845	0.020	0.296
6.845	0.020	0.296
6.845	0.024	0.297
6.845	0.024	0.297
6.845	0.020	0.296
6.845	0.020	0.296
6.846	0.020	0.297
6.846	0.020	0.297
6.846	0.020	0.297
6.846	0.020	0.297
6.846	0.020	0.299
6.846	0.020	0.299
6.846	0.022	0.300
6.846	0.022	0.300
6.846	0.020	0.300
6.846	0.020	0.300
6.847	0.020	0.300
6.847	0.020	0.300
6.847	0.018	0.301
6.847	0.018	0.301
6.847	0.022	0.301
6.847	0.022	0.301
6.847	0.022	0.302
6.847	0.022	0.302
6.847	0.020	0.302
6.847	0.020	0.302
6.848	0.020	0.303
6.848	0.020	0.303
6.848	0.022	0.303
6.848	0.022	0.303
6.848	0.022	0.304
6.848	0.022	0.304
6.848	0.024	0.304
6.848	0.024	0.304
6.848	0.022	0.304
6.848	0.022	0.304
6.849	0.020	0.304
6.849	0.020	0.304
6.849	0.020	0.305
6.849	0.020	0.305
6.849	0.020	0.306
6.849	0.020	0.306
6.849	0.020	0.307
6.849	0.020	0.307
6.849	0.020	0.307
6.849	0.020	0.307
6.850	0.022	0.307
6.850	0.022	0.307
6.850	0.024	0.307
6.850	0.024	0.307
6.850	0.020	0.308
6.850	0.020	0.308
6.850	0.022	0.308
6.850	0.022	0.308
6.850	0.020	0.309
6.850	0.020	0.309
6.851	0.024	0.309
6.851	0.024	0.309
6.851	0.020	0.309
6.851	0.020	0.309
6.851	0.020	0.310
6.851	0.020	0.310
6.851	0.022	0.310
6.851	0.022	0.310
6.851	0.020	0.310
6.851	0.020	0.310
6.852	0.022	0.312
6.852	0.022	0.312
6.852	0.022	0.311
6.852	0.022	0.311
6.852	0.022	0.312
6.852	0.022	0.312
6.852	0.022	0.312
6.852	0.022	0.312
6.852	0.022	0.312
6.852	0.022	0.312
6.853	0.018	0.313
6.853	0.018	0.313
6.853	0.022	0.312
6.853	0.022	0.312
6.853	0.020	0.313
6.853	0.020	0.313
6.853	0.020	0.313
6.853	0.020	0.313
6.853	0.020	0.314
6.853	0.020	0.314
6.854	0.020	0.315
6.854	0.020	0.315
6.854	0.020	0.315
6.854	0.020	0.315
6.854	0.022	0.315
6.854	0.022	0.315
6.854	0.022	0.316
6.854	0.022	0.316
6.854	0.020	0.316
6.854	0.020	0.316
6.855	0.020	0.316
6.855	0.020	0.316
6.855	0.020	0.316
6.855	0.020	0.316
6.855	0.022	0.316
6.855	0.022	0.316
6.855	0.020	0.316
6.855	0.020	0.316
6.855	0.022	0.316
6.855	0.022	0.316
6.856	0.022	0.317
6.856	0.022	0.317
6.856	0.022	0.318
6.856	0.022	0.318
6.856	0.022	0.319
6.856	0.022	0.319
6.856	0.020	0.320
6.856	0.020	0.320
6.856	0.022	0.319
6.856	0.022	0.319
6.857	0.022	0.320
6.857	0.022	0.320
6.857	0.022	0.320
6.857	0.022	0.320
6.857	0.022	0.320
6.857	0.022	0.320
6.857	0.022	0.321
6.857	0.022	0.321
6.857	0.022	0.322
6.857	0.022	0.322
6.858	0.022	0.321
6.858	0.022	0.321
6.858	0.022	0.323
6.858	0.022	0.323
6.858	0.020	0.323
6.858	0.020	0.323
6.858	0.022	0.323
6.858	0.022	0.323
6.858	0.020	0.324
6.858	0.020	0.324
6.859	0.020	0.324
6.859	0.020	0.324
6.859	0.022	0.324
6.859	0.022	0.324
6.859	0.024	0.324
6.859	0.024	0.324
6.859	0.020	0.325
6.859	0.020	0.325
6.859	0.018	0.326
6.859	0.018	0.326
6.860	0.020	0.326
6.860	0.020	0.326
6.860	0.020	0.326
6.860	0.020	0.326
6.860	0.022	0.327
6.860	0.022	0.327
6.860	0.022	0.327
6.860	0.022	0.327
6.860	0.020	0.328
6.860	0.020	0.328
6.861	0.018	0.328
6.861	0.018	0.328
6.861	0.022	0.328
6.861	0.022	0.328
6.861	0.020	0.330
6.861	0.020	0.330
6.861	0.020	0.330
6.861	0.020	0.330
6.861	0.020	0.329
6.861	0.020	0.329
6.862	0.020	0.331
6.862	0.020	0.331
6.862	0.022	0.332
6.862	0.022	0.332
6.862	0.022	0.332
6.862	0.022	0.332
6.862	0.020	0.332
6.862	0.020	0.332
6.862	0.020	0.333
6.862	0.020	0.333
6.863	0.020	0.333
6.863	0.020	0.333
6.863	0.022	0.334
6.863	0.022	0.334
6.863	0.022	0.335
6.863	0.022	0.335
6.863	0.022	0.335
6.863	0.022	0.335
6.863	0.020	0.336
6.863	0.020	0.336
6.864	0.020	0.336
6.864	0.020	0.336
6.864	0.020	0.337
6.864	0.020	0.337
6.864	0.018	0.337
6.864	0.018	0.337
6.864	0.022	0.337
6.864	0.022	0.337
6.864	0.022	0.338
6.864	0.022	0.338
6.865	0.022	0.339
6.865	0.022	0.339
6.865	0.020	0.339
6.865	0.020	0.339
6.865	0.020	0.340
6.865	0.020	0.340
6.865	0.020	0.340
6.865	0.020	0.340
6.865	0.022	0.341
6.865	0.022	0.341
6.866	0.020	0.341
6.866	0.020	0.341
6.866	0.020	0.342
6.866	0.020	0.342
6.866	0.022	0.342
6.866	0.022	0.342
6.866	0.020	0.342
6.866	0.020	0.342
6.866	0.020	0.344
6.866	0.020	0.344
6.867	0.020	0.344
6.867	0.020	0.344
6.867	0.022	0.344
6.867	0.022	0.344
6.867	0.020	0.344
6.867	0.020	0.344
6.867	0.020	0.346
6.867	0.020	0.346
6.867	0.018	0.346
6.867	0.018	0.346
6.868	0.018	0.346
6.868	0.018	0.346
6.868	0.022	0.346
6.868	0.022	0.346
6.868	0.018	0.347
6.868	0.018	0.347
6.868	0.022	0.347
6.868	0.022	0.347
6.868	0.020	0.348
6.868	0.020	0.348
6.869	0.020	0.348
6.869	0.020	0.348
6.869	0.020	0.348
6.869	0.020	0.348
6.869	0.018	0.348
6.869	0.018	0.348
6.869	0.018	0.348
6.869	0.018	0.348
6.869	0.020	0.349
6.869	0.020	0.349
6.870	0.020	0.349
6.870	0.020	0.349
6.870	0.020	0.350
6.870	0.020	0.350
6.870	0.020	0.350
6.870	0.020	0.350
6.870	0.022	0.350
6.870	0.022	0.350
6.870	0.020	0.351
6.870	0.020	0.351
6.871	0.022	0.352
6.871	0.022	0.352
6.871	0.018	0.352
6.871	0.018	0.352
6.871	0.022	0.352
6.871	0.022	0.352
6.871	0.020	0.352
6.871	0.020	0.352
6.871	0.018	0.352
6.871	0.018	0.352
6.872	0.020	0.352
6.872	0.020	0.352
6.872	0.020	0.353
6.872	0.020	0.353
6.872	0.020	0.353
6.872	0.020	0.353
6.872	0.020	0.354
6.872	0.020	0.354
6.872	0.020	0.353
6.872	0.020	0.353
6.873	0.022	0.354
6.873	0.022	0.354
6.873	0.020	0.355
6.873	0.020	0.355
6.873	0.018	0.355
6.873	0.018	0.355
6.873	0.020	0.356
6.873	0.020	0.356
6.873	0.022	0.355
6.873	0.022	0.355
6.874	0.020	0.356
6.874	0.020	0.356
6.874	0.018	0.356
6.874	0.018	0.356
6.874	0.020	0.357
6.874	0.020	0.357
6.874	0.018	0.359
6.874	0.018	0.359
6.874	0.018	0.358
6.874	0.018	0.358
6.875	0.018	0.359
6.875	0.018	0.359
6.875	0.020	0.359
6.875	0.020	0.359
6.875	0.020	0.359
6.875	0.020	0.359
6.875	0.018	0.360
6.875	0.018	0.360
6.875	0.018	0.360
6.875	0.018	0.360
6.876	0.020	0.361
6.876	0.020	0.361
6.876	0.018	0.361
6.876	0.018	0.361
6.876	0.022	0.361
6.876	0.022	0.361
6.876	0.020	0.362
6.876	0.020	0.362
6.876	0.018	0.363
6.876	0.018	0.363
6.877	0.020	0.362
6.877	0.020	0.362
6.877	0.020	0.364
6.877	0.020	0.364
6.877	0.018	0.363
6.877	0.018	0.363
6.877	0.020	0.364
6.877	0.020	0.364
6.877	0.018	0.365
6.877	0.018	0.365
6.878	0.018	0.365
6.878	0.018	0.365
6.878	0.018	0.364
6.878	0.018	0.364
6.878	0.020	0.365
6.878	0.020	0.365
6.878	0.020	0.366
6.878	0.020	0.366
6.878	0.018	0.365
6.878	0.018	0.365
6.879	0.020	0.366
6.879	0.020	0.366
6.879	0.020	0.367
6.879	0.020	0.367
6.879	0.020	0.368
6.879	0.020	0.368
6.879	0.020	0.368
6.879	0.020	0.368
6.879	0.020	0.368
6.879	0.020	0.368
6.880	0.020	0.368
6.880	0.020	0.368
6.880	0.020	0.369
6.880	0.020	0.369
6.880	0.020	0.369
6.880	0.020	0.369
6.880	0.020	0.370
6.880	0.020	0.370
6.880	0.022	0.371
6.880	0.022	0.371
6.881	0.020	0.372
6.881	0.020	0.372
6.881	0.020	0.371
6.881	0.020	0.371
6.881	0.020	0.372
6.881	0.020	0.372
6.881	0.020	0.372
6.881	0.020	0.372
6.881	0.022	0.373
6.881	0.022	0.373
6.882	0.018	0.374
6.882	0.018	0.374
6.882	0.022	0.373
6.882	0.022	0.373
6.882	0.022	0.374
6.882	0.022	0.374
6.882	0.020	0.374
6.882	0.020	0.374
6.882	0.020	0.375
6.882	0.020	0.375
6.883	0.020	0.376
6.883	0.020	0.376
6.883	0.018	0.376
6.883	0.018	0.376
6.883	0.020	0.376
6.883	0.020	0.376
6.883	0.018	0.377
6.883	0.018	0.377
6.883	0.022	0.377
6.883	0.022	0.377
6.884	0.018	0.377
6.884	0.018	0.377
6.884	0.020	0.378
6.884	0.020	0.378
6.884	0.020	0.378
6.884	0.020	0.378
6.884	0.020	0.379
6.884	0.020	0.379
6.884	0.018	0.379
6.884	0.018	0.379
6.885	0.018	0.379
6.885	0.018	0.379
6.885	0.020	0.379
6.885	0.020	0.379
6.885	0.020	0.380
6.885	0.020	0.380
6.885	0.020	0.380
6.885	0.020	0.380
6.885	0.020	0.380
6.885	0.020	0.380
6.886	0.018	0.380
6.886	0.018	0.380
6.886	0.020	0.380
6.886	0.020	0.380
6.886	0.020	0.380
6.886	0.020	0.380
6.886	0.018	0.381
6.886	0.018	0.381
6.886	0.018	0.381
6.886	0.018	0.381
6.887	0.018	0.382
6.887	0.018	0.382
6.887	0.018	0.382
6.887	0.018	0.382
6.887	0.018	0.382
6.887	0.018	0.382
6.887	0.020	0.383
6.887	0.020	0.383
6.887	0.018	0.384
6.887	0.018	0.384
6.888	0.018	0.383
6.888	0.018	0.383
6.888	0.020	0.383
6.888	0.020	0.383
6.888	0.018	0.384
6.888	0.018	0.384
6.888	0.018	0.384
6.888	0.018	0.384
6.888	0.018	0.384
6.888	0.018	0.384
6.889	0.018	0.384
6.889	0.018	0.384
6.889	0.018	0.384
6.889	0.018	0.384
6.889	0.020	0.384
6.889	0.020	0.384
6.889	0.018	0.385
6.889	0.018	0.385
6.889	0.020	0.385
6.889	0.020	0.385
6.890	0.018	0.385
6.890	0.018	0.385
6.890	0.018	0.386
6.890	0.018	0.386
6.890	0.020	0.387
6.890	0.020	0.387
6.890	0.020	0.386
6.890	0.020	0.386
6.890	0.020	0.387
6.890	0.020	0.387
6.891	0.020	0.387
6.891	0.020	0.387
6.891	0.018	0.388
6.891	0.018	0.388
6.891	0.020	0.388
6.891	0.020	0.388
6.891	0.018	0.388
6.891	0.018	0.388
6.891	0.018	0.388
6.891	0.018	0.388
6.892	0.018	0.389
6.892	0.018	0.389
6.892	0.018	0.388
6.892	0.018	0.388
6.892	0.018	0.389
6.892	0.018	0.389
6.892	0.018	0.389
6.892	0.018	0.389
6.892	0.018	0.389
6.892	0.018	0.389
6.893	0.018	0.390
6.893	0.018	0.390
6.893	0.018	0.390
6.893	0.018	0.390
6.893	0.018	0.390
6.893	0.018	0.390
6.893	0.020	0.391
6.893	0.020	0.391
6.893	0.020	0.391
6.893	0.020	0.391
6.894	0.016	0.392
6.894	0.016	0.392
6.894	0.018	0.392
6.894	0.018	0.392
6.894	0.018	0.392
6.894	0.018	0.392
6.894	0.018	0.392
6.894	0.018	0.392
6.894	0.018	0.392
6.894	0.018	0.392
6.895	0.018	0.392
6.895	0.018	0.392
6.895	0.018	0.392
6.895	0.018	0.392
6.895	0.020	0.392
6.895	0.020	0.392
6.895	0.018	0.393
6.895	0.018	0.393
6.895	0.018	0.393
6.895	0.018	0.393
6.896	0.020	0.393
6.896	0.020	0.393
6.896	0.018	0.394
6.896	0.018	0.394
6.896	0.018	0.395
6.896	0.018	0.395
6.896	0.018	0.395
6.896	0.018	0.395
6.896	0.018	0.396
6.896	0.018	0.396
6.897	0.020	0.396
6.897	0.020	0.396
6.897	0.018	0.396
6.897	0.018	0.396
6.897	0.020	0.396
6.897	0.020	0.396
6.897	0.018	0.397
6.897	0.018	0.397
6.897	0.020	0.396
6.897	0.020	0.396
6.898	0.018	0.397
6.898	0.018	0.397
6.898	0.018	0.397
6.898	0.018	0.397
6.898	0.020	0.397
6.898	0.020	0.397
6.898	0.020	0.399
6.898	0.020	0.399
6.898	0.018	0.398
6.898	0.018	0.398
6.899	0.018	0.400
6.899	0.018	0.400
6.899	0.020	0.399
6.899	0.020	0.399
6.899	0.020	0.400
6.899	0.020	0.400
6.899	0.018	0.400
6.899	0.018	0.400
6.899	0.018	0.400
6.899	0.018	0.400
6.900	0.018	0.400
6.900	0.018	0.400
6.900	0.020	0.400
6.900	0.020	0.400
6.900	0.018	0.400
6.900	0.018	0.400
6.900	0.018	0.401
6.900	0.018	0.401
6.900	0.018	0.401
6.900	0.018	0.401
6.901	0.020	0.401
6.901	0.020	0.401
6.901	0.018	0.401
6.901	0.018	0.401
6.901	0.020	0.401
6.901	0.020	0.401
6.901	0.018	0.402
6.901	0.018	0.402
6.901	0.020	0.401
6.901	0.020	0.401
6.902	0.018	0.402
6.902	0.018	0.402
6.902	0.018	0.402
6.902	0.018	0.402
6.902	0.018	0.403
6.902	0.018	0.403
6.902	0.018	0.404
6.902	0.018	0.404
6.902	0.018	0.403
6.902	0.018	0.403
6.903	0.018	0.403
6.903	0.018	0.403
6.903	0.018	0.404
6.903	0.018	0.404
6.903	0.018	0.404
6.903	0.018	0.404
6.903	0.018	0.404
6.903	0.018	0.404
6.903	0.018	0.404
6.903	0.018	0.404
6.904	0.018	0.404
6.904	0.018	0.404
6.904	0.020	0.404
6.904	0.020	0.404
6.904	0.018	0.404
6.904	0.018	0.404
6.904	0.018	0.404
6.904	0.018	0.404
6.904	0.018	0.405
6.904	0.018	0.405
6.905	0.018	0.404
6.905	0.018	0.404
6.905	0.018	0.405
6.905	0.018	0.405
6.905	0.018	0.405
6.905	0.018	0.405
6.905	0.014	0.405
6.905	0.014	0.405
6.905	0.020	0.405
6.905	0.020	0.405
6.906	0.018	0.406
6.906	0.018	0.406
6.906	0.018	0.406
6.906	0.018	0.406
6.906	0.018	0.406
6.906	0.018	0.406
6.906	0.018	0.406
6.906	0.018	0.406
6.906	0.018	0.406
6.906	0.018	0.406
6.907	0.018	0.406
6.907	0.018	0.406
6.907	0.018	0.407
6.907	0.018	0.407
6.907	0.018	0.407
6.907	0.018	0.407
6.907	0.020	0.408
6.907	0.020	0.408
6.907	0.020	0.407
6.907	0.020	0.407
6.908	0.020	0.408
6.908	0.020	0.408
6.908	0.018	0.408
6.908	0.018	0.408
6.908	0.018	0.408
6.908	0.018	0.408
6.908	0.018	0.408
6.908	0.018	0.408
6.908	0.018	0.408
6.908	0.018	0.408
6.909	0.018	0.408
6.909	0.018	0.408
6.909	0.018	0.408
6.909	0.018	0.408
6.909	0.018	0.408
6.909	0.018	0.408
6.909	0.018	0.408
6.909	0.018	0.408
6.909	0.018	0.408
6.909	0.018	0.408
6.910	0.018	0.408
6.910	0.018	0.408
6.910	0.018	0.409
6.910	0.018	0.409
6.910	0.018	0.409
6.910	0.018	0.409
6.910	0.014	0.410
6.910	0.014	0.410
6.910	0.018	0.410
6.910	0.018	0.410
6.911	0.018	0.409
6.911	0.018	0.409
6.911	0.018	0.410
6.911	0.018	0.410
6.911	0.018	0.410
6.911	0.018	0.410
6.911	0.016	0.411
6.911	0.016	0.411
6.911	0.018	0.410
6.911	0.018	0.410
6.912	0.018	0.411
6.912	0.018	0.411
6.912	0.018	0.411
6.912	0.018	0.411
6.912	0.018	0.412
6.912	0.018	0.412
6.912	0.018	0.412
6.912	0.018	0.412
6.912	0.018	0.412
6.912	0.018	0.412
6.913	0.018	0.412
6.913	0.018	0.412
6.913	0.016	0.412
6.913	0.016	0.412
6.913	0.018	0.412
6.913	0.018	0.412
6.913	0.018	0.412
6.913	0.018	0.412
6.913	0.018	0.412
6.913	0.018	0.412
6.914	0.018	0.412
6.914	0.018	0.412
6.914	0.018	0.412
6.914	0.018	0.412
6.914	0.018	0.413
6.914	0.018	0.413
6.914	0.018	0.414
6.914	0.018	0.414
6.914	0.018	0.413
6.914	0.018	0.413
6.915	0.016	0.413
6.915	0.016	0.413
6.915	0.018	0.412
6.915	0.018	0.412
6.915	0.018	0.413
6.915	0.018	0.413
6.915	0.018	0.414
6.915	0.018	0.414
6.915	0.016	0.414
6.915	0.016	0.414
6.916	0.018	0.413
6.916	0.018	0.413
6.916	0.018	0.414
6.916	0.018	0.414
6.916	0.018	0.415
6.916	0.018	0.415
6.916	0.016	0.414
6.916	0.016	0.414
6.916	0.018	0.415
6.916	0.018	0.415
6.917	0.018	0.415
6.917	0.018	0.415
6.917	0.018	0.415
6.917	0.018	0.415
6.917	0.018	0.415
6.917	0.018	0.415
6.917	0.018	0.415
6.917	0.018	0.415
6.917	0.018	0.415
6.917	0.018	0.415
6.918	0.018	0.415
6.918	0.018	0.415
6.918	0.018	0.415
6.918	0.018	0.415
6.918	0.018	0.416
6.918	0.018	0.416
6.918	0.018	0.415
6.918	0.018	0.415
6.918	0.018	0.415
6.918	0.018	0.415
6.919	0.018	0.416
6.919	0.018	0.416
6.919	0.018	0.416
6.919	0.018	0.416
6.919	0.018	0.416
6.919	0.018	0.416
6.919	0.018	0.416
6.919	0.018	0.416
6.919	0.020	0.416
6.919	0.020	0.416
6.920	0.018	0.416
6.920	0.018	0.416
6.920	0.018	0.416
6.920	0.018	0.416
6.920	0.018	0.416
6.920	0.018	0.416
6.920	0.016	0.416
6.920	0.016	0.416
6.920	0.018	0.416
6.920	0.018	0.416
6.921	0.018	0.417
6.921	0.018	0.417
6.921	0.016	0.416
6.921	0.016	0.416
6.921	0.018	0.417
6.921	0.018	0.417
6.921	0.018	0.416
6.921	0.018	0.416
6.921	0.018	0.416
6.921	0.018	0.416
6.922	0.018	0.417
6.922	0.018	0.417
6.922	0.018	0.417
6.922	0.018	0.417
6.922	0.014	0.417
6.922	0.014	0.417
6.922	0.018	0.417
6.922	0.018	0.417
6.922	0.018	0.418
6.922	0.018	0.418
6.923	0.018	0.418
6.923	0.018	0.418
6.923	0.018	0.418
6.923	0.018	0.418
6.923	0.018	0.418
6.923	0.018	0.418
6.923	0.018	0.418
6.923	0.018	0.418
6.923	0.018	0.418
6.923	0.018	0.418
6.924	0.016	0.418
6.924	0.016	0.418
6.924	0.018	0.418
6.924	0.018	0.418
6.924	0.018	0.418
6.924	0.018	0.418
6.924	0.018	0.419
6.924	0.018	0.419
6.924	0.018	0.418
6.924	0.018	0.418
6.925	0.018	0.418
6.925	0.018	0.418
6.925	0.018	0.419
6.925	0.018	0.419
6.925	0.018	0.418
6.925	0.018	0.418
6.925	0.018	0.419
6.925	0.018	0.419
6.925	0.016	0.418
6.925	0.016	0.418
6.926	0.018	0.419
6.926	0.018	0.419
6.926	0.018	0.419
6.926	0.018	0.419
6.926	0.016	0.419
6.926	0.016	0.419
6.926	0.014	0.419
6.926	0.014	0.419
6.926	0.016	0.419
6.926	0.016	0.419
6.927	0.018	0.419
6.927	0.018	0.419
6.927	0.020	0.419
6.927	0.020	0.419
6.927	0.014	0.419
6.927	0.014	0.419
6.927	0.016	0.419
6.927	0.016	0.419
6.927	0.016	0.420
6.927	0.016	0.420
6.928	0.018	0.420
6.928	0.018	0.420
6.928	0.016	0.420
6.928	0.016	0.420
6.928	0.016	0.420
6.928	0.016	0.420
6.928	0.018	0.420
6.928	0.018	0.420
6.928	0.018	0.420
6.928	0.018	0.420
6.929	0.018	0.420
6.929	0.018	0.420
6.929	0.020	0.420
6.929	0.020	0.420
6.929	0.018	0.420
6.929	0.018	0.420
6.929	0.018	0.420
6.929	0.018	0.420
6.929	0.018	0.420
6.929	0.018	0.420
6.930	0.018	0.420
6.930	0.018	0.420
6.930	0.018	0.420
6.930	0.018	0.420
6.930	0.018	0.420
6.930	0.018	0.420
6.930	0.014	0.421
6.930	0.014	0.421
6.930	0.018	0.420
6.930	0.018	0.420
6.931	0.018	0.421
6.931	0.018	0.421
6.931	0.018	0.420
6.931	0.018	0.420
6.931	0.018	0.420
6.931	0.018	0.420
6.931	0.016	0.421
6.931	0.016	0.421
6.931	0.016	0.421
6.931	0.016	0.421
6.932	0.018	0.420
6.932	0.018	0.420
6.932	0.018	0.421
6.932	0.018	0.421
6.932	0.014	0.421
6.932	0.014	0.421
6.932	0.018	0.421
6.932	0.018	0.421
6.932	0.014	0.421
6.932	0.014	0.421
6.933	0.018	0.422
6.933	0.018	0.422
6.933	0.014	0.421
6.933	0.014	0.421
6.933	0.018	0.422
6.933	0.018	0.422
6.933	0.016	0.421
6.933	0.016	0.421
6.933	0.016	0.422
6.933	0.016	0.422
6.934	0.014	0.421
6.934	0.014	0.421
6.934	0.018	0.422
6.934	0.018	0.422
6.934	0.016	0.421
6.934	0.016	0.421
6.934	0.018	0.422
6.934	0.018	0.422
6.934	0.018	0.422
6.934	0.018	0.422
6.935	0.018	0.422
6.935	0.018	0.422
6.935	0.014	0.422
6.935	0.014	0.422
6.935	0.014	0.422
6.935	0.014	0.422
6.935	0.014	0.422
6.935	0.014	0.422
6.935	0.018	0.422
6.935	0.018	0.422
6.936	0.016	0.422
6.936	0.016	0.422
6.936	0.014	0.422
6.936	0.014	0.422
6.936	0.016	0.422
6.936	0.016	0.422
6.936	0.014	0.423
6.936	0.014	0.423
6.936	0.018	0.423
6.936	0.018	0.423
6.937	0.018	0.423
6.937	0.018	0.423
6.937	0.018	0.423
6.937	0.018	0.423
6.937	0.016	0.422
6.937	0.016	0.422
6.937	0.014	0.422
6.937	0.014	0.422
6.937	0.016	0.423
6.937	0.016	0.423
6.938	0.014	0.422
6.938	0.014	0.422
6.938	0.018	0.423
6.938	0.018	0.423
6.938	0.018	0.422
6.938	0.018	0.422
6.938	0.016	0.423
6.938	0.016	0.423
6.938	0.018	0.422
6.938	0.018	0.422
6.939	0.014	0.423
6.939	0.014	0.423
6.939	0.016	0.423
6.939	0.016	0.423
6.939	0.016	0.423
6.939	0.016	0.423
6.939	0.014	0.423
6.939	0.014	0.423
6.939	0.018	0.423
6.939	0.018	0.423
6.940	0.014	0.423
6.940	0.014	0.423
6.940	0.018	0.423
6.940	0.018	0.423
6.940	0.018	0.422
6.940	0.018	0.422
6.940	0.018	0.423
6.940	0.018	0.423
6.940	0.016	0.423
6.940	0.016	0.423
6.941	0.014	0.423
6.941	0.014	0.423
6.941	0.018	0.424
6.941	0.018	0.424
6.941	0.016	0.424
6.941	0.016	0.424
6.941	0.016	0.423
6.941	0.016	0.423
6.941	0.018	0.424
6.941	0.018	0.424
6.942	0.014	0.424
6.942	0.014	0.424
6.942	0.014	0.423
6.942	0.014	0.423
6.942	0.016	0.424
6.942	0.016	0.424
6.942	0.016	0.424
6.942	0.016	0.424
6.942	0.018	0.423
6.942	0.018	0.423
6.943	0.016	0.424
6.943	0.016	0.424
6.943	0.016	0.424
6.943	0.016	0.424
6.943	0.018	0.424
6.943	0.018	0.424
6.943	0.014	0.424
6.943	0.014	0.424
6.943	0.018	0.424
6.943	0.018	0.424
6.944	0.016	0.423
6.944	0.016	0.423
6.944	0.014	0.424
6.944	0.014	0.424
6.944	0.014	0.424
6.944	0.014	0.424
6.944	0.016	0.424
6.944	0.016	0.424
6.944	0.012	0.424
6.944	0.012	0.424
6.945	0.014	0.424
6.945	0.014	0.424
6.945	0.016	0.424
6.945	0.016	0.424
6.945	0.016	0.424
6.945	0.016	0.424
6.945	0.014	0.424
6.945	0.014	0.424
6.945	0.014	0.424
6.945	0.014	0.424
6.946	0.016	0.424
6.946	0.016	0.424
6.946	0.014	0.424
6.946	0.014	0.424
6.946	0.014	0.424
6.946	0.014	0.424
6.946	0.014	0.424
6.946	0.014	0.424
6.946	0.014	0.424
6.946	0.014	0.424
6.947	0.016	0.424
6.947	0.016	0.424
6.947	0.014	0.424
6.947	0.014	0.424
6.947	0.016	0.424
6.947	0.016	0.424
6.947	0.014	0.424
6.947	0.014	0.424
6.947	0.014	0.424
6.947	0.014	0.424
6.948	0.014	0.424
6.948	0.014	0.424
6.948	0.014	0.424
6.948	0.014	0.424
6.948	0.016	0.424
6.948	0.016	0.424
6.948	0.018	0.424
6.948	0.018	0.424
6.948	0.018	0.424
6.948	0.018	0.424
6.949	0.018	0.424
6.949	0.018	0.424
6.949	0.018	0.425
6.949	0.018	0.425
6.949	0.014	0.425
6.949	0.014	0.425
6.949	0.016	0.425
6.949	0.016	0.425
6.949	0.014	0.424
6.949	0.014	0.424
6.950	0.014	0.424
6.950	0.014	0.424
6.950	0.014	0.425
6.950	0.014	0.425
6.950	0.014	0.425
6.950	0.014	0.425
6.950	0.014	0.425
6.950	0.014	0.425
6.950	0.016	0.425
6.950	0.016	0.425
6.951	0.016	0.424
6.951	0.016	0.424
6.951	0.014	0.425
6.951	0.014	0.425
6.951	0.016	0.425
6.951	0.016	0.425
6.951	0.016	0.425
6.951	0.016	0.425
6.951	0.014	0.425
6.951	0.014	0.425
6.952	0.014	0.425
6.952	0.014	0.425
6.952	0.014	0.424
6.952	0.014	0.424
6.952	0.014	0.424
6.952	0.014	0.424
6.952	0.016	0.425
6.952	0.016	0.425
6.952	0.018	0.424
6.952	0.018	0.424
6.953	0.016	0.425
6.953	0.016	0.425
6.953	0.014	0.425
6.953	0.014	0.425
6.953	0.014	0.425
6.953	0.014	0.425
6.953	0.014	0.424
6.953	0.014	0.424
6.953	0.014	0.425
6.953	0.014	0.425
6.954	0.014	0.425
6.954	0.014	0.425
6.954	0.018	0.425
6.954	0.018	0.425
6.954	0.016	0.425
6.954	0.016	0.425
6.954	0.016	0.425
6.954	0.016	0.425
6.954	0.016	0.425
6.954	0.016	0.425
6.955	0.018	0.425
6.955	0.018	0.425
6.955	0.014	0.425
6.955	0.014	0.425
6.955	0.014	0.425
6.955	0.014	0.425
6.955	0.014	0.425
6.955	0.014	0.425
6.955	0.014	0.425
6.955	0.014	0.425
6.956	0.018	0.425
6.956	0.018	0.425
6.956	0.014	0.425
6.956	0.014	0.425
6.956	0.014	0.425
6.956	0.014	0.425
6.956	0.012	0.425
6.956	0.012	0.425
6.956	0.014	0.425
6.956	0.014	0.425
6.957	0.014	0.425
6.957	0.014	0.425
6.957	0.014	0.425
6.957	0.014	0.425
6.957	0.016	0.425
6.957	0.016	0.425
6.957	0.012	0.425
6.957	0.012	0.425
6.957	0.016	0.426
6.957	0.016	0.426
6.958	0.014	0.425
6.958	0.014	0.425
6.958	0.014	0.425
6.958	0.014	0.425
6.958	0.014	0.425
6.958	0.014	0.425
6.958	0.014	0.425
6.958	0.014	0.425
6.958	0.014	0.425
6.958	0.014	0.425
6.959	0.014	0.425
6.959	0.014	0.425
6.959	0.014	0.425
6.959	0.014	0.425
6.959	0.012	0.426
6.959	0.012	0.426
6.959	0.014	0.425
6.959	0.014	0.425
6.959	0.014	0.425
6.959	0.014	0.425
6.960	0.014	0.426
6.960	0.014	0.426
6.960	0.012	0.425
6.960	0.012	0.425
6.960	0.014	0.425
6.960	0.014	0.425
6.960	0.014	0.426
6.960	0.014	0.426
6.960	0.016	0.425
6.960	0.016	0.425
6.961	0.014	0.426
6.961	0.014	0.426
6.961	0.014	0.425
6.961	0.014	0.425
6.961	0.016	0.425
6.961	0.016	0.425
6.961	0.014	0.425
6.961	0.014	0.425
6.961	0.014	0.425
6.961	0.014	0.425
6.962	0.016	0.425
6.962	0.016	0.425
6.962	0.014	0.425
6.962	0.014	0.425
6.962	0.014	0.426
6.962	0.014	0.426
6.962	0.016	0.426
6.962	0.016	0.426
6.962	0.016	0.425
6.962	0.016	0.425
6.963	0.012	0.426
6.963	0.012	0.426
6.963	0.014	0.425
6.963	0.014	0.425
6.963	0.014	0.425
6.963	0.014	0.425
6.963	0.012	0.426
6.963	0.012	0.426
6.963	0.018	0.425
6.963	0.018	0.425
6.964	0.016	0.426
6.964	0.016	0.426
6.964	0.016	0.425
6.964	0.016	0.425
6.964	0.014	0.426
6.964	0.014	0.426
6.964	0.014	0.426
6.964	0.014	0.426
6.964	0.014	0.425
6.964	0.014	0.425
6.965	0.014	0.426
6.965	0.014	0.426
6.965	0.014	0.426
6.965	0.014	0.426
6.965	0.012	0.426
6.965	0.012	0.426
6.965	0.014	0.426
6.965	0.014	0.426
6.965	0.018	0.425
6.965	0.018	0.425
6.966	0.018	0.425
6.966	0.018	0.425
6.966	0.014	0.425
6.966	0.014	0.425
6.966	0.014	0.426
6.966	0.014	0.426
6.966	0.010	0.426
6.966	0.010	0.426
6.966	0.014	0.426
6.966	0.014	0.426
6.967	0.014	0.426
6.967	0.014	0.426
6.967	0.014	0.425
6.967	0.014	0.425
6.967	0.014	0.426
6.967	0.014	0.426
6.967	0.014	0.426
6.967	0.014	0.426
6.967	0.016	0.426
6.967	0.016	0.426
6.968	0.012	0.426
6.968	0.012	0.426
6.968	0.016	0.425
6.968	0.016	0.425
6.968	0.014	0.426
6.968	0.014	0.426
6.968	0.014	0.426
6.968	0.014	0.426
6.968	0.014	0.427
6.968	0.014	0.427
6.969	0.014	0.426
6.969	0.014	0.426
6.969	0.012	0.426
6.969	0.012	0.426
6.969	0.012	0.426
6.969	0.012	0.426
6.969	0.012	0.426
6.969	0.012	0.426
6.969	0.012	0.426
6.969	0.012	0.426
6.970	0.014	0.426
6.970	0.014	0.426
6.970	0.012	0.426
6.970	0.012	0.426
6.970	0.016	0.426
6.970	0.016	0.426
6.970	0.012	0.426
6.970	0.012	0.426
6.970	0.016	0.426
6.970	0.016	0.426
6.971	0.012	0.426
6.971	0.012	0.426
6.971	0.014	0.426
6.971	0.014	0.426
6.971	0.012	0.426
6.971	0.012	0.426
6.971	0.014	0.426
6.971	0.014	0.426
6.971	0.012	0.426
6.971	0.012	0.426
6.972	0.014	0.426
6.972	0.014	0.426
6.972	0.012	0.426
6.972	0.012	0.426
6.972	0.010	0.426
6.972	0.010	0.426
6.972	0.016	0.426
6.972	0.016	0.426
6.972	0.016	0.426
6.972	0.016	0.426
6.973	0.014	0.426
6.973	0.014	0.426
6.973	0.014	0.426
6.973	0.014	0.426
6.973	0.012	0.426
6.973	0.012	0.426
6.973	0.012	0.426
6.973	0.012	0.426
6.973	0.012	0.427
6.973	0.012	0.427
6.974	0.014	0.426
6.974	0.014	0.426
6.974	0.012	0.426
6.974	0.012	0.426
6.974	0.010	0.427
6.974	0.010	0.427
6.974	0.012	0.426
6.974	0.012	0.426
6.974	0.012	0.425
6.974	0.012	0.425
6.975	0.014	0.426
6.975	0.014	0.426
6.975	0.012	0.426
6.975	0.012	0.426
6.975	0.014	0.426
6.975	0.014	0.426
6.975	0.014	0.426
6.975	0.014	0.426
6.975	0.014	0.426
6.975	0.014	0.426
6.976	0.012	0.426
6.976	0.012	0.426
6.976	0.012	0.426
6.976	0.012	0.426
6.976	0.012	0.426
6.976	0.012	0.426
6.976	0.012	0.426
6.976	0.012	0.426
6.976	0.014	0.426
6.976	0.014	0.426
6.977	0.012	0.426
6.977	0.012	0.426
6.977	0.012	0.426
6.977	0.012	0.426
6.977	0.014	0.426
6.977	0.014	0.426
6.977	0.014	0.426
6.977	0.014	0.426
6.977	0.012	0.426
6.977	0.012	0.426
6.978	0.012	0.426
6.978	0.012	0.426
6.978	0.014	0.426
6.978	0.014	0.426
6.978	0.012	0.425
6.978	0.012	0.425
6.978	0.012	0.426
6.978	0.012	0.426
6.978	0.012	0.426
6.978	0.012	0.426
6.979	0.012	0.426
6.979	0.012	0.426
6.979	0.014	0.426
6.979	0.014	0.426
6.979	0.014	0.427
6.979	0.014	0.427
6.979	0.016	0.425
6.979	0.016	0.425
6.979	0.012	0.426
6.979	0.012	0.426
6.980	0.014	0.426
6.980	0.014	0.426
6.980	0.014	0.426
6.980	0.014	0.426
6.980	0.012	0.426
6.980	0.012	0.426
6.980	0.014	0.426
6.980	0.014	0.426
6.980	0.014	0.425
6.980	0.014	0.425
6.981	0.014	0.426
6.981	0.014	0.426
6.981	0.016	0.426
6.981	0.016	0.426
6.981	0.014	0.426
6.981	0.014	0.426
6.981	0.012	0.426
6.981	0.012	0.426
6.981	0.012	0.426
6.981	0.012	0.426
6.982	0.012	0.426
6.982	0.012	0.426
6.982	0.014	0.426
6.982	0.014	0.426
6.982	0.012	0.426
6.982	0.012	0.426
6.982	0.014	0.426
6.982	0.014	0.426
6.982	0.014	0.426
6.982	0.014	0.426
6.983	0.014	0.425
6.983	0.014	0.425
6.983	0.012	0.426
6.983	0.012	0.426
6.983	0.010	0.426
6.983	0.010	0.426
6.983	0.014	0.426
6.983	0.014	0.426
6.983	0.010	0.426
6.983	0.010	0.426
6.984	0.012	0.425
6.984	0.012	0.425
6.984	0.012	0.426
6.984	0.012	0.426
6.984	0.014	0.425
6.984	0.014	0.425
6.984	0.012	0.426
6.984	0.012	0.426
6.984	0.014	0.425
6.984	0.014	0.425
6.985	0.014	0.426
6.985	0.014	0.426
6.985	0.012	0.425
6.985	0.012	0.425
6.985	0.012	0.426
6.985	0.012	0.426
6.985	0.012	0.426
6.985	0.012	0.426
6.985	0.012	0.425
6.985	0.012	0.425
6.986	0.014	0.425
6.986	0.014	0.425
6.986	0.012	0.425
6.986	0.012	0.425
6.986	0.012	0.426
6.986	0.012	0.426
6.986	0.012	0.425
6.986	0.012	0.425
6.986	0.010	0.425
6.986	0.010	0.425
6.987	0.012	0.426
6.987	0.012	0.426
6.987	0.012	0.426
6.987	0.012	0.426
6.987	0.010	0.426
6.987	0.010	0.426
6.987	0.012	0.426
6.987	0.012	0.426
6.987	0.012	0.426
6.987	0.012	0.426
6.988	0.012	0.426
6.988	0.012	0.426
6.988	0.010	0.426
6.988	0.010	0.426
6.988	0.012	0.426
6.988	0.012	0.426
6.988	0.012	0.426
6.988	0.012	0.426
6.988	0.012	0.425
6.988	0.012	0.425
6.989	0.014	0.426
6.989	0.014	0.426
6.989	0.012	0.426
6.989	0.012	0.426
6.989	0.012	0.425
6.989	0.012	0.425
6.989	0.016	0.426
6.989	0.016	0.426
6.989	0.012	0.426
6.989	0.012	0.426
6.990	0.010	0.426
6.990	0.010	0.426
6.990	0.012	0.425
6.990	0.012	0.425
6.990	0.012	0.426
6.990	0.012	0.426
6.990	0.012	0.426
6.990	0.012	0.426
6.990	0.012	0.426
6.990	0.012	0.426
6.991	0.012	0.426
6.991	0.012	0.426
6.991	0.012	0.426
6.991	0.012	0.426
6.991	0.014	0.425
6.991	0.014	0.425
6.991	0.014	0.426
6.991	0.014	0.426
6.991	0.012	0.425
6.991	0.012	0.425
6.992	0.012	0.425
6.992	0.012	0.425
6.992	0.012	0.425
6.992	0.012	0.425
6.992	0.012	0.425
6.992	0.012	0.425
6.992	0.014	0.425
6.992	0.014	0.425
6.992	0.016	0.425
6.992	0.016	0.425
6.993	0.014	0.425
6.993	0.014	0.425
6.993	0.014	0.425
6.993	0.014	0.425
6.993	0.012	0.425
6.993	0.012	0.425
6.993	0.012	0.425
6.993	0.012	0.425
6.993	0.014	0.425
6.993	0.014	0.425
6.994	0.012	0.425
6.994	0.012	0.425
6.994	0.014	0.425
6.994	0.014	0.425
6.994	0.012	0.425
6.994	0.012	0.425
6.994	0.012	0.425
6.994	0.012	0.425
6.994	0.012	0.425
6.994	0.012	0.425
6.995	0.010	0.425
6.995	0.010	0.425
6.995	0.012	0.425
6.995	0.012	0.425
6.995	0.012	0.425
6.995	0.012	0.425
6.995	0.012	0.425
6.995	0.012	0.425
6.995	0.012	0.426
6.995	0.012	0.426
6.996	0.010	0.425
6.996	0.010	0.425
6.996	0.012	0.425
6.996	0.012	0.425
6.996	0.012	0.425
