7.185	-0.002	0.359
7.185	-0.002	0.359
7.185	-0.002	0.359
7.185	-0.002	0.358
7.185	-0.002	0.358
7.186	-0.004	0.358
7.186	-0.004	0.358
7.186	-0.002	0.358
7.186	-0.002	0.358
7.186	-0.002	0.359
7.186	-0.002	0.359
7.186	0.000	0.358
7.186	0.000	0.358
7.186	-0.002	0.359
7.186	-0.002	0.359
7.187	-0.002	0.358
7.187	-0.002	0.358
7.187	-0.002	0.359
7.187	-0.002	0.359
7.187	-0.002	0.359
7.187	-0.002	0.359
7.187	-0.002	0.358
7.187	-0.002	0.358
7.187	-0.002	0.358
7.187	-0.002	0.358
7.188	-0.004	0.358
7.188	-0.004	0.358
7.188	-0.002	0.358
7.188	-0.002	0.358
7.188	-0.004	0.358
7.188	-0.004	0.358
7.188	-0.002	0.358
7.188	-0.002	0.358
7.188	-0.004	0.358
7.188	-0.004	0.358
7.189	0.000	0.358
7.189	0.000	0.358
7.189	-0.002	0.359
7.189	-0.002	0.359
7.189	-0.002	0.358
7.189	-0.002	0.358
7.189	-0.002	0.358
7.189	-0.002	0.358
7.189	-0.004	0.358
7.189	-0.004	0.358
7.190	-0.002	0.358
7.190	-0.002	0.358
7.190	-0.002	0.358
7.190	-0.002	0.358
7.190	-0.004	0.358
7.190	-0.004	0.358
7.190	-0.002	0.358
7.190	-0.002	0.358
7.190	-0.004	0.358
7.190	-0.004	0.358
7.191	-0.002	0.358
7.191	-0.002	0.358
7.191	-0.004	0.358
7.191	-0.004	0.358
7.191	0.000	0.358
7.191	0.000	0.358
7.191	-0.002	0.358
7.191	-0.002	0.358
7.191	0.002	0.358
7.191	0.002	0.358
7.192	-0.002	0.358
7.192	-0.002	0.358
7.192	-0.002	0.358
7.192	-0.002	0.358
7.192	-0.002	0.358
7.192	-0.002	0.358
7.192	-0.004	0.358
7.192	-0.004	0.358
7.192	-0.002	0.358
7.192	-0.002	0.358
7.193	-0.002	0.358
7.193	-0.002	0.358
7.193	-0.002	0.358
7.193	-0.002	0.358
7.193	-0.002	0.358
7.193	-0.002	0.358
7.193	-0.002	0.357
7.193	-0.002	0.357
7.193	-0.002	0.358
7.193	-0.002	0.358
7.194	-0.002	0.358
7.194	-0.002	0.358
7.194	-0.002	0.358
7.194	-0.002	0.358
7.194	-0.002	0.358
7.194	-0.002	0.358
7.194	0.000	0.358
7.194	0.000	0.358
7.194	-0.002	0.358
7.194	-0.002	0.358
7.195	-0.002	0.357
7.195	-0.002	0.357
7.195	0.000	0.358
7.195	0.000	0.358
7.195	-0.004	0.358
7.195	-0.004	0.358
7.195	-0.002	0.358
7.195	-0.002	0.358
7.195	-0.002	0.358
7.195	-0.002	0.358
7.196	-0.002	0.358
7.196	-0.002	0.358
7.196	-0.002	0.358
7.196	-0.002	0.358
7.196	-0.002	0.358
7.196	-0.002	0.358
7.196	-0.002	0.358
7.196	-0.002	0.358
7.196	-0.002	0.358
7.196	-0.002	0.358
7.197	-0.002	0.357
7.197	-0.002	0.357
7.197	-0.002	0.358
7.197	-0.002	0.358
7.197	-0.002	0.358
7.197	-0.002	0.358
7.197	-0.002	0.358
7.197	-0.002	0.358
7.197	-0.002	0.358
7.197	-0.002	0.358
7.198	-0.002	0.358
7.198	-0.002	0.358
7.198	-0.002	0.358
7.198	-0.002	0.358
7.198	-0.002	0.358
7.198	-0.002	0.358
7.198	-0.004	0.358
7.198	-0.004	0.358
7.198	-0.002	0.358
7.198	-0.002	0.358
7.199	0.002	0.358
7.199	0.002	0.358
7.199	0.000	0.357
7.199	0.000	0.357
7.199	-0.002	0.358
7.199	-0.002	0.358
7.199	-0.002	0.358
7.199	-0.002	0.358
7.199	-0.002	0.358
7.199	-0.002	0.358
7.200	-0.002	0.358
7.200	-0.002	0.358
7.200	-0.004	0.358
7.200	-0.004	0.358
7.200	-0.002	0.358
7.200	-0.002	0.358
7.200	-0.002	0.358
7.200	-0.002	0.358
7.200	-0.004	0.358
7.200	-0.004	0.358
7.201	0.000	0.358
7.201	0.000	0.358
7.201	0.000	0.358
7.201	0.000	0.358
7.201	-0.004	0.358
7.201	-0.004	0.358
7.201	-0.002	0.358
7.201	-0.002	0.358
7.201	-0.002	0.357
7.201	-0.002	0.357
7.202	-0.002	0.358
7.202	-0.002	0.358
7.202	-0.004	0.358
7.202	-0.004	0.358
7.202	0.000	0.358
7.202	0.000	0.358
7.202	-0.004	0.358
7.202	-0.004	0.358
7.202	-0.002	0.358
7.202	-0.002	0.358
7.203	-0.002	0.357
7.203	-0.002	0.357
7.203	-0.004	0.358
7.203	-0.004	0.358
7.203	-0.002	0.358
7.203	-0.002	0.358
7.203	-0.002	0.358
7.203	-0.002	0.358
7.203	-0.004	0.358
7.203	-0.004	0.358
7.204	-0.002	0.358
7.204	-0.002	0.358
7.204	-0.002	0.358
7.204	-0.002	0.358
7.204	-0.002	0.357
7.204	-0.002	0.357
7.204	-0.002	0.358
7.204	-0.002	0.358
7.204	-0.004	0.358
7.204	-0.004	0.358
7.205	-0.002	0.358
7.205	-0.002	0.358
7.205	-0.002	0.358
7.205	-0.002	0.358
7.205	-0.002	0.358
7.205	-0.002	0.358
7.205	-0.002	0.357
7.205	-0.002	0.357
7.205	-0.004	0.357
7.205	-0.004	0.357
7.206	-0.002	0.358
7.206	-0.002	0.358
7.206	-0.004	0.357
7.206	-0.004	0.357
7.206	0.000	0.357
7.206	0.000	0.357
7.206	-0.002	0.357
7.206	-0.002	0.357
7.206	-0.004	0.357
7.206	-0.004	0.357
7.207	-0.004	0.358
7.207	-0.004	0.358
7.207	-0.004	0.358
7.207	-0.004	0.358
7.207	-0.004	0.357
7.207	-0.004	0.357
7.207	-0.002	0.357
7.207	-0.002	0.357
7.207	-0.002	0.357
7.207	-0.002	0.357
7.208	-0.002	0.357
7.208	-0.002	0.357
7.208	-0.002	0.357
7.208	-0.002	0.357
7.208	-0.004	0.357
7.208	-0.004	0.357
7.208	-0.004	0.358
7.208	-0.004	0.358
7.208	-0.002	0.357
7.208	-0.002	0.357
7.209	-0.002	0.357
7.209	-0.002	0.357
7.209	-0.002	0.358
7.209	-0.002	0.358
7.209	-0.002	0.358
7.209	-0.002	0.358
7.209	-0.002	0.357
7.209	-0.002	0.357
7.209	-0.004	0.357
7.209	-0.004	0.357
7.210	-0.004	0.358
7.210	-0.004	0.358
7.210	-0.004	0.358
7.210	-0.004	0.358
7.210	-0.002	0.358
7.210	-0.002	0.358
7.210	-0.002	0.357
7.210	-0.002	0.357
7.210	-0.004	0.358
7.210	-0.004	0.358
7.211	-0.004	0.357
7.211	-0.004	0.357
7.211	0.002	0.358
7.211	0.002	0.358
7.211	-0.002	0.357
7.211	-0.002	0.357
7.211	-0.004	0.357
7.211	-0.004	0.357
7.211	-0.002	0.357
7.211	-0.002	0.357
7.212	-0.002	0.357
7.212	-0.002	0.357
7.212	-0.004	0.357
7.212	-0.004	0.357
7.212	-0.004	0.358
7.212	-0.004	0.358
7.212	-0.002	0.357
7.212	-0.002	0.357
7.212	-0.002	0.358
7.212	-0.002	0.358
7.213	-0.002	0.357
7.213	-0.002	0.357
7.213	-0.002	0.358
7.213	-0.002	0.358
7.213	0.000	0.358
7.213	0.000	0.358
7.213	-0.002	0.357
7.213	-0.002	0.357
7.213	-0.004	0.357
7.213	-0.004	0.357
7.214	-0.004	0.358
7.214	-0.004	0.358
7.214	-0.002	0.358
7.214	-0.002	0.358
7.214	-0.002	0.357
7.214	-0.002	0.357
7.214	-0.004	0.357
7.214	-0.004	0.357
7.214	-0.002	0.357
7.214	-0.002	0.357
7.215	-0.006	0.357
7.215	-0.006	0.357
7.215	0.000	0.358
7.215	0.000	0.358
7.215	-0.004	0.357
7.215	-0.004	0.357
7.215	-0.004	0.358
7.215	-0.004	0.358
7.215	-0.004	0.357
7.215	-0.004	0.357
7.216	-0.004	0.358
7.216	-0.004	0.358
7.216	-0.002	0.357
7.216	-0.002	0.357
7.216	-0.004	0.357
7.216	-0.004	0.357
7.216	-0.004	0.358
7.216	-0.004	0.358
7.216	-0.002	0.357
7.216	-0.002	0.357
7.217	-0.002	0.357
7.217	-0.002	0.357
7.217	-0.002	0.357
7.217	-0.002	0.357
7.217	-0.002	0.358
7.217	-0.002	0.358
7.217	-0.002	0.358
7.217	-0.002	0.358
7.217	-0.004	0.357
7.217	-0.004	0.357
7.218	-0.004	0.357
7.218	-0.004	0.357
7.218	-0.004	0.357
7.218	-0.004	0.357
7.218	-0.002	0.357
7.218	-0.002	0.357
7.218	-0.004	0.357
7.218	-0.004	0.357
7.218	-0.002	0.357
7.218	-0.002	0.357
7.219	-0.004	0.357
7.219	-0.004	0.357
7.219	-0.002	0.357
7.219	-0.002	0.357
7.219	-0.002	0.358
7.219	-0.002	0.358
7.219	-0.002	0.357
7.219	-0.002	0.357
7.219	-0.004	0.357
7.219	-0.004	0.357
7.220	-0.004	0.357
7.220	-0.004	0.357
7.220	-0.004	0.357
7.220	-0.004	0.357
7.220	-0.004	0.358
7.220	-0.004	0.358
7.220	-0.004	0.357
7.220	-0.004	0.357
7.220	-0.002	0.357
7.220	-0.002	0.357
7.221	-0.004	0.357
7.221	-0.004	0.357
7.221	-0.006	0.357
7.221	-0.006	0.357
7.221	-0.002	0.357
7.221	-0.002	0.357
7.221	-0.004	0.357
7.221	-0.004	0.357
7.221	-0.004	0.357
7.221	-0.004	0.357
7.222	-0.004	0.357
7.222	-0.004	0.357
7.222	-0.004	0.357
7.222	-0.004	0.357
7.222	-0.004	0.357
7.222	-0.004	0.357
7.222	-0.002	0.357
7.222	-0.002	0.357
7.222	-0.004	0.356
7.222	-0.004	0.356
7.223	-0.002	0.357
7.223	-0.002	0.357
7.223	-0.004	0.357
7.223	-0.004	0.357
7.223	-0.004	0.357
7.223	-0.004	0.357
7.223	-0.004	0.357
7.223	-0.004	0.357
7.223	-0.004	0.357
7.223	-0.004	0.357
7.224	-0.004	0.357
7.224	-0.004	0.357
7.224	-0.006	0.357
7.224	-0.006	0.357
7.224	-0.006	0.357
7.224	-0.006	0.357
7.224	-0.004	0.357
7.224	-0.004	0.357
7.224	-0.004	0.357
7.224	-0.004	0.357
7.225	-0.004	0.357
7.225	-0.004	0.357
7.225	-0.004	0.357
7.225	-0.004	0.357
7.225	-0.004	0.356
7.225	-0.004	0.356
7.225	-0.006	0.357
7.225	-0.006	0.357
7.225	-0.004	0.357
7.225	-0.004	0.357
7.226	-0.004	0.357
7.226	-0.004	0.357
7.226	-0.004	0.356
7.226	-0.004	0.356
7.226	-0.004	0.357
7.226	-0.004	0.357
7.226	-0.002	0.357
7.226	-0.002	0.357
7.226	-0.004	0.357
7.226	-0.004	0.357
7.227	-0.004	0.356
7.227	-0.004	0.356
7.227	-0.006	0.357
7.227	-0.006	0.357
7.227	-0.004	0.357
7.227	-0.004	0.357
7.227	-0.004	0.357
7.227	-0.004	0.357
7.227	-0.002	0.358
7.227	-0.002	0.358
7.228	-0.002	0.357
7.228	-0.002	0.357
7.228	-0.004	0.357
7.228	-0.004	0.357
7.228	-0.006	0.357
7.228	-0.006	0.357
7.228	-0.004	0.357
7.228	-0.004	0.357
7.228	-0.004	0.357
7.228	-0.004	0.357
7.229	-0.004	0.356
7.229	-0.004	0.356
7.229	-0.004	0.357
7.229	-0.004	0.357
7.229	-0.006	0.357
7.229	-0.006	0.357
7.229	-0.004	0.357
7.229	-0.004	0.357
7.229	-0.002	0.357
7.229	-0.002	0.357
7.230	-0.002	0.356
7.230	-0.002	0.356
7.230	-0.004	0.357
7.230	-0.004	0.357
7.230	-0.004	0.357
7.230	-0.004	0.357
7.230	-0.006	0.357
7.230	-0.006	0.357
7.230	-0.006	0.356
7.230	-0.006	0.356
7.231	-0.004	0.357
7.231	-0.004	0.357
7.231	-0.004	0.357
7.231	-0.004	0.357
7.231	-0.002	0.356
7.231	-0.002	0.356
7.231	-0.004	0.357
7.231	-0.004	0.357
7.231	-0.006	0.356
7.231	-0.006	0.356
7.232	-0.004	0.357
7.232	-0.004	0.357
7.232	-0.004	0.357
7.232	-0.004	0.357
7.232	-0.004	0.356
7.232	-0.004	0.356
7.232	-0.004	0.357
7.232	-0.004	0.357
7.232	-0.002	0.357
7.232	-0.002	0.357
7.233	-0.006	0.357
7.233	-0.006	0.357
7.233	-0.002	0.357
7.233	-0.002	0.357
7.233	-0.004	0.356
7.233	-0.004	0.356
7.233	-0.004	0.356
7.233	-0.004	0.356
7.233	-0.004	0.357
7.233	-0.004	0.357
7.234	-0.006	0.356
7.234	-0.006	0.356
7.234	-0.004	0.356
7.234	-0.004	0.356
7.234	-0.006	0.356
7.234	-0.006	0.356
7.234	-0.004	0.357
7.234	-0.004	0.357
7.234	-0.004	0.356
7.234	-0.004	0.356
7.235	-0.004	0.356
7.235	-0.004	0.356
7.235	-0.004	0.357
7.235	-0.004	0.357
7.235	-0.004	0.356
7.235	-0.004	0.356
7.235	-0.004	0.356
7.235	-0.004	0.356
7.235	-0.004	0.357
7.235	-0.004	0.357
7.236	-0.006	0.356
7.236	-0.006	0.356
7.236	-0.006	0.357
7.236	-0.006	0.357
7.236	-0.004	0.356
7.236	-0.004	0.356
7.236	-0.006	0.357
7.236	-0.006	0.357
7.236	-0.004	0.356
7.236	-0.004	0.356
7.237	-0.004	0.356
7.237	-0.004	0.356
7.237	-0.004	0.357
7.237	-0.004	0.357
7.237	-0.004	0.357
7.237	-0.004	0.357
7.237	-0.004	0.357
7.237	-0.004	0.357
7.237	-0.006	0.356
7.237	-0.006	0.356
7.238	-0.006	0.356
7.238	-0.006	0.356
7.238	-0.004	0.356
7.238	-0.004	0.356
7.238	-0.006	0.356
7.238	-0.006	0.356
7.238	-0.006	0.356
7.238	-0.006	0.356
7.238	-0.006	0.357
7.238	-0.006	0.357
7.239	-0.004	0.356
7.239	-0.004	0.356
7.239	-0.006	0.357
7.239	-0.006	0.357
7.239	-0.006	0.356
7.239	-0.006	0.356
7.239	-0.006	0.356
7.239	-0.006	0.356
7.239	-0.004	0.356
7.239	-0.004	0.356
7.240	-0.004	0.356
7.240	-0.004	0.356
7.240	-0.006	0.356
7.240	-0.006	0.356
7.240	-0.006	0.356
7.240	-0.006	0.356
7.240	-0.004	0.357
7.240	-0.004	0.357
7.240	-0.004	0.356
7.240	-0.004	0.356
7.241	-0.004	0.356
7.241	-0.004	0.356
7.241	-0.004	0.356
7.241	-0.004	0.356
7.241	-0.006	0.356
7.241	-0.006	0.356
7.241	-0.004	0.356
7.241	-0.004	0.356
7.241	-0.004	0.356
7.241	-0.004	0.356
7.242	-0.004	0.356
7.242	-0.004	0.356
7.242	-0.004	0.356
7.242	-0.004	0.356
7.242	-0.006	0.356
7.242	-0.006	0.356
7.242	-0.006	0.356
7.242	-0.006	0.356
7.242	-0.002	0.356
7.242	-0.002	0.356
7.243	-0.006	0.356
7.243	-0.006	0.356
7.243	-0.004	0.356
7.243	-0.004	0.356
7.243	-0.006	0.357
7.243	-0.006	0.357
7.243	-0.006	0.356
7.243	-0.006	0.356
7.243	-0.006	0.356
7.243	-0.006	0.356
7.244	-0.004	0.356
7.244	-0.004	0.356
7.244	-0.004	0.356
7.244	-0.004	0.356
7.244	-0.006	0.356
7.244	-0.006	0.356
7.244	-0.004	0.356
7.244	-0.004	0.356
7.244	-0.006	0.356
7.244	-0.006	0.356
7.245	-0.006	0.356
7.245	-0.006	0.356
7.245	-0.004	0.356
7.245	-0.004	0.356
7.245	-0.006	0.356
7.245	-0.006	0.356
7.245	-0.006	0.356
7.245	-0.006	0.356
7.245	-0.006	0.356
7.245	-0.006	0.356
7.246	-0.006	0.356
7.246	-0.006	0.356
7.246	-0.006	0.356
7.246	-0.006	0.356
7.246	-0.006	0.356
7.246	-0.006	0.356
7.246	-0.006	0.356
7.246	-0.006	0.356
7.246	-0.004	0.356
7.246	-0.004	0.356
7.247	-0.006	0.356
7.247	-0.006	0.356
7.247	-0.006	0.356
7.247	-0.006	0.356
7.247	-0.006	0.356
7.247	-0.006	0.356
7.247	-0.006	0.356
7.247	-0.006	0.356
7.247	-0.006	0.356
7.247	-0.006	0.356
7.248	-0.006	0.356
7.248	-0.006	0.356
7.248	-0.006	0.356
7.248	-0.006	0.356
7.248	-0.006	0.356
7.248	-0.006	0.356
7.248	-0.006	0.356
7.248	-0.006	0.356
7.248	-0.006	0.356
7.248	-0.006	0.356
7.249	-0.006	0.356
7.249	-0.006	0.356
7.249	-0.006	0.356
7.249	-0.006	0.356
7.249	-0.006	0.356
7.249	-0.006	0.356
7.249	-0.006	0.356
7.249	-0.006	0.356
7.249	-0.006	0.356
7.249	-0.006	0.356
7.250	-0.006	0.356
7.250	-0.006	0.356
7.250	-0.006	0.356
7.250	-0.006	0.356
7.250	-0.006	0.356
7.250	-0.006	0.356
7.250	-0.004	0.356
7.250	-0.004	0.356
7.250	-0.004	0.356
7.250	-0.004	0.356
7.251	-0.006	0.356
7.251	-0.006	0.356
7.251	-0.004	0.356
7.251	-0.004	0.356
7.251	-0.006	0.356
7.251	-0.006	0.356
7.251	-0.004	0.355
7.251	-0.004	0.355
7.251	-0.006	0.355
7.251	-0.006	0.355
7.252	-0.004	0.355
7.252	-0.004	0.355
7.252	-0.006	0.355
7.252	-0.006	0.355
7.252	-0.006	0.355
7.252	-0.006	0.355
7.252	-0.006	0.356
7.252	-0.006	0.356
7.252	-0.006	0.356
7.252	-0.006	0.356
7.253	-0.010	0.355
7.253	-0.010	0.355
7.253	-0.006	0.355
7.253	-0.006	0.355
7.253	-0.006	0.355
7.253	-0.006	0.355
7.253	-0.006	0.355
7.253	-0.006	0.355
7.253	-0.008	0.355
7.253	-0.008	0.355
7.254	-0.004	0.355
7.254	-0.004	0.355
7.254	-0.006	0.356
7.254	-0.006	0.356
7.254	-0.006	0.354
7.254	-0.006	0.354
7.254	-0.006	0.356
7.254	-0.006	0.356
7.254	-0.006	0.355
7.254	-0.006	0.355
7.255	-0.006	0.356
7.255	-0.006	0.356
7.255	-0.006	0.356
7.255	-0.006	0.356
7.255	-0.008	0.356
7.255	-0.008	0.356
7.255	-0.006	0.355
7.255	-0.006	0.355
7.255	-0.006	0.355
7.255	-0.006	0.355
7.256	-0.006	0.355
7.256	-0.006	0.355
7.256	-0.004	0.355
7.256	-0.004	0.355
7.256	-0.006	0.355
7.256	-0.006	0.355
7.256	-0.006	0.355
7.256	-0.006	0.355
7.256	-0.006	0.355
7.256	-0.006	0.355
7.257	-0.008	0.355
7.257	-0.008	0.355
7.257	-0.004	0.355
7.257	-0.004	0.355
7.257	-0.006	0.355
7.257	-0.006	0.355
7.257	-0.006	0.355
7.257	-0.006	0.355
7.257	-0.006	0.355
7.257	-0.006	0.355
7.258	-0.006	0.355
7.258	-0.006	0.355
7.258	-0.004	0.355
7.258	-0.004	0.355
7.258	-0.006	0.355
7.258	-0.006	0.355
7.258	-0.004	0.355
7.258	-0.004	0.355
7.258	-0.010	0.355
7.258	-0.010	0.355
7.259	-0.006	0.355
7.259	-0.006	0.355
7.259	-0.006	0.354
7.259	-0.006	0.354
7.259	-0.006	0.354
7.259	-0.006	0.354
7.259	-0.006	0.355
7.259	-0.006	0.355
7.259	-0.004	0.354
7.259	-0.004	0.354
7.260	-0.004	0.355
7.260	-0.004	0.355
7.260	-0.006	0.354
7.260	-0.006	0.354
7.260	-0.006	0.355
7.260	-0.006	0.355
7.260	-0.006	0.354
7.260	-0.006	0.354
7.260	-0.006	0.354
7.260	-0.006	0.354
7.261	-0.006	0.354
7.261	-0.006	0.354
7.261	-0.006	0.354
7.261	-0.006	0.354
7.261	-0.004	0.354
7.261	-0.004	0.354
7.261	-0.006	0.354
7.261	-0.006	0.354
7.261	-0.006	0.354
7.261	-0.006	0.354
7.262	-0.006	0.354
7.262	-0.006	0.354
7.262	-0.004	0.354
7.262	-0.004	0.354
7.262	-0.008	0.354
7.262	-0.008	0.354
7.262	-0.006	0.354
7.262	-0.006	0.354
7.262	-0.010	0.354
7.262	-0.010	0.354
7.263	-0.006	0.354
7.263	-0.006	0.354
7.263	-0.004	0.353
7.263	-0.004	0.353
7.263	-0.006	0.354
7.263	-0.006	0.354
7.263	-0.006	0.353
7.263	-0.006	0.353
7.263	-0.006	0.353
7.263	-0.006	0.353
7.264	-0.006	0.353
7.264	-0.006	0.353
7.264	-0.006	0.354
7.264	-0.006	0.354
7.264	-0.004	0.354
7.264	-0.004	0.354
7.264	-0.006	0.353
7.264	-0.006	0.353
7.264	-0.006	0.353
7.264	-0.006	0.353
7.265	-0.006	0.353
7.265	-0.006	0.353
7.265	-0.006	0.353
7.265	-0.006	0.353
7.265	-0.006	0.354
7.265	-0.006	0.354
7.265	-0.006	0.354
7.265	-0.006	0.354
7.265	-0.006	0.354
7.265	-0.006	0.354
7.266	-0.006	0.353
7.266	-0.006	0.353
7.266	-0.006	0.353
7.266	-0.006	0.353
7.266	-0.006	0.352
7.266	-0.006	0.352
7.266	-0.006	0.353
7.266	-0.006	0.353
7.266	-0.006	0.353
7.266	-0.006	0.353
7.267	-0.006	0.353
7.267	-0.006	0.353
7.267	-0.004	0.352
7.267	-0.004	0.352
7.267	-0.006	0.353
7.267	-0.006	0.353
7.267	-0.004	0.353
7.267	-0.004	0.353
7.267	-0.006	0.352
7.267	-0.006	0.352
7.268	-0.004	0.353
7.268	-0.004	0.353
7.268	-0.006	0.352
7.268	-0.006	0.352
7.268	-0.004	0.352
7.268	-0.004	0.352
7.268	-0.006	0.352
7.268	-0.006	0.352
7.268	-0.006	0.352
7.268	-0.006	0.352
7.269	-0.006	0.352
7.269	-0.006	0.352
7.269	-0.006	0.352
7.269	-0.006	0.352
7.269	-0.006	0.352
7.269	-0.006	0.352
7.269	-0.006	0.352
7.269	-0.006	0.352
7.269	-0.006	0.352
7.269	-0.006	0.352
7.270	-0.006	0.352
7.270	-0.006	0.352
7.270	-0.006	0.352
7.270	-0.006	0.352
7.270	-0.008	0.352
7.270	-0.008	0.352
7.270	-0.006	0.352
7.270	-0.006	0.352
7.270	-0.006	0.352
7.270	-0.006	0.352
7.271	-0.006	0.352
7.271	-0.006	0.352
7.271	-0.006	0.352
7.271	-0.006	0.352
7.271	-0.006	0.352
7.271	-0.006	0.352
7.271	-0.010	0.352
7.271	-0.010	0.352
7.271	-0.008	0.352
7.271	-0.008	0.352
7.272	-0.006	0.352
7.272	-0.006	0.352
7.272	-0.008	0.352
7.272	-0.008	0.352
7.272	-0.006	0.352
7.272	-0.006	0.352
7.272	-0.006	0.352
7.272	-0.006	0.352
7.272	-0.006	0.352
7.272	-0.006	0.352
7.273	-0.010	0.351
7.273	-0.010	0.351
7.273	-0.006	0.351
7.273	-0.006	0.351
7.273	-0.006	0.352
7.273	-0.006	0.352
7.273	-0.006	0.351
7.273	-0.006	0.351
7.273	-0.006	0.352
7.273	-0.006	0.352
7.274	-0.008	0.351
7.274	-0.008	0.351
7.274	-0.010	0.351
7.274	-0.010	0.351
7.274	-0.006	0.352
7.274	-0.006	0.352
7.274	-0.006	0.352
7.274	-0.006	0.352
7.274	-0.008	0.352
7.274	-0.008	0.352
7.275	-0.006	0.351
7.275	-0.006	0.351
7.275	-0.006	0.351
7.275	-0.006	0.351
7.275	-0.004	0.351
7.275	-0.004	0.351
7.275	-0.006	0.351
7.275	-0.006	0.351
7.275	-0.006	0.351
7.275	-0.006	0.351
7.276	-0.008	0.351
7.276	-0.008	0.351
7.276	-0.006	0.351
7.276	-0.006	0.351
7.276	-0.010	0.351
7.276	-0.010	0.351
7.276	-0.008	0.351
7.276	-0.008	0.351
7.276	-0.006	0.350
7.276	-0.006	0.350
7.277	-0.010	0.350
7.277	-0.010	0.350
7.277	-0.008	0.350
7.277	-0.008	0.350
7.277	-0.006	0.350
7.277	-0.006	0.350
7.277	-0.006	0.350
7.277	-0.006	0.350
7.277	-0.008	0.350
7.277	-0.008	0.350
7.278	-0.006	0.349
7.278	-0.006	0.349
7.278	-0.006	0.350
7.278	-0.006	0.350
7.278	-0.006	0.350
7.278	-0.006	0.350
7.278	-0.006	0.349
7.278	-0.006	0.349
7.278	-0.006	0.350
7.278	-0.006	0.350
7.279	-0.006	0.349
7.279	-0.006	0.349
7.279	-0.006	0.349
7.279	-0.006	0.349
7.279	-0.006	0.348
7.279	-0.006	0.348
7.279	-0.010	0.349
7.279	-0.010	0.349
7.279	-0.006	0.348
7.279	-0.006	0.348
7.280	-0.006	0.349
7.280	-0.006	0.349
7.280	-0.008	0.349
7.280	-0.008	0.349
7.280	-0.006	0.348
7.280	-0.006	0.348
7.280	-0.006	0.348
7.280	-0.006	0.348
7.280	-0.010	0.348
7.280	-0.010	0.348
7.281	-0.006	0.348
7.281	-0.006	0.348
7.281	-0.006	0.349
7.281	-0.006	0.349
7.281	-0.010	0.348
7.281	-0.010	0.348
7.281	-0.010	0.348
7.281	-0.010	0.348
7.281	-0.010	0.348
7.281	-0.010	0.348
7.282	-0.010	0.348
7.282	-0.010	0.348
7.282	-0.006	0.348
7.282	-0.006	0.348
7.282	-0.006	0.348
7.282	-0.006	0.348
7.282	-0.006	0.348
7.282	-0.006	0.348
7.282	-0.004	0.348
7.282	-0.004	0.348
7.283	-0.006	0.348
7.283	-0.006	0.348
7.283	-0.010	0.348
7.283	-0.010	0.348
7.283	-0.008	0.348
7.283	-0.008	0.348
7.283	-0.006	0.348
7.283	-0.006	0.348
7.283	-0.006	0.347
7.283	-0.006	0.347
7.284	-0.006	0.348
7.284	-0.006	0.348
7.284	-0.010	0.347
7.284	-0.010	0.347
7.284	-0.006	0.347
7.284	-0.006	0.347
7.284	-0.006	0.347
7.284	-0.006	0.347
7.284	-0.006	0.347
7.284	-0.006	0.347
7.285	-0.006	0.347
7.285	-0.006	0.347
7.285	-0.008	0.347
7.285	-0.008	0.347
7.285	-0.006	0.346
7.285	-0.006	0.346
7.285	-0.006	0.346
7.285	-0.006	0.346
7.285	-0.006	0.346
7.285	-0.006	0.346
7.286	-0.006	0.347
7.286	-0.006	0.347
7.286	-0.006	0.346
7.286	-0.006	0.346
7.286	-0.006	0.346
7.286	-0.006	0.346
7.286	-0.008	0.346
7.286	-0.008	0.346
7.286	-0.010	0.346
7.286	-0.010	0.346
7.287	-0.006	0.346
7.287	-0.006	0.346
7.287	-0.008	0.347
7.287	-0.008	0.347
7.287	-0.010	0.345
7.287	-0.010	0.345
7.287	-0.006	0.346
7.287	-0.006	0.346
7.287	-0.006	0.346
7.287	-0.006	0.346
7.288	-0.010	0.345
7.288	-0.010	0.345
7.288	-0.006	0.346
7.288	-0.006	0.346
7.288	-0.010	0.345
7.288	-0.010	0.345
7.288	-0.010	0.345
7.288	-0.010	0.345
7.288	-0.010	0.346
7.288	-0.010	0.346
7.289	-0.010	0.345
7.289	-0.010	0.345
7.289	-0.010	0.345
7.289	-0.010	0.345
7.289	-0.006	0.345
7.289	-0.006	0.345
7.289	-0.008	0.345
7.289	-0.008	0.345
7.289	-0.008	0.345
7.289	-0.008	0.345
7.290	-0.010	0.344
7.290	-0.010	0.344
7.290	-0.006	0.344
7.290	-0.006	0.344
7.290	-0.010	0.344
7.290	-0.010	0.344
7.290	-0.006	0.344
7.290	-0.006	0.344
7.290	-0.006	0.344
7.290	-0.006	0.344
7.291	-0.006	0.344
7.291	-0.006	0.344
7.291	-0.010	0.344
7.291	-0.010	0.344
7.291	-0.008	0.344
7.291	-0.008	0.344
7.291	-0.010	0.344
7.291	-0.010	0.344
7.291	-0.006	0.344
7.291	-0.006	0.344
7.292	-0.006	0.344
7.292	-0.006	0.344
7.292	-0.006	0.343
7.292	-0.006	0.343
7.292	-0.006	0.343
7.292	-0.006	0.343
7.292	-0.010	0.343
7.292	-0.010	0.343
7.292	-0.010	0.343
7.292	-0.010	0.343
7.293	-0.008	0.343
7.293	-0.008	0.343
7.293	-0.006	0.343
7.293	-0.006	0.343
7.293	-0.010	0.342
7.293	-0.010	0.342
7.293	-0.006	0.343
7.293	-0.006	0.343
7.293	-0.008	0.342
7.293	-0.008	0.342
7.294	-0.006	0.342
7.294	-0.006	0.342
7.294	-0.008	0.342
7.294	-0.008	0.342
7.294	-0.010	0.342
7.294	-0.010	0.342
7.294	-0.008	0.341
7.294	-0.008	0.341
7.294	-0.010	0.341
7.294	-0.010	0.341
7.295	-0.010	0.341
7.295	-0.010	0.341
7.295	-0.006	0.341
7.295	-0.006	0.341
7.295	-0.010	0.340
7.295	-0.010	0.340
7.295	-0.010	0.341
7.295	-0.010	0.341
7.295	-0.010	0.341
7.295	-0.010	0.341
7.296	-0.008	0.340
7.296	-0.008	0.340
7.296	-0.006	0.340
7.296	-0.006	0.340
7.296	-0.008	0.340
7.296	-0.008	0.340
7.296	-0.006	0.340
7.296	-0.006	0.340
7.296	-0.008	0.340
7.296	-0.008	0.340
7.297	-0.006	0.340
7.297	-0.006	0.340
7.297	-0.006	0.339
7.297	-0.006	0.339
7.297	-0.006	0.339
7.297	-0.006	0.339
7.297	-0.010	0.339
7.297	-0.010	0.339
7.297	-0.010	0.339
7.297	-0.010	0.339
7.298	-0.008	0.339
7.298	-0.008	0.339
7.298	-0.010	0.339
7.298	-0.010	0.339
7.298	-0.010	0.339
7.298	-0.010	0.339
7.298	-0.010	0.338
7.298	-0.010	0.338
7.298	-0.010	0.338
7.298	-0.010	0.338
7.299	-0.010	0.338
7.299	-0.010	0.338
7.299	-0.006	0.338
7.299	-0.006	0.338
7.299	-0.010	0.337
7.299	-0.010	0.337
7.299	-0.006	0.338
7.299	-0.006	0.338
7.299	-0.006	0.337
7.299	-0.006	0.337
7.300	-0.010	0.337
7.300	-0.010	0.337
7.300	-0.006	0.337
7.300	-0.006	0.337
7.300	-0.010	0.336
7.300	-0.010	0.336
7.300	-0.010	0.336
7.300	-0.010	0.336
7.300	-0.010	0.336
7.300	-0.010	0.336
7.301	-0.008	0.336
7.301	-0.008	0.336
7.301	-0.010	0.336
7.301	-0.010	0.336
7.301	-0.010	0.336
7.301	-0.010	0.336
7.301	-0.008	0.335
7.301	-0.008	0.335
7.301	-0.010	0.335
7.301	-0.010	0.335
7.302	-0.008	0.336
7.302	-0.008	0.336
7.302	-0.006	0.336
7.302	-0.006	0.336
7.302	-0.008	0.335
7.302	-0.008	0.335
7.302	-0.010	0.336
7.302	-0.010	0.336
7.302	-0.008	0.336
7.302	-0.008	0.336
7.303	-0.010	0.335
7.303	-0.010	0.335
7.303	-0.006	0.334
7.303	-0.006	0.334
7.303	-0.010	0.334
7.303	-0.010	0.334
7.303	-0.008	0.334
7.303	-0.008	0.334
7.303	-0.010	0.334
7.303	-0.010	0.334
7.304	-0.010	0.334
7.304	-0.010	0.334
7.304	-0.010	0.334
7.304	-0.010	0.334
7.304	-0.010	0.334
7.304	-0.010	0.334
7.304	-0.010	0.334
7.304	-0.010	0.334
7.304	-0.008	0.333
7.304	-0.008	0.333
7.305	-0.010	0.333
7.305	-0.010	0.333
7.305	-0.010	0.333
7.305	-0.010	0.333
7.305	-0.010	0.332
7.305	-0.010	0.332
7.305	-0.008	0.332
7.305	-0.008	0.332
7.305	-0.010	0.332
7.305	-0.010	0.332
7.306	-0.010	0.332
7.306	-0.010	0.332
7.306	-0.010	0.332
7.306	-0.010	0.332
7.306	-0.010	0.332
7.306	-0.010	0.332
7.306	-0.010	0.332
7.306	-0.010	0.332
7.306	-0.010	0.332
7.306	-0.010	0.332
7.307	-0.010	0.332
7.307	-0.010	0.332
7.307	-0.010	0.331
7.307	-0.010	0.331
7.307	-0.008	0.331
7.307	-0.008	0.331
7.307	-0.008	0.331
7.307	-0.008	0.331
7.307	-0.012	0.330
7.307	-0.012	0.330
7.308	-0.010	0.330
7.308	-0.010	0.330
7.308	-0.006	0.331
7.308	-0.006	0.331
7.308	-0.006	0.331
7.308	-0.006	0.331
7.308	-0.010	0.330
7.308	-0.010	0.330
7.308	-0.010	0.329
7.308	-0.010	0.329
7.309	-0.006	0.329
7.309	-0.006	0.329
7.309	-0.012	0.329
7.309	-0.012	0.329
7.309	-0.010	0.328
7.309	-0.010	0.328
7.309	-0.008	0.329
7.309	-0.008	0.329
7.309	-0.010	0.328
7.309	-0.010	0.328
7.310	-0.010	0.328
7.310	-0.010	0.328
7.310	-0.010	0.328
7.310	-0.010	0.328
7.310	-0.006	0.328
7.310	-0.006	0.328
7.310	-0.010	0.328
7.310	-0.010	0.328
7.310	-0.010	0.328
7.310	-0.010	0.328
7.311	-0.010	0.327
7.311	-0.010	0.327
7.311	-0.010	0.327
7.311	-0.010	0.327
7.311	-0.010	0.326
7.311	-0.010	0.326
7.311	-0.010	0.326
7.311	-0.010	0.326
7.311	-0.008	0.326
7.311	-0.008	0.326
7.312	-0.010	0.325
7.312	-0.010	0.325
7.312	-0.010	0.325
7.312	-0.010	0.325
7.312	-0.010	0.324
7.312	-0.010	0.324
7.312	-0.010	0.325
7.312	-0.010	0.325
7.312	-0.010	0.324
7.312	-0.010	0.324
7.313	-0.010	0.324
7.313	-0.010	0.324
7.313	-0.010	0.324
7.313	-0.010	0.324
7.313	-0.010	0.324
7.313	-0.010	0.324
7.313	-0.006	0.324
7.313	-0.006	0.324
7.313	-0.008	0.324
7.313	-0.008	0.324
7.314	-0.010	0.323
7.314	-0.010	0.323
7.314	-0.012	0.323
7.314	-0.012	0.323
7.314	-0.010	0.323
7.314	-0.010	0.323
7.314	-0.008	0.323
7.314	-0.008	0.323
7.314	-0.012	0.322
7.314	-0.012	0.322
7.315	-0.010	0.322
7.315	-0.010	0.322
7.315	-0.008	0.321
7.315	-0.008	0.321
7.315	-0.010	0.321
7.315	-0.010	0.321
7.315	-0.012	0.321
7.315	-0.012	0.321
7.315	-0.010	0.320
7.315	-0.010	0.320
7.316	-0.008	0.320
7.316	-0.008	0.320
7.316	-0.008	0.320
7.316	-0.008	0.320
7.316	-0.010	0.320
7.316	-0.010	0.320
7.316	-0.010	0.320
7.316	-0.010	0.320
7.316	-0.012	0.320
7.316	-0.012	0.320
7.317	-0.010	0.319
7.317	-0.010	0.319
7.317	-0.010	0.319
7.317	-0.010	0.319
7.317	-0.010	0.319
7.317	-0.010	0.319
7.317	-0.010	0.318
7.317	-0.010	0.318
7.317	-0.010	0.318
7.317	-0.010	0.318
7.318	-0.008	0.317
7.318	-0.008	0.317
7.318	-0.010	0.317
7.318	-0.010	0.317
7.318	-0.010	0.317
7.318	-0.010	0.317
7.318	-0.008	0.316
7.318	-0.008	0.316
7.318	-0.012	0.317
7.318	-0.012	0.317
7.319	-0.010	0.316
7.319	-0.010	0.316
7.319	-0.012	0.316
7.319	-0.012	0.316
7.319	-0.012	0.316
7.319	-0.012	0.316
7.319	-0.012	0.316
7.319	-0.012	0.316
7.319	-0.006	0.316
7.319	-0.006	0.316
7.320	-0.010	0.316
7.320	-0.010	0.316
7.320	-0.010	0.316
7.320	-0.010	0.316
7.320	-0.010	0.316
7.320	-0.010	0.316
7.320	-0.010	0.316
7.320	-0.010	0.316
7.320	-0.010	0.314
7.320	-0.010	0.314
7.321	-0.010	0.316
7.321	-0.010	0.316
7.321	-0.010	0.315
7.321	-0.010	0.315
7.321	-0.010	0.315
7.321	-0.010	0.315
7.321	-0.010	0.315
7.321	-0.010	0.315
7.321	-0.010	0.314
7.321	-0.010	0.314
7.322	-0.010	0.314
7.322	-0.010	0.314
7.322	-0.010	0.314
7.322	-0.010	0.314
7.322	-0.012	0.313
7.322	-0.012	0.313
7.322	-0.012	0.312
7.322	-0.012	0.312
7.322	-0.008	0.313
7.322	-0.008	0.313
7.323	-0.010	0.313
7.323	-0.010	0.313
7.323	-0.010	0.312
7.323	-0.010	0.312
7.323	-0.010	0.312
7.323	-0.010	0.312
7.323	-0.010	0.312
7.323	-0.010	0.312
7.323	-0.012	0.312
7.323	-0.012	0.312
7.324	-0.010	0.312
7.324	-0.010	0.312
7.324	-0.010	0.310
7.324	-0.010	0.310
7.324	-0.010	0.310
7.324	-0.010	0.310
7.324	-0.014	0.310
7.324	-0.014	0.310
7.324	-0.012	0.310
7.324	-0.012	0.310
7.325	-0.012	0.309
7.325	-0.012	0.309
7.325	-0.010	0.309
7.325	-0.010	0.309
7.325	-0.012	0.309
7.325	-0.012	0.309
7.325	-0.010	0.308
7.325	-0.010	0.308
7.325	-0.012	0.308
7.325	-0.012	0.308
7.326	-0.010	0.308
7.326	-0.010	0.308
7.326	-0.010	0.308
7.326	-0.010	0.308
7.326	-0.010	0.307
7.326	-0.010	0.307
7.326	-0.010	0.307
7.326	-0.010	0.307
7.326	-0.010	0.307
7.326	-0.010	0.307
7.327	-0.012	0.306
7.327	-0.012	0.306
7.327	-0.008	0.307
7.327	-0.008	0.307
7.327	-0.012	0.306
7.327	-0.012	0.306
7.327	-0.010	0.305
7.327	-0.010	0.305
7.327	-0.010	0.305
7.327	-0.010	0.305
7.328	-0.012	0.305
7.328	-0.012	0.305
7.328	-0.012	0.304
7.328	-0.012	0.304
7.328	-0.012	0.304
7.328	-0.012	0.304
7.328	-0.010	0.304
7.328	-0.010	0.304
7.328	-0.010	0.303
7.328	-0.010	0.303
7.329	-0.010	0.303
7.329	-0.010	0.303
7.329	-0.014	0.302
7.329	-0.014	0.302
7.329	-0.012	0.301
7.329	-0.012	0.301
7.329	-0.010	0.301
7.329	-0.010	0.301
7.329	-0.012	0.301
7.329	-0.012	0.301
7.330	-0.012	0.300
7.330	-0.012	0.300
7.330	-0.010	0.300
7.330	-0.010	0.300
7.330	-0.012	0.300
7.330	-0.012	0.300
7.330	-0.012	0.300
7.330	-0.012	0.300
7.330	-0.010	0.300
7.330	-0.010	0.300
7.331	-0.010	0.299
7.331	-0.010	0.299
7.331	-0.014	0.300
7.331	-0.014	0.300
7.331	-0.008	0.299
7.331	-0.008	0.299
7.331	-0.012	0.300
7.331	-0.012	0.300
7.331	-0.012	0.298
7.331	-0.012	0.298
7.332	-0.012	0.297
7.332	-0.012	0.297
7.332	-0.012	0.297
7.332	-0.012	0.297
7.332	-0.010	0.297
7.332	-0.010	0.297
7.332	-0.012	0.296
7.332	-0.012	0.296
7.332	-0.012	0.296
7.332	-0.012	0.296
7.333	-0.012	0.296
7.333	-0.012	0.296
7.333	-0.008	0.296
7.333	-0.008	0.296
7.333	-0.012	0.296
7.333	-0.012	0.296
7.333	-0.012	0.294
7.333	-0.012	0.294
7.333	-0.012	0.295
7.333	-0.012	0.295
7.334	-0.012	0.294
7.334	-0.012	0.294
7.334	-0.012	0.293
7.334	-0.012	0.293
7.334	-0.012	0.293
7.334	-0.012	0.293
7.334	-0.012	0.293
7.334	-0.012	0.293
7.334	-0.010	0.292
7.334	-0.010	0.292
7.335	-0.014	0.292
7.335	-0.014	0.292
7.335	-0.012	0.292
7.335	-0.012	0.292
7.335	-0.012	0.292
7.335	-0.012	0.292
7.335	-0.012	0.292
7.335	-0.012	0.292
7.335	-0.010	0.291
7.335	-0.010	0.291
7.336	-0.012	0.291
7.336	-0.012	0.291
7.336	-0.012	0.292
7.336	-0.012	0.292
7.336	-0.012	0.291
7.336	-0.012	0.291
7.336	-0.010	0.291
7.336	-0.010	0.291
7.336	-0.012	0.291
7.336	-0.012	0.291
7.337	-0.012	0.290
7.337	-0.012	0.290
7.337	-0.010	0.291
7.337	-0.010	0.291
7.337	-0.012	0.290
7.337	-0.012	0.290
7.337	-0.012	0.290
7.337	-0.012	0.290
7.337	-0.014	0.289
7.337	-0.014	0.289
7.338	-0.012	0.289
7.338	-0.012	0.289
7.338	-0.010	0.289
7.338	-0.010	0.289
7.338	-0.010	0.288
7.338	-0.010	0.288
7.338	-0.012	0.288
7.338	-0.012	0.288
7.338	-0.012	0.288
7.338	-0.012	0.288
7.339	-0.010	0.288
7.339	-0.010	0.288
7.339	-0.012	0.287
7.339	-0.012	0.287
7.339	-0.012	0.287
7.339	-0.012	0.287
7.339	-0.010	0.287
7.339	-0.010	0.287
7.339	-0.012	0.286
7.339	-0.012	0.286
7.340	-0.012	0.286
7.340	-0.012	0.286
7.340	-0.012	0.286
7.340	-0.012	0.286
7.340	-0.010	0.286
7.340	-0.010	0.286
7.340	-0.010	0.286
7.340	-0.010	0.286
7.340	-0.012	0.285
7.340	-0.012	0.285
7.341	-0.012	0.284
7.341	-0.012	0.284
7.341	-0.012	0.284
7.341	-0.012	0.284
7.341	-0.012	0.284
7.341	-0.012	0.284
7.341	-0.010	0.284
7.341	-0.010	0.284
7.341	-0.012	0.284
7.341	-0.012	0.284
7.342	-0.012	0.284
7.342	-0.012	0.284
7.342	-0.010	0.283
7.342	-0.010	0.283
7.342	-0.010	0.283
7.342	-0.010	0.283
7.342	-0.012	0.282
7.342	-0.012	0.282
7.342	-0.012	0.282
7.342	-0.012	0.282
7.343	-0.012	0.281
7.343	-0.012	0.281
7.343	-0.012	0.281
7.343	-0.012	0.281
7.343	-0.012	0.281
7.343	-0.012	0.281
7.343	-0.014	0.280
7.343	-0.014	0.280
7.343	-0.012	0.280
7.343	-0.012	0.280
7.344	-0.012	0.280
7.344	-0.012	0.280
7.344	-0.012	0.280
7.344	-0.012	0.280
7.344	-0.012	0.279
7.344	-0.012	0.279
7.344	-0.014	0.279
7.344	-0.014	0.279
7.344	-0.014	0.278
7.344	-0.014	0.278
7.345	-0.010	0.277
7.345	-0.010	0.277
7.345	-0.014	0.276
7.345	-0.014	0.276
7.345	-0.012	0.277
7.345	-0.012	0.277
7.345	-0.012	0.276
7.345	-0.012	0.276
7.345	-0.014	0.276
7.345	-0.014	0.276
7.346	-0.014	0.276
7.346	-0.014	0.276
7.346	-0.012	0.276
7.346	-0.012	0.276
7.346	-0.014	0.276
7.346	-0.014	0.276
7.346	-0.012	0.275
7.346	-0.012	0.275
7.346	-0.014	0.274
7.346	-0.014	0.274
7.347	-0.012	0.275
7.347	-0.012	0.275
7.347	-0.012	0.274
7.347	-0.012	0.274
7.347	-0.012	0.273
7.347	-0.012	0.273
7.347	-0.012	0.273
7.347	-0.012	0.273
7.347	-0.012	0.272
7.347	-0.012	0.272
7.348	-0.014	0.272
7.348	-0.014	0.272
7.348	-0.014	0.272
7.348	-0.014	0.272
7.348	-0.014	0.272
7.348	-0.014	0.272
7.348	-0.012	0.272
7.348	-0.012	0.272
7.348	-0.014	0.271
7.348	-0.014	0.271
7.349	-0.014	0.271
7.349	-0.014	0.271
7.349	-0.010	0.271
7.349	-0.010	0.271
7.349	-0.014	0.271
7.349	-0.014	0.271
7.349	-0.012	0.270
7.349	-0.012	0.270
7.349	-0.012	0.268
7.349	-0.012	0.268
7.350	-0.012	0.268
7.350	-0.012	0.268
7.350	-0.010	0.269
7.350	-0.010	0.269
7.350	-0.014	0.268
7.350	-0.014	0.268
7.350	-0.014	0.268
7.350	-0.014	0.268
7.350	-0.010	0.268
7.350	-0.010	0.268
7.351	-0.012	0.268
7.351	-0.012	0.268
7.351	-0.012	0.267
7.351	-0.012	0.267
7.351	-0.012	0.267
7.351	-0.012	0.267
7.351	-0.010	0.266
7.351	-0.010	0.266
7.351	-0.014	0.266
7.351	-0.014	0.266
7.352	-0.012	0.266
7.352	-0.012	0.266
7.352	-0.010	0.266
7.352	-0.010	0.266
7.352	-0.012	0.265
7.352	-0.012	0.265
7.352	-0.012	0.265
7.352	-0.012	0.265
7.352	-0.012	0.264
7.352	-0.012	0.264
7.353	-0.014	0.264
7.353	-0.014	0.264
7.353	-0.014	0.264
7.353	-0.014	0.264
7.353	-0.012	0.264
7.353	-0.012	0.264
7.353	-0.012	0.264
7.353	-0.012	0.264
7.353	-0.010	0.264
7.353	-0.010	0.264
7.354	-0.014	0.264
7.354	-0.014	0.264
7.354	-0.012	0.264
7.354	-0.012	0.264
7.354	-0.012	0.263
7.354	-0.012	0.263
7.354	-0.012	0.263
7.354	-0.012	0.263
7.354	-0.012	0.263
7.354	-0.012	0.263
7.355	-0.012	0.263
7.355	-0.012	0.263
7.355	-0.014	0.263
7.355	-0.014	0.263
7.355	-0.014	0.262
7.355	-0.014	0.262
7.355	-0.014	0.261
7.355	-0.014	0.261
7.355	-0.014	0.260
7.355	-0.014	0.260
7.356	-0.012	0.260
7.356	-0.012	0.260
7.356	-0.012	0.260
7.356	-0.012	0.260
7.356	-0.012	0.261
7.356	-0.012	0.261
7.356	-0.012	0.260
7.356	-0.012	0.260
7.356	-0.012	0.260
7.356	-0.012	0.260
7.357	-0.014	0.260
7.357	-0.014	0.260
7.357	-0.014	0.260
7.357	-0.014	0.260
7.357	-0.010	0.260
7.357	-0.010	0.260
7.357	-0.012	0.259
7.357	-0.012	0.259
7.357	-0.012	0.258
7.357	-0.012	0.258
7.358	-0.012	0.259
7.358	-0.012	0.259
7.358	-0.012	0.258
7.358	-0.012	0.258
7.358	-0.012	0.257
7.358	-0.012	0.257
7.358	-0.010	0.258
7.358	-0.010	0.258
7.358	-0.012	0.258
7.358	-0.012	0.258
7.359	-0.014	0.257
7.359	-0.014	0.257
7.359	-0.012	0.256
7.359	-0.012	0.256
7.359	-0.012	0.256
7.359	-0.012	0.256
7.359	-0.012	0.256
7.359	-0.012	0.256
7.359	-0.012	0.256
7.359	-0.012	0.256
7.360	-0.012	0.256
7.360	-0.012	0.256
7.360	-0.012	0.255
7.360	-0.012	0.255
7.360	-0.014	0.254
7.360	-0.014	0.254
7.360	-0.012	0.255
7.360	-0.012	0.255
7.360	-0.014	0.255
7.360	-0.014	0.255
7.361	-0.012	0.255
7.361	-0.012	0.255
7.361	-0.014	0.253
7.361	-0.014	0.253
7.361	-0.012	0.253
7.361	-0.012	0.253
7.361	-0.012	0.253
7.361	-0.012	0.253
7.361	-0.014	0.252
7.361	-0.014	0.252
7.362	-0.014	0.252
7.362	-0.014	0.252
7.362	-0.014	0.253
7.362	-0.014	0.253
7.362	-0.012	0.252
7.362	-0.012	0.252
7.362	-0.014	0.252
7.362	-0.014	0.252
7.362	-0.012	0.252
7.362	-0.012	0.252
7.363	-0.014	0.251
7.363	-0.014	0.251
7.363	-0.014	0.252
7.363	-0.014	0.252
7.363	-0.014	0.251
7.363	-0.014	0.251
7.363	-0.014	0.250
7.363	-0.014	0.250
7.363	-0.014	0.250
7.363	-0.014	0.250
7.364	-0.012	0.250
7.364	-0.012	0.250
7.364	-0.014	0.249
7.364	-0.014	0.249
7.364	-0.014	0.250
7.364	-0.014	0.250
7.364	-0.012	0.249
7.364	-0.012	0.249
7.364	-0.014	0.249
7.364	-0.014	0.249
7.365	-0.012	0.248
7.365	-0.012	0.248
7.365	-0.014	0.248
7.365	-0.014	0.248
7.365	-0.014	0.248
7.365	-0.014	0.248
7.365	-0.014	0.248
7.365	-0.014	0.248
7.365	-0.012	0.248
7.365	-0.012	0.248
7.366	-0.014	0.247
7.366	-0.014	0.247
7.366	-0.012	0.248
7.366	-0.012	0.248
7.366	-0.014	0.247
7.366	-0.014	0.247
7.366	-0.012	0.247
7.366	-0.012	0.247
7.366	-0.012	0.247
7.366	-0.012	0.247
7.367	-0.014	0.246
7.367	-0.014	0.246
7.367	-0.012	0.246
7.367	-0.012	0.246
7.367	-0.014	0.246
7.367	-0.014	0.246
7.367	-0.014	0.246
7.367	-0.014	0.246
7.367	-0.014	0.245
7.367	-0.014	0.245
7.368	-0.012	0.245
7.368	-0.012	0.245
7.368	-0.010	0.244
7.368	-0.010	0.244
7.368	-0.012	0.245
7.368	-0.012	0.245
7.368	-0.012	0.245
7.368	-0.012	0.245
7.368	-0.014	0.244
7.368	-0.014	0.244
7.369	-0.012	0.244
7.369	-0.012	0.244
7.369	-0.014	0.244
7.369	-0.014	0.244
7.369	-0.012	0.244
7.369	-0.012	0.244
7.369	-0.014	0.244
7.369	-0.014	0.244
7.369	-0.016	0.244
7.369	-0.016	0.244
7.370	-0.014	0.244
7.370	-0.014	0.244
7.370	-0.014	0.244
7.370	-0.014	0.244
7.370	-0.014	0.244
7.370	-0.014	0.244
7.370	-0.014	0.243
7.370	-0.014	0.243
7.370	-0.014	0.243
7.370	-0.014	0.243
7.371	-0.012	0.244
7.371	-0.012	0.244
7.371	-0.014	0.243
7.371	-0.014	0.243
7.371	-0.012	0.243
7.371	-0.012	0.243
7.371	-0.014	0.242
7.371	-0.014	0.242
7.371	-0.012	0.242
7.371	-0.012	0.242
7.372	-0.014	0.243
7.372	-0.014	0.243
7.372	-0.014	0.242
7.372	-0.014	0.242
7.372	-0.014	0.242
7.372	-0.014	0.242
7.372	-0.014	0.241
7.372	-0.014	0.241
7.372	-0.014	0.241
7.372	-0.014	0.241
7.373	-0.014	0.240
7.373	-0.014	0.240
7.373	-0.014	0.241
7.373	-0.014	0.241
7.373	-0.014	0.241
7.373	-0.014	0.241
7.373	-0.014	0.241
7.373	-0.014	0.241
7.373	-0.014	0.240
7.373	-0.014	0.240
7.374	-0.014	0.240
7.374	-0.014	0.240
7.374	-0.012	0.240
7.374	-0.012	0.240
7.374	-0.014	0.240
7.374	-0.014	0.240
7.374	-0.014	0.240
7.374	-0.014	0.240
7.374	-0.012	0.239
7.374	-0.012	0.239
7.375	-0.012	0.240
7.375	-0.012	0.240
7.375	-0.014	0.239
7.375	-0.014	0.239
7.375	-0.014	0.239
7.375	-0.014	0.239
7.375	-0.014	0.239
7.375	-0.014	0.239
7.375	-0.014	0.239
7.375	-0.014	0.239
7.376	-0.016	0.239
7.376	-0.016	0.239
7.376	-0.014	0.239
7.376	-0.014	0.239
7.376	-0.014	0.238
7.376	-0.014	0.238
7.376	-0.016	0.239
7.376	-0.016	0.239
7.376	-0.014	0.238
7.376	-0.014	0.238
7.377	-0.014	0.239
7.377	-0.014	0.239
7.377	-0.016	0.238
7.377	-0.016	0.238
7.377	-0.014	0.237
7.377	-0.014	0.237
7.377	-0.014	0.238
7.377	-0.014	0.238
7.377	-0.014	0.238
7.377	-0.014	0.238
7.378	-0.014	0.237
7.378	-0.014	0.237
7.378	-0.014	0.236
7.378	-0.014	0.236
7.378	-0.014	0.237
7.378	-0.014	0.237
7.378	-0.014	0.236
7.378	-0.014	0.236
7.378	-0.012	0.236
7.378	-0.012	0.236
7.379	-0.014	0.236
7.379	-0.014	0.236
7.379	-0.016	0.236
7.379	-0.016	0.236
7.379	-0.012	0.236
7.379	-0.012	0.236
7.379	-0.014	0.236
7.379	-0.014	0.236
7.379	-0.014	0.236
7.379	-0.014	0.236
7.380	-0.014	0.236
7.380	-0.014	0.236
7.380	-0.014	0.236
7.380	-0.014	0.236
7.380	-0.014	0.236
7.380	-0.014	0.236
7.380	-0.014	0.236
7.380	-0.014	0.236
7.380	-0.014	0.235
7.380	-0.014	0.235
7.381	-0.014	0.235
7.381	-0.014	0.235
7.381	-0.014	0.236
7.381	-0.014	0.236
7.381	-0.014	0.235
7.381	-0.014	0.235
7.381	-0.014	0.236
7.381	-0.014	0.236
7.381	-0.014	0.235
7.381	-0.014	0.235
7.382	-0.014	0.235
7.382	-0.014	0.235
7.382	-0.014	0.235
7.382	-0.014	0.235
7.382	-0.016	0.234
7.382	-0.016	0.234
7.382	-0.014	0.234
7.382	-0.014	0.234
7.382	-0.014	0.234
7.382	-0.014	0.234
7.383	-0.012	0.235
7.383	-0.012	0.235
7.383	-0.012	0.234
7.383	-0.012	0.234
7.383	-0.014	0.234
7.383	-0.014	0.234
7.383	-0.016	0.234
7.383	-0.016	0.234
7.383	-0.016	0.234
7.383	-0.016	0.234
7.384	-0.014	0.233
7.384	-0.014	0.233
7.384	-0.014	0.233
7.384	-0.014	0.233
7.384	-0.016	0.233
7.384	-0.016	0.233
7.384	-0.012	0.234
7.384	-0.012	0.234
7.384	-0.016	0.233
7.384	-0.016	0.233
7.385	-0.014	0.233
7.385	-0.014	0.233
7.385	-0.014	0.233
7.385	-0.014	0.233
7.385	-0.014	0.233
7.385	-0.014	0.233
7.385	-0.014	0.234
7.385	-0.014	0.234
7.385	-0.016	0.234
7.385	-0.016	0.234
7.386	-0.014	0.233
7.386	-0.014	0.233
7.386	-0.016	0.234
7.386	-0.016	0.234
7.386	-0.018	0.233
7.386	-0.018	0.233
7.386	-0.014	0.233
7.386	-0.014	0.233
7.386	-0.014	0.233
7.386	-0.014	0.233
7.387	-0.014	0.233
7.387	-0.014	0.233
7.387	-0.014	0.233
7.387	-0.014	0.233
7.387	-0.014	0.233
7.387	-0.014	0.233
7.387	-0.014	0.233
7.387	-0.014	0.233
7.387	-0.014	0.233
7.387	-0.014	0.233
7.388	-0.014	0.233
7.388	-0.014	0.233
7.388	-0.014	0.233
7.388	-0.014	0.233
7.388	-0.014	0.232
7.388	-0.014	0.232
7.388	-0.014	0.233
7.388	-0.014	0.233
7.388	-0.014	0.233
7.388	-0.014	0.233
7.389	-0.014	0.233
7.389	-0.014	0.233
7.389	-0.014	0.233
7.389	-0.014	0.233
7.389	-0.014	0.232
7.389	-0.014	0.232
7.389	-0.014	0.232
7.389	-0.014	0.232
7.389	-0.014	0.233
7.389	-0.014	0.233
7.390	-0.014	0.232
7.390	-0.014	0.232
7.390	-0.016	0.232
7.390	-0.016	0.232
7.390	-0.014	0.233
7.390	-0.014	0.233
7.390	-0.014	0.232
7.390	-0.014	0.232
7.390	-0.014	0.232
7.390	-0.014	0.232
7.391	-0.016	0.233
7.391	-0.016	0.233
7.391	-0.016	0.232
7.391	-0.016	0.232
7.391	-0.016	0.233
7.391	-0.016	0.233
7.391	-0.014	0.233
7.391	-0.014	0.233
7.391	-0.014	0.233
7.391	-0.014	0.233
7.392	-0.014	0.233
7.392	-0.014	0.233
7.392	-0.016	0.232
7.392	-0.016	0.232
7.392	-0.014	0.233
7.392	-0.014	0.233
7.392	-0.014	0.232
7.392	-0.014	0.232
7.392	-0.016	0.233
7.392	-0.016	0.233
7.393	-0.014	0.232
7.393	-0.014	0.232
7.393	-0.014	0.233
7.393	-0.014	0.233
7.393	-0.014	0.233
7.393	-0.014	0.233
7.393	-0.016	0.232
7.393	-0.016	0.232
7.393	-0.018	0.232
7.393	-0.018	0.232
7.394	-0.014	0.232
7.394	-0.014	0.232
7.394	-0.014	0.233
7.394	-0.014	0.233
7.394	-0.016	0.233
7.394	-0.016	0.233
7.394	-0.014	0.233
7.394	-0.014	0.233
7.394	-0.014	0.233
7.394	-0.014	0.233
7.395	-0.014	0.233
7.395	-0.014	0.233
7.395	-0.014	0.233
7.395	-0.014	0.233
7.395	-0.014	0.233
7.395	-0.014	0.233
7.395	-0.016	0.233
7.395	-0.016	0.233
7.395	-0.014	0.233
7.395	-0.014	0.233
7.396	-0.014	0.233
7.396	-0.014	0.233
7.396	-0.014	0.233
7.396	-0.014	0.233
7.396	-0.014	0.233
7.396	-0.014	0.233
7.396	-0.014	0.233
7.396	-0.014	0.233
7.396	-0.012	0.233
7.396	-0.012	0.233
7.397	-0.014	0.233
7.397	-0.014	0.233
7.397	-0.016	0.233
7.397	-0.016	0.233
7.397	-0.014	0.233
7.397	-0.014	0.233
7.397	-0.014	0.234
7.397	-0.014	0.234
7.397	-0.014	0.233
7.397	-0.014	0.233
7.398	-0.014	0.233
7.398	-0.014	0.233
7.398	-0.016	0.234
7.398	-0.016	0.234
7.398	-0.014	0.234
7.398	-0.014	0.234
7.398	-0.014	0.234
7.398	-0.014	0.234
7.398	-0.014	0.235
7.398	-0.014	0.235
7.399	-0.014	0.234
7.399	-0.014	0.234
7.399	-0.014	0.234
7.399	-0.014	0.234
7.399	-0.016	0.234
7.399	-0.016	0.234
7.399	-0.018	0.236
7.399	-0.018	0.236
7.399	-0.014	0.235
7.399	-0.014	0.235
7.400	-0.016	0.235
7.400	-0.016	0.235
7.400	-0.016	0.235
7.400	-0.016	0.235
7.400	-0.014	0.235
7.400	-0.014	0.235
7.400	-0.016	0.236
7.400	-0.016	0.236
7.400	-0.016	0.235
7.400	-0.016	0.235
7.401	-0.016	0.236
7.401	-0.016	0.236
7.401	-0.014	0.236
7.401	-0.014	0.236
7.401	-0.016	0.236
7.401	-0.016	0.236
7.401	-0.016	0.236
7.401	-0.016	0.236
7.401	-0.018	0.236
7.401	-0.018	0.236
7.402	-0.018	0.236
7.402	-0.018	0.236
7.402	-0.018	0.236
7.402	-0.018	0.236
7.402	-0.014	0.236
7.402	-0.014	0.236
7.402	-0.016	0.236
7.402	-0.016	0.236
7.402	-0.018	0.236
7.402	-0.018	0.236
7.403	-0.014	0.236
7.403	-0.014	0.236
7.403	-0.018	0.236
7.403	-0.018	0.236
7.403	-0.014	0.236
7.403	-0.014	0.236
7.403	-0.018	0.236
7.403	-0.018	0.236
7.403	-0.020	0.236
7.403	-0.020	0.236
7.404	-0.018	0.236
7.404	-0.018	0.236
7.404	-0.016	0.236
7.404	-0.016	0.236
7.404	-0.014	0.236
7.404	-0.014	0.236
7.404	-0.014	0.236
7.404	-0.014	0.236
7.404	-0.016	0.237
7.404	-0.016	0.237
7.405	-0.014	0.237
7.405	-0.014	0.237
7.405	-0.016	0.237
7.405	-0.016	0.237
7.405	-0.014	0.237
7.405	-0.014	0.237
7.405	-0.016	0.238
7.405	-0.016	0.238
7.405	-0.016	0.237
7.405	-0.016	0.237
7.406	-0.016	0.238
7.406	-0.016	0.238
7.406	-0.016	0.238
7.406	-0.016	0.238
7.406	-0.016	0.238
7.406	-0.016	0.238
7.406	-0.018	0.238
7.406	-0.018	0.238
7.406	-0.018	0.238
7.406	-0.018	0.238
7.407	-0.014	0.238
7.407	-0.014	0.238
7.407	-0.014	0.239
7.407	-0.014	0.239
7.407	-0.014	0.239
7.407	-0.014	0.239
7.407	-0.018	0.239
7.407	-0.018	0.239
7.407	-0.014	0.239
7.407	-0.014	0.239
7.408	-0.018	0.239
7.408	-0.018	0.239
7.408	-0.018	0.240
7.408	-0.018	0.240
7.408	-0.016	0.240
7.408	-0.016	0.240
7.408	-0.014	0.240
7.408	-0.014	0.240
7.408	-0.018	0.240
7.408	-0.018	0.240
7.409	-0.018	0.240
7.409	-0.018	0.240
7.409	-0.018	0.240
7.409	-0.018	0.240
7.409	-0.016	0.240
7.409	-0.016	0.240
7.409	-0.014	0.240
7.409	-0.014	0.240
7.409	-0.016	0.240
7.409	-0.016	0.240
7.410	-0.018	0.240
7.410	-0.018	0.240
7.410	-0.018	0.241
7.410	-0.018	0.241
7.410	-0.018	0.241
7.410	-0.018	0.241
7.410	-0.018	0.241
7.410	-0.018	0.241
7.410	-0.014	0.241
7.410	-0.014	0.241
7.411	-0.018	0.242
7.411	-0.018	0.242
7.411	-0.018	0.241
7.411	-0.018	0.241
7.411	-0.018	0.242
7.411	-0.018	0.242
7.411	-0.014	0.242
7.411	-0.014	0.242
7.411	-0.014	0.243
7.411	-0.014	0.243
7.412	-0.016	0.243
7.412	-0.016	0.243
7.412	-0.016	0.243
7.412	-0.016	0.243
7.412	-0.016	0.243
7.412	-0.016	0.243
7.412	-0.016	0.244
7.412	-0.016	0.244
7.412	-0.014	0.243
7.412	-0.014	0.243
7.413	-0.018	0.244
7.413	-0.018	0.244
7.413	-0.018	0.244
7.413	-0.018	0.244
7.413	-0.016	0.244
7.413	-0.016	0.244
7.413	-0.016	0.244
7.413	-0.016	0.244
7.413	-0.016	0.244
7.413	-0.016	0.244
7.414	-0.018	0.244
7.414	-0.018	0.244
7.414	-0.020	0.244
7.414	-0.020	0.244
7.414	-0.016	0.244
7.414	-0.016	0.244
7.414	-0.018	0.245
7.414	-0.018	0.245
7.414	-0.018	0.245
7.414	-0.018	0.245
7.415	-0.018	0.245
7.415	-0.018	0.245
7.415	-0.018	0.246
7.415	-0.018	0.246
7.415	-0.016	0.246
7.415	-0.016	0.246
7.415	-0.014	0.247
7.415	-0.014	0.247
7.415	-0.018	0.246
7.415	-0.018	0.246
7.416	-0.016	0.247
7.416	-0.016	0.247
7.416	-0.016	0.248
7.416	-0.016	0.248
7.416	-0.014	0.248
7.416	-0.014	0.248
7.416	-0.016	0.248
7.416	-0.016	0.248
7.416	-0.018	0.248
7.416	-0.018	0.248
7.417	-0.016	0.249
7.417	-0.016	0.249
7.417	-0.016	0.248
7.417	-0.016	0.248
7.417	-0.016	0.249
7.417	-0.016	0.249
7.417	-0.018	0.249
7.417	-0.018	0.249
7.417	-0.014	0.250
7.417	-0.014	0.250
7.418	-0.018	0.249
7.418	-0.018	0.249
7.418	-0.018	0.250
7.418	-0.018	0.250
7.418	-0.018	0.251
7.418	-0.018	0.251
7.418	-0.018	0.250
7.418	-0.018	0.250
7.418	-0.018	0.250
7.418	-0.018	0.250
7.419	-0.018	0.251
7.419	-0.018	0.251
7.419	-0.016	0.251
7.419	-0.016	0.251
7.419	-0.018	0.251
7.419	-0.018	0.251
7.419	-0.014	0.251
7.419	-0.014	0.251
7.419	-0.016	0.251
7.419	-0.016	0.251
7.420	-0.018	0.252
7.420	-0.018	0.252
7.420	-0.016	0.251
7.420	-0.016	0.251
7.420	-0.018	0.252
7.420	-0.018	0.252
7.420	-0.018	0.252
7.420	-0.018	0.252
7.420	-0.018	0.252
7.420	-0.018	0.252
7.421	-0.018	0.252
7.421	-0.018	0.252
7.421	-0.016	0.253
7.421	-0.016	0.253
7.421	-0.014	0.252
7.421	-0.014	0.252
7.421	-0.014	0.253
7.421	-0.014	0.253
7.421	-0.018	0.253
7.421	-0.018	0.253
7.422	-0.018	0.252
7.422	-0.018	0.252
7.422	-0.018	0.253
7.422	-0.018	0.253
7.422	-0.018	0.254
7.422	-0.018	0.254
7.422	-0.018	0.253
7.422	-0.018	0.253
7.422	-0.016	0.254
7.422	-0.016	0.254
7.423	-0.018	0.255
7.423	-0.018	0.255
7.423	-0.020	0.255
7.423	-0.020	0.255
7.423	-0.018	0.255
7.423	-0.018	0.255
7.423	-0.014	0.256
7.423	-0.014	0.256
7.423	-0.020	0.256
7.423	-0.020	0.256
7.424	-0.016	0.256
7.424	-0.016	0.256
7.424	-0.016	0.256
7.424	-0.016	0.256
7.424	-0.018	0.256
7.424	-0.018	0.256
7.424	-0.014	0.257
7.424	-0.014	0.257
7.424	-0.020	0.256
7.424	-0.020	0.256
7.425	-0.018	0.256
7.425	-0.018	0.256
7.425	-0.016	0.258
7.425	-0.016	0.258
7.425	-0.016	0.258
7.425	-0.016	0.258
7.425	-0.018	0.257
7.425	-0.018	0.257
7.425	-0.014	0.259
7.425	-0.014	0.259
7.426	-0.018	0.258
7.426	-0.018	0.258
7.426	-0.016	0.259
7.426	-0.016	0.259
7.426	-0.018	0.259
7.426	-0.018	0.259
7.426	-0.018	0.260
7.426	-0.018	0.260
7.426	-0.018	0.260
7.426	-0.018	0.260
7.427	-0.018	0.260
7.427	-0.018	0.260
7.427	-0.018	0.260
7.427	-0.018	0.260
7.427	-0.014	0.260
7.427	-0.014	0.260
7.427	-0.016	0.261
7.427	-0.016	0.261
7.427	-0.018	0.262
7.427	-0.018	0.262
7.428	-0.016	0.262
7.428	-0.016	0.262
7.428	-0.016	0.262
7.428	-0.016	0.262
7.428	-0.016	0.263
7.428	-0.016	0.263
7.428	-0.016	0.263
7.428	-0.016	0.263
7.428	-0.018	0.264
7.428	-0.018	0.264
7.429	-0.018	0.264
7.429	-0.018	0.264
7.429	-0.018	0.264
7.429	-0.018	0.264
7.429	-0.018	0.264
7.429	-0.018	0.264
7.429	-0.016	0.265
7.429	-0.016	0.265
7.429	-0.016	0.265
7.429	-0.016	0.265
7.430	-0.018	0.265
7.430	-0.018	0.265
7.430	-0.018	0.266
7.430	-0.018	0.266
7.430	-0.018	0.266
7.430	-0.018	0.266
7.430	-0.018	0.266
7.430	-0.018	0.266
7.430	-0.018	0.266
7.430	-0.018	0.266
7.431	-0.018	0.266
7.431	-0.018	0.266
7.431	-0.016	0.267
7.431	-0.016	0.267
7.431	-0.018	0.267
7.431	-0.018	0.267
7.431	-0.016	0.268
7.431	-0.016	0.268
7.431	-0.018	0.268
7.431	-0.018	0.268
7.432	-0.016	0.268
7.432	-0.016	0.268
7.432	-0.018	0.268
7.432	-0.018	0.268
7.432	-0.016	0.268
7.432	-0.016	0.268
7.432	-0.016	0.269
7.432	-0.016	0.269
7.432	-0.014	0.269
7.432	-0.014	0.269
7.433	-0.016	0.270
7.433	-0.016	0.270
7.433	-0.018	0.270
7.433	-0.018	0.270
7.433	-0.016	0.271
7.433	-0.016	0.271
7.433	-0.018	0.272
7.433	-0.018	0.272
7.433	-0.018	0.272
7.433	-0.018	0.272
7.434	-0.016	0.272
7.434	-0.016	0.272
7.434	-0.018	0.272
7.434	-0.018	0.272
7.434	-0.018	0.272
7.434	-0.018	0.272
7.434	-0.018	0.272
7.434	-0.018	0.272
7.434	-0.018	0.273
7.434	-0.018	0.273
7.435	-0.014	0.274
7.435	-0.014	0.274
7.435	-0.020	0.274
7.435	-0.020	0.274
7.435	-0.020	0.273
7.435	-0.020	0.273
7.435	-0.016	0.274
7.435	-0.016	0.274
7.435	-0.018	0.273
7.435	-0.018	0.273
7.436	-0.016	0.275
7.436	-0.016	0.275
7.436	-0.018	0.275
7.436	-0.018	0.275
7.436	-0.020	0.275
7.436	-0.020	0.275
7.436	-0.020	0.275
7.436	-0.020	0.275
7.436	-0.018	0.275
7.436	-0.018	0.275
7.437	-0.020	0.275
7.437	-0.020	0.275
7.437	-0.020	0.276
7.437	-0.020	0.276
7.437	-0.016	0.276
7.437	-0.016	0.276
7.437	-0.020	0.276
7.437	-0.020	0.276
7.437	-0.020	0.276
7.437	-0.020	0.276
7.438	-0.018	0.276
7.438	-0.018	0.276
7.438	-0.016	0.277
7.438	-0.016	0.277
7.438	-0.020	0.277
7.438	-0.020	0.277
7.438	-0.018	0.277
7.438	-0.018	0.277
7.438	-0.018	0.278
7.438	-0.018	0.278
7.439	-0.018	0.278
7.439	-0.018	0.278
7.439	-0.020	0.278
7.439	-0.020	0.278
7.439	-0.018	0.280
7.439	-0.018	0.280
7.439	-0.020	0.279
7.439	-0.020	0.279
7.439	-0.020	0.280
7.439	-0.020	0.280
7.440	-0.018	0.280
7.440	-0.018	0.280
7.440	-0.018	0.280
7.440	-0.018	0.280
7.440	-0.018	0.280
7.440	-0.018	0.280
7.440	-0.018	0.280
7.440	-0.018	0.280
7.440	-0.016	0.280
7.440	-0.016	0.280
7.441	-0.018	0.281
7.441	-0.018	0.281
7.441	-0.016	0.281
7.441	-0.016	0.281
7.441	-0.018	0.282
7.441	-0.018	0.282
7.441	-0.016	0.282
7.441	-0.016	0.282
7.441	-0.020	0.282
7.441	-0.020	0.282
7.442	-0.020	0.282
7.442	-0.020	0.282
7.442	-0.018	0.282
7.442	-0.018	0.282
7.442	-0.018	0.283
7.442	-0.018	0.283
7.442	-0.018	0.284
7.442	-0.018	0.284
7.442	-0.020	0.284
7.442	-0.020	0.284
7.443	-0.018	0.284
7.443	-0.018	0.284
7.443	-0.018	0.284
7.443	-0.018	0.284
7.443	-0.018	0.284
7.443	-0.018	0.284
7.443	-0.020	0.284
7.443	-0.020	0.284
7.443	-0.020	0.286
7.443	-0.020	0.286
7.444	-0.018	0.286
7.444	-0.018	0.286
7.444	-0.020	0.286
7.444	-0.020	0.286
7.444	-0.018	0.287
7.444	-0.018	0.287
7.444	-0.018	0.287
7.444	-0.018	0.287
7.444	-0.018	0.288
7.444	-0.018	0.288
7.445	-0.018	0.288
7.445	-0.018	0.288
7.445	-0.020	0.288
7.445	-0.020	0.288
7.445	-0.018	0.288
7.445	-0.018	0.288
7.445	-0.018	0.289
7.445	-0.018	0.289
7.445	-0.018	0.290
7.445	-0.018	0.290
7.446	-0.020	0.290
7.446	-0.020	0.290
7.446	-0.020	0.291
7.446	-0.020	0.291
7.446	-0.020	0.291
7.446	-0.020	0.291
7.446	-0.020	0.291
7.446	-0.020	0.291
7.446	-0.018	0.291
7.446	-0.018	0.291
7.447	-0.018	0.292
7.447	-0.018	0.292
7.447	-0.018	0.292
7.447	-0.018	0.292
7.447	-0.018	0.292
7.447	-0.018	0.292
7.447	-0.018	0.292
7.447	-0.018	0.292
7.447	-0.020	0.292
7.447	-0.020	0.292
7.448	-0.016	0.293
7.448	-0.016	0.293
7.448	-0.018	0.292
7.448	-0.018	0.292
7.448	-0.018	0.293
7.448	-0.018	0.293
7.448	-0.018	0.294
7.448	-0.018	0.294
7.448	-0.018	0.295
7.448	-0.018	0.295
7.449	-0.018	0.295
7.449	-0.018	0.295
7.449	-0.020	0.295
7.449	-0.020	0.295
7.449	-0.018	0.295
7.449	-0.018	0.295
7.449	-0.018	0.296
7.449	-0.018	0.296
7.449	-0.020	0.296
7.449	-0.020	0.296
7.450	-0.020	0.296
7.450	-0.020	0.296
7.450	-0.018	0.296
7.450	-0.018	0.296
7.450	-0.018	0.297
7.450	-0.018	0.297
7.450	-0.018	0.298
7.450	-0.018	0.298
7.450	-0.018	0.298
7.450	-0.018	0.298
7.451	-0.018	0.299
7.451	-0.018	0.299
7.451	-0.020	0.298
7.451	-0.020	0.298
7.451	-0.018	0.300
7.451	-0.018	0.300
7.451	-0.020	0.300
7.451	-0.020	0.300
7.451	-0.018	0.300
7.451	-0.018	0.300
7.452	-0.018	0.300
7.452	-0.018	0.300
7.452	-0.018	0.300
7.452	-0.018	0.300
7.452	-0.020	0.300
7.452	-0.020	0.300
7.452	-0.018	0.300
7.452	-0.018	0.300
7.452	-0.018	0.300
7.452	-0.018	0.300
7.453	-0.018	0.300
7.453	-0.018	0.300
7.453	-0.020	0.300
7.453	-0.020	0.300
7.453	-0.020	0.300
7.453	-0.020	0.300
7.453	-0.020	0.300
7.453	-0.020	0.300
7.453	-0.018	0.300
7.453	-0.018	0.300
7.454	-0.018	0.301
7.454	-0.018	0.301
7.454	-0.020	0.302
7.454	-0.020	0.302
7.454	-0.020	0.301
7.454	-0.020	0.301
7.454	-0.020	0.301
7.454	-0.020	0.301
7.454	-0.022	0.302
7.454	-0.022	0.302
7.455	-0.020	0.303
7.455	-0.020	0.303
7.455	-0.020	0.303
7.455	-0.020	0.303
7.455	-0.020	0.303
7.455	-0.020	0.303
7.455	-0.022	0.304
7.455	-0.022	0.304
7.455	-0.018	0.303
7.455	-0.018	0.303
7.456	-0.018	0.304
7.456	-0.018	0.304
7.456	-0.020	0.304
7.456	-0.020	0.304
7.456	-0.018	0.304
7.456	-0.018	0.304
7.456	-0.020	0.305
7.456	-0.020	0.305
7.456	-0.020	0.305
7.456	-0.020	0.305
7.457	-0.020	0.305
7.457	-0.020	0.305
7.457	-0.018	0.306
7.457	-0.018	0.306
7.457	-0.020	0.305
7.457	-0.020	0.305
7.457	-0.022	0.306
7.457	-0.022	0.306
7.457	-0.022	0.306
7.457	-0.022	0.306
7.458	-0.020	0.307
7.458	-0.020	0.307
7.458	-0.018	0.307
7.458	-0.018	0.307
7.458	-0.018	0.307
7.458	-0.018	0.307
7.458	-0.020	0.307
7.458	-0.020	0.307
7.458	-0.018	0.307
7.458	-0.018	0.307
7.459	-0.020	0.308
7.459	-0.020	0.308
7.459	-0.020	0.308
7.459	-0.020	0.308
7.459	-0.018	0.308
7.459	-0.018	0.308
7.459	-0.018	0.308
7.459	-0.018	0.308
7.459	-0.020	0.309
7.459	-0.020	0.309
7.460	-0.018	0.309
7.460	-0.018	0.309
7.460	-0.020	0.310
7.460	-0.020	0.310
7.460	-0.016	0.309
7.460	-0.016	0.309
7.460	-0.020	0.310
7.460	-0.020	0.310
7.460	-0.020	0.310
7.460	-0.020	0.310
7.461	-0.020	0.311
7.461	-0.020	0.311
7.461	-0.020	0.311
7.461	-0.020	0.311
7.461	-0.018	0.311
7.461	-0.018	0.311
7.461	-0.020	0.312
7.461	-0.020	0.312
7.461	-0.018	0.312
7.461	-0.018	0.312
7.462	-0.018	0.312
7.462	-0.018	0.312
7.462	-0.020	0.312
7.462	-0.020	0.312
7.462	-0.020	0.312
7.462	-0.020	0.312
7.462	-0.022	0.313
7.462	-0.022	0.313
7.462	-0.018	0.313
7.462	-0.018	0.313
7.463	-0.020	0.313
7.463	-0.020	0.313
7.463	-0.020	0.314
7.463	-0.020	0.314
7.463	-0.022	0.314
7.463	-0.022	0.314
7.463	-0.020	0.314
7.463	-0.020	0.314
7.463	-0.020	0.315
7.463	-0.020	0.315
7.464	-0.018	0.315
7.464	-0.018	0.315
7.464	-0.020	0.316
7.464	-0.020	0.316
7.464	-0.020	0.316
7.464	-0.020	0.316
7.464	-0.018	0.316
7.464	-0.018	0.316
7.464	-0.020	0.316
7.464	-0.020	0.316
7.465	-0.020	0.316
7.465	-0.020	0.316
7.465	-0.020	0.316
7.465	-0.020	0.316
7.465	-0.020	0.317
7.465	-0.020	0.317
7.465	-0.020	0.317
7.465	-0.020	0.317
7.465	-0.020	0.317
7.465	-0.020	0.317
7.466	-0.020	0.318
7.466	-0.020	0.318
7.466	-0.020	0.319
7.466	-0.020	0.319
7.466	-0.020	0.318
7.466	-0.020	0.318
7.466	-0.020	0.319
7.466	-0.020	0.319
7.466	-0.020	0.319
7.466	-0.020	0.319
7.467	-0.020	0.319
7.467	-0.020	0.319
7.467	-0.022	0.319
7.467	-0.022	0.319
7.467	-0.018	0.320
7.467	-0.018	0.320
7.467	-0.020	0.320
7.467	-0.020	0.320
7.467	-0.018	0.320
7.467	-0.018	0.320
7.468	-0.020	0.320
7.468	-0.020	0.320
7.468	-0.020	0.320
7.468	-0.020	0.320
7.468	-0.020	0.321
7.468	-0.020	0.321
7.468	-0.022	0.321
7.468	-0.022	0.321
7.468	-0.018	0.320
7.468	-0.018	0.320
7.469	-0.020	0.321
7.469	-0.020	0.321
7.469	-0.022	0.321
7.469	-0.022	0.321
7.469	-0.020	0.321
7.469	-0.020	0.321
7.469	-0.020	0.321
7.469	-0.020	0.321
7.469	-0.020	0.321
7.469	-0.020	0.321
7.470	-0.020	0.321
7.470	-0.020	0.321
7.470	-0.022	0.322
7.470	-0.022	0.322
7.470	-0.020	0.322
7.470	-0.020	0.322
7.470	-0.020	0.322
7.470	-0.020	0.322
7.470	-0.022	0.322
7.470	-0.022	0.322
7.471	-0.018	0.323
7.471	-0.018	0.323
7.471	-0.020	0.323
7.471	-0.020	0.323
7.471	-0.020	0.323
7.471	-0.020	0.323
7.471	-0.020	0.323
7.471	-0.020	0.323
7.471	-0.020	0.323
7.471	-0.020	0.323
7.472	-0.022	0.323
7.472	-0.022	0.323
7.472	-0.022	0.324
7.472	-0.022	0.324
7.472	-0.020	0.324
7.472	-0.020	0.324
7.472	-0.020	0.324
7.472	-0.020	0.324
7.472	-0.022	0.324
7.472	-0.022	0.324
7.473	-0.020	0.324
7.473	-0.020	0.324
7.473	-0.020	0.324
7.473	-0.020	0.324
7.473	-0.020	0.324
7.473	-0.020	0.324
7.473	-0.022	0.325
7.473	-0.022	0.325
7.473	-0.020	0.325
7.473	-0.020	0.325
7.474	-0.020	0.325
7.474	-0.020	0.325
7.474	-0.020	0.325
7.474	-0.020	0.325
7.474	-0.022	0.325
7.474	-0.022	0.325
7.474	-0.022	0.325
7.474	-0.022	0.325
7.474	-0.022	0.326
7.474	-0.022	0.326
7.475	-0.018	0.326
7.475	-0.018	0.326
7.475	-0.020	0.327
7.475	-0.020	0.327
7.475	-0.020	0.327
7.475	-0.020	0.327
7.475	-0.020	0.327
7.475	-0.020	0.327
7.475	-0.018	0.327
7.475	-0.018	0.327
7.476	-0.020	0.328
7.476	-0.020	0.328
7.476	-0.020	0.327
7.476	-0.020	0.327
7.476	-0.022	0.328
7.476	-0.022	0.328
7.476	-0.020	0.328
7.476	-0.020	0.328
7.476	-0.020	0.328
7.476	-0.020	0.328
7.477	-0.020	0.327
7.477	-0.020	0.327
7.477	-0.020	0.328
7.477	-0.020	0.328
7.477	-0.022	0.328
7.477	-0.022	0.328
7.477	-0.022	0.329
7.477	-0.022	0.329
7.477	-0.020	0.329
7.477	-0.020	0.329
7.478	-0.022	0.329
7.478	-0.022	0.329
7.478	-0.020	0.329
7.478	-0.020	0.329
7.478	-0.020	0.330
7.478	-0.020	0.330
7.478	-0.022	0.329
7.478	-0.022	0.329
7.478	-0.020	0.330
7.478	-0.020	0.330
7.479	-0.022	0.330
7.479	-0.022	0.330
7.479	-0.020	0.331
7.479	-0.020	0.331
7.479	-0.022	0.331
7.479	-0.022	0.331
7.479	-0.020	0.332
7.479	-0.020	0.332
7.479	-0.022	0.331
7.479	-0.022	0.331
7.480	-0.020	0.331
7.480	-0.020	0.331
7.480	-0.022	0.332
7.480	-0.022	0.332
7.480	-0.020	0.332
7.480	-0.020	0.332
7.480	-0.020	0.332
7.480	-0.020	0.332
7.480	-0.020	0.332
7.480	-0.020	0.332
7.481	-0.022	0.332
7.481	-0.022	0.332
7.481	-0.022	0.332
7.481	-0.022	0.332
7.481	-0.022	0.332
7.481	-0.022	0.332
7.481	-0.020	0.332
7.481	-0.020	0.332
7.481	-0.022	0.333
7.481	-0.022	0.333
7.482	-0.020	0.333
7.482	-0.020	0.333
7.482	-0.022	0.332
7.482	-0.022	0.332
7.482	-0.022	0.333
7.482	-0.022	0.333
7.482	-0.020	0.334
7.482	-0.020	0.334
7.482	-0.022	0.333
7.482	-0.022	0.333
7.483	-0.022	0.334
7.483	-0.022	0.334
7.483	-0.020	0.333
7.483	-0.020	0.333
7.483	-0.022	0.334
7.483	-0.022	0.334
7.483	-0.020	0.334
7.483	-0.020	0.334
7.483	-0.020	0.335
7.483	-0.020	0.335
7.484	-0.022	0.335
7.484	-0.022	0.335
7.484	-0.022	0.335
7.484	-0.022	0.335
7.484	-0.022	0.335
7.484	-0.022	0.335
7.484	-0.022	0.335
7.484	-0.022	0.335
7.484	-0.022	0.335
7.484	-0.022	0.335
7.485	-0.022	0.336
7.485	-0.022	0.336
7.485	-0.020	0.336
7.485	-0.020	0.336
7.485	-0.022	0.336
7.485	-0.022	0.336
7.485	-0.022	0.336
7.485	-0.022	0.336
7.485	-0.024	0.336
7.485	-0.024	0.336
7.486	-0.022	0.336
7.486	-0.022	0.336
7.486	-0.022	0.336
7.486	-0.022	0.336
7.486	-0.022	0.336
7.486	-0.022	0.336
7.486	-0.020	0.336
7.486	-0.020	0.336
7.486	-0.020	0.336
7.486	-0.020	0.336
7.487	-0.020	0.336
7.487	-0.020	0.336
7.487	-0.020	0.336
7.487	-0.020	0.336
7.487	-0.020	0.336
7.487	-0.020	0.336
7.487	-0.022	0.336
7.487	-0.022	0.336
7.487	-0.020	0.337
7.487	-0.020	0.337
7.488	-0.020	0.336
7.488	-0.020	0.336
7.488	-0.022	0.336
7.488	-0.022	0.336
7.488	-0.020	0.337
7.488	-0.020	0.337
7.488	-0.022	0.336
7.488	-0.022	0.336
7.488	-0.022	0.337
7.488	-0.022	0.337
7.489	-0.020	0.337
7.489	-0.020	0.337
7.489	-0.020	0.337
7.489	-0.020	0.337
7.489	-0.022	0.338
7.489	-0.022	0.338
7.489	-0.022	0.337
7.489	-0.022	0.337
7.489	-0.022	0.337
7.489	-0.022	0.337
7.490	-0.024	0.338
7.490	-0.024	0.338
7.490	-0.022	0.338
7.490	-0.022	0.338
7.490	-0.022	0.338
7.490	-0.022	0.338
7.490	-0.022	0.338
7.490	-0.022	0.338
7.490	-0.022	0.338
7.490	-0.022	0.338
7.491	-0.022	0.338
7.491	-0.022	0.338
7.491	-0.022	0.338
7.491	-0.022	0.338
7.491	-0.022	0.338
7.491	-0.022	0.338
7.491	-0.020	0.338
7.491	-0.020	0.338
7.491	-0.022	0.338
7.491	-0.022	0.338
7.492	-0.020	0.339
7.492	-0.020	0.339
7.492	-0.022	0.339
7.492	-0.022	0.339
7.492	-0.022	0.339
7.492	-0.022	0.339
7.492	-0.022	0.339
7.492	-0.022	0.339
7.492	-0.022	0.340
7.492	-0.022	0.340
7.493	-0.020	0.340
7.493	-0.020	0.340
7.493	-0.022	0.339
7.493	-0.022	0.339
7.493	-0.024	0.340
7.493	-0.024	0.340
7.493	-0.022	0.340
7.493	-0.022	0.340
7.493	-0.022	0.340
7.493	-0.022	0.340
7.494	-0.020	0.340
7.494	-0.020	0.340
7.494	-0.022	0.340
7.494	-0.022	0.340
7.494	-0.022	0.340
7.494	-0.022	0.340
7.494	-0.022	0.340
7.494	-0.022	0.340
7.494	-0.022	0.340
7.494	-0.022	0.340
7.495	-0.022	0.341
7.495	-0.022	0.341
7.495	-0.022	0.341
7.495	-0.022	0.341
7.495	-0.022	0.341
7.495	-0.022	0.341
7.495	-0.022	0.341
7.495	-0.022	0.341
7.495	-0.022	0.341
7.495	-0.022	0.341
7.496	-0.022	0.341
7.496	-0.022	0.341
7.496	-0.022	0.342
7.496	-0.022	0.342
7.496	-0.022	0.342
7.496	-0.022	0.342
7.496	-0.022	0.342
7.496	-0.022	0.342
7.496	-0.022	0.342
7.496	-0.022	0.342
7.497	-0.020	0.341
7.497	-0.020	0.341
7.497	-0.024	0.342
7.497	-0.024	0.342
7.497	-0.022	0.341
7.497	-0.022	0.341
7.497	-0.022	0.343
7.497	-0.022	0.343
7.497	-0.022	0.341
7.497	-0.022	0.341
7.498	-0.022	0.342
7.498	-0.022	0.342
7.498	-0.022	0.342
7.498	-0.022	0.342
7.498	-0.022	0.342
7.498	-0.022	0.342
7.498	-0.022	0.343
7.498	-0.022	0.343
7.498	-0.022	0.342
7.498	-0.022	0.342
7.499	-0.022	0.344
7.499	-0.022	0.344
7.499	-0.022	0.343
7.499	-0.022	0.343
7.499	-0.024	0.343
7.499	-0.024	0.343
7.499	-0.022	0.343
7.499	-0.022	0.343
7.499	-0.022	0.343
7.499	-0.022	0.343
7.500	-0.022	0.344
7.500	-0.022	0.344
7.500	-0.022	0.343
7.500	-0.022	0.343
7.500	-0.022	0.343
7.500	-0.022	0.343
7.500	-0.020	0.343
7.500	-0.020	0.343
7.500	-0.022	0.344
7.500	-0.022	0.344
7.501	-0.022	0.344
7.501	-0.022	0.344
7.501	-0.022	0.344
7.501	-0.022	0.344
7.501	-0.022	0.344
7.501	-0.022	0.344
7.501	-0.022	0.344
7.501	-0.022	0.344
7.501	-0.022	0.344
7.501	-0.022	0.344
7.502	-0.024	0.344
7.502	-0.024	0.344
7.502	-0.022	0.344
7.502	-0.022	0.344
7.502	-0.020	0.344
7.502	-0.020	0.344
7.502	-0.024	0.344
7.502	-0.024	0.344
7.502	-0.024	0.344
7.502	-0.024	0.344
7.503	-0.022	0.344
7.503	-0.022	0.344
7.503	-0.024	0.344
7.503	-0.024	0.344
7.503	-0.022	0.344
7.503	-0.022	0.344
7.503	-0.024	0.344
7.503	-0.024	0.344
7.503	-0.022	0.344
7.503	-0.022	0.344
7.504	-0.022	0.344
7.504	-0.022	0.344
7.504	-0.022	0.344
7.504	-0.022	0.344
7.504	-0.024	0.344
7.504	-0.024	0.344
7.504	-0.022	0.344
7.504	-0.022	0.344
7.504	-0.022	0.344
7.504	-0.022	0.344
7.505	-0.022	0.344
7.505	-0.022	0.344
7.505	-0.022	0.344
7.505	-0.022	0.344
7.505	-0.022	0.344
7.505	-0.022	0.344
7.505	-0.020	0.344
7.505	-0.020	0.344
7.505	-0.022	0.344
7.505	-0.022	0.344
7.506	-0.022	0.344
7.506	-0.022	0.344
7.506	-0.022	0.344
7.506	-0.022	0.344
7.506	-0.022	0.345
7.506	-0.022	0.345
7.506	-0.020	0.344
7.506	-0.020	0.344
7.506	-0.022	0.344
7.506	-0.022	0.344
7.507	-0.022	0.345
7.507	-0.022	0.345
7.507	-0.022	0.345
7.507	-0.022	0.345
7.507	-0.022	0.344
7.507	-0.022	0.344
7.507	-0.022	0.345
7.507	-0.022	0.345
7.507	-0.022	0.345
7.507	-0.022	0.345
7.508	-0.022	0.345
7.508	-0.022	0.345
7.508	-0.022	0.345
7.508	-0.022	0.345
7.508	-0.022	0.345
7.508	-0.022	0.345
7.508	-0.022	0.345
7.508	-0.022	0.345
7.508	-0.024	0.345
7.508	-0.024	0.345
7.509	-0.022	0.346
7.509	-0.022	0.346
7.509	-0.022	0.345
7.509	-0.022	0.345
7.509	-0.024	0.345
7.509	-0.024	0.345
7.509	-0.022	0.345
7.509	-0.022	0.345
7.509	-0.022	0.345
7.509	-0.022	0.345
7.510	-0.022	0.346
7.510	-0.022	0.346
7.510	-0.022	0.346
7.510	-0.022	0.346
7.510	-0.022	0.345
7.510	-0.022	0.345
7.510	-0.022	0.345
7.510	-0.022	0.345
7.510	-0.024	0.346
7.510	-0.024	0.346
7.511	-0.022	0.346
7.511	-0.022	0.346
7.511	-0.022	0.347
7.511	-0.022	0.347
7.511	-0.022	0.346
7.511	-0.022	0.346
7.511	-0.024	0.346
7.511	-0.024	0.346
7.511	-0.022	0.346
7.511	-0.022	0.346
7.512	-0.022	0.346
7.512	-0.022	0.346
7.512	-0.022	0.346
7.512	-0.022	0.346
7.512	-0.022	0.347
7.512	-0.022	0.347
7.512	-0.020	0.347
7.512	-0.020	0.347
7.512	-0.022	0.346
7.512	-0.022	0.346
7.513	-0.022	0.346
7.513	-0.022	0.346
7.513	-0.022	0.346
7.513	-0.022	0.346
7.513	-0.022	0.347
7.513	-0.022	0.347
7.513	-0.022	0.347
7.513	-0.022	0.347
7.513	-0.022	0.347
7.513	-0.022	0.347
7.514	-0.020	0.346
7.514	-0.020	0.346
7.514	-0.022	0.347
7.514	-0.022	0.347
7.514	-0.022	0.346
7.514	-0.022	0.346
7.514	-0.022	0.347
7.514	-0.022	0.347
7.514	-0.026	0.347
7.514	-0.026	0.347
7.515	-0.022	0.347
7.515	-0.022	0.347
7.515	-0.022	0.347
7.515	-0.022	0.347
7.515	-0.022	0.347
7.515	-0.022	0.347
7.515	-0.020	0.347
7.515	-0.020	0.347
7.515	-0.022	0.347
7.515	-0.022	0.347
7.516	-0.024	0.347
7.516	-0.024	0.347
7.516	-0.022	0.347
7.516	-0.022	0.347
7.516	-0.024	0.348
7.516	-0.024	0.348
7.516	-0.022	0.347
7.516	-0.022	0.347
7.516	-0.022	0.348
7.516	-0.022	0.348
7.517	-0.024	0.348
7.517	-0.024	0.348
7.517	-0.022	0.347
7.517	-0.022	0.347
7.517	-0.022	0.347
7.517	-0.022	0.347
7.517	-0.024	0.348
7.517	-0.024	0.348
7.517	-0.024	0.348
7.517	-0.024	0.348
7.518	-0.024	0.348
7.518	-0.024	0.348
7.518	-0.024	0.348
7.518	-0.024	0.348
7.518	-0.022	0.348
7.518	-0.022	0.348
7.518	-0.024	0.347
7.518	-0.024	0.347
7.518	-0.022	0.348
7.518	-0.022	0.348
7.519	-0.026	0.347
7.519	-0.026	0.347
7.519	-0.026	0.348
7.519	-0.026	0.348
7.519	-0.026	0.348
7.519	-0.026	0.348
7.519	-0.022	0.348
7.519	-0.022	0.348
7.519	-0.022	0.348
7.519	-0.022	0.348
7.520	-0.022	0.348
7.520	-0.022	0.348
7.520	-0.026	0.348
7.520	-0.026	0.348
7.520	-0.022	0.348
7.520	-0.022	0.348
7.520	-0.022	0.348
7.520	-0.022	0.348
7.520	-0.024	0.348
7.520	-0.024	0.348
7.521	-0.022	0.348
7.521	-0.022	0.348
7.521	-0.026	0.348
7.521	-0.026	0.348
7.521	-0.022	0.347
7.521	-0.022	0.347
7.521	-0.022	0.347
7.521	-0.022	0.347
7.521	-0.026	0.348
7.521	-0.026	0.348
7.522	-0.022	0.348
7.522	-0.022	0.348
7.522	-0.024	0.348
7.522	-0.024	0.348
7.522	-0.022	0.348
7.522	-0.022	0.348
7.522	-0.026	0.348
7.522	-0.026	0.348
7.522	-0.022	0.348
7.522	-0.022	0.348
7.523	-0.022	0.348
7.523	-0.022	0.348
7.523	-0.022	0.348
7.523	-0.022	0.348
7.523	-0.022	0.348
7.523	-0.022	0.348
7.523	-0.022	0.348
7.523	-0.022	0.348
7.523	-0.026	0.348
7.523	-0.026	0.348
7.524	-0.022	0.348
7.524	-0.022	0.348
7.524	-0.022	0.348
7.524	-0.022	0.348
7.524	-0.022	0.348
7.524	-0.022	0.348
7.524	-0.022	0.348
7.524	-0.022	0.348
7.524	-0.022	0.348
7.524	-0.022	0.348
7.525	-0.026	0.348
7.525	-0.026	0.348
7.525	-0.022	0.348
7.525	-0.022	0.348
7.525	-0.022	0.348
7.525	-0.022	0.348
7.525	-0.022	0.348
7.525	-0.022	0.348
7.525	-0.022	0.348
7.525	-0.022	0.348
7.526	-0.022	0.348
7.526	-0.022	0.348
7.526	-0.022	0.348
7.526	-0.022	0.348
7.526	-0.022	0.348
7.526	-0.022	0.348
7.526	-0.022	0.348
7.526	-0.022	0.348
7.526	-0.026	0.348
7.526	-0.026	0.348
7.527	-0.026	0.348
7.527	-0.026	0.348
7.527	-0.022	0.348
7.527	-0.022	0.348
7.527	-0.024	0.348
7.527	-0.024	0.348
7.527	-0.022	0.348
7.527	-0.022	0.348
7.527	-0.024	0.348
7.527	-0.024	0.348
7.528	-0.024	0.348
7.528	-0.024	0.348
7.528	-0.022	0.348
7.528	-0.022	0.348
7.528	-0.024	0.348
7.528	-0.024	0.348
7.528	-0.024	0.348
7.528	-0.024	0.348
7.528	-0.024	0.348
7.528	-0.024	0.348
7.529	-0.022	0.348
7.529	-0.022	0.348
7.529	-0.024	0.348
7.529	-0.024	0.348
7.529	-0.024	0.348
7.529	-0.024	0.348
7.529	-0.022	0.349
7.529	-0.022	0.349
7.529	-0.022	0.348
7.529	-0.022	0.348
7.530	-0.022	0.348
7.530	-0.022	0.348
7.530	-0.024	0.348
7.530	-0.024	0.348
7.530	-0.022	0.348
7.530	-0.022	0.348
7.530	-0.026	0.348
7.530	-0.026	0.348
7.530	-0.022	0.348
7.530	-0.022	0.348
7.531	-0.026	0.348
7.531	-0.026	0.348
7.531	-0.026	0.348
7.531	-0.026	0.348
7.531	-0.026	0.348
7.531	-0.026	0.348
7.531	-0.022	0.348
7.531	-0.022	0.348
7.531	-0.024	0.349
7.531	-0.024	0.349
7.532	-0.022	0.348
7.532	-0.022	0.348
7.532	-0.026	0.348
7.532	-0.026	0.348
7.532	-0.026	0.349
7.532	-0.026	0.349
7.532	-0.024	0.348
7.532	-0.024	0.348
7.532	-0.022	0.348
7.532	-0.022	0.348
7.533	-0.022	0.348
7.533	-0.022	0.348
7.533	-0.022	0.349
7.533	-0.022	0.349
7.533	-0.024	0.348
7.533	-0.024	0.348
7.533	-0.024	0.349
7.533	-0.024	0.349
7.533	-0.024	0.348
7.533	-0.024	0.348
7.534	-0.022	0.348
7.534	-0.022	0.348
7.534	-0.028	0.348
7.534	-0.028	0.348
7.534	-0.026	0.348
7.534	-0.026	0.348
7.534	-0.024	0.349
7.534	-0.024	0.349
7.534	-0.024	0.348
7.534	-0.024	0.348
7.535	-0.026	0.348
7.535	-0.026	0.348
7.535	-0.022	0.348
7.535	-0.022	0.348
7.535	-0.022	0.348
7.535	-0.022	0.348
7.535	-0.022	0.348
7.535	-0.022	0.348
7.535	-0.024	0.349
7.535	-0.024	0.349
7.536	-0.022	0.348
7.536	-0.022	0.348
7.536	-0.022	0.348
7.536	-0.022	0.348
7.536	-0.026	0.348
7.536	-0.026	0.348
7.536	-0.024	0.348
7.536	-0.024	0.348
7.536	-0.026	0.349
7.536	-0.026	0.349
7.537	-0.028	0.348
7.537	-0.028	0.348
7.537	-0.024	0.348
7.537	-0.024	0.348
7.537	-0.026	0.348
7.537	-0.026	0.348
7.537	-0.026	0.348
7.537	-0.026	0.348
7.537	-0.028	0.348
7.537	-0.028	0.348
7.538	-0.026	0.349
7.538	-0.026	0.349
7.538	-0.024	0.348
7.538	-0.024	0.348
7.538	-0.022	0.348
7.538	-0.022	0.348
7.538	-0.026	0.348
7.538	-0.026	0.348
7.538	-0.022	0.349
7.538	-0.022	0.349
7.539	-0.024	0.348
7.539	-0.024	0.348
7.539	-0.024	0.349
7.539	-0.024	0.349
7.539	-0.024	0.348
7.539	-0.024	0.348
7.539	-0.026	0.348
7.539	-0.026	0.348
7.539	-0.026	0.348
7.539	-0.026	0.348
7.540	-0.024	0.350
7.540	-0.024	0.350
7.540	-0.024	0.349
7.540	-0.024	0.349
7.540	-0.026	0.348
7.540	-0.026	0.348
7.540	-0.022	0.349
7.540	-0.022	0.349
7.540	-0.022	0.348
7.540	-0.022	0.348
7.541	-0.024	0.349
7.541	-0.024	0.349
7.541	-0.024	0.349
7.541	-0.024	0.349
7.541	-0.022	0.350
7.541	-0.022	0.350
7.541	-0.026	0.349
7.541	-0.026	0.349
7.541	-0.024	0.348
7.541	-0.024	0.348
7.542	-0.026	0.349
7.542	-0.026	0.349
7.542	-0.026	0.348
7.542	-0.026	0.348
7.542	-0.022	0.349
7.542	-0.022	0.349
7.542	-0.022	0.348
7.542	-0.022	0.348
7.542	-0.026	0.348
7.542	-0.026	0.348
7.543	-0.024	0.348
7.543	-0.024	0.348
7.543	-0.024	0.349
7.543	-0.024	0.349
7.543	-0.026	0.349
7.543	-0.026	0.349
7.543	-0.026	0.348
7.543	-0.026	0.348
7.543	-0.022	0.349
7.543	-0.022	0.349
7.544	-0.024	0.349
7.544	-0.024	0.349
7.544	-0.026	0.349
7.544	-0.026	0.349
7.544	-0.026	0.349
7.544	-0.026	0.349
7.544	-0.024	0.349
7.544	-0.024	0.349
7.544	-0.022	0.349
7.544	-0.022	0.349
7.545	-0.026	0.348
7.545	-0.026	0.348
7.545	-0.024	0.348
7.545	-0.024	0.348
7.545	-0.026	0.348
7.545	-0.026	0.348
7.545	-0.024	0.348
7.545	-0.024	0.348
7.545	-0.024	0.349
7.545	-0.024	0.349
7.546	-0.026	0.349
7.546	-0.026	0.349
7.546	-0.026	0.348
7.546	-0.026	0.348
7.546	-0.026	0.348
7.546	-0.026	0.348
7.546	-0.026	0.348
7.546	-0.026	0.348
7.546	-0.026	0.350
7.546	-0.026	0.350
7.547	-0.026	0.349
7.547	-0.026	0.349
7.547	-0.026	0.348
7.547	-0.026	0.348
7.547	-0.024	0.349
7.547	-0.024	0.349
7.547	-0.024	0.348
7.547	-0.024	0.348
7.547	-0.026	0.348
7.547	-0.026	0.348
7.548	-0.026	0.348
7.548	-0.026	0.348
7.548	-0.026	0.348
7.548	-0.026	0.348
7.548	-0.026	0.348
7.548	-0.026	0.348
7.548	-0.026	0.348
7.548	-0.026	0.348
7.548	-0.024	0.348
7.548	-0.024	0.348
7.549	-0.024	0.349
7.549	-0.024	0.349
7.549	-0.022	0.348
7.549	-0.022	0.348
7.549	-0.024	0.348
7.549	-0.024	0.348
7.549	-0.026	0.349
7.549	-0.026	0.349
7.549	-0.026	0.348
7.549	-0.026	0.348
7.550	-0.024	0.349
7.550	-0.024	0.349
7.550	-0.026	0.349
7.550	-0.026	0.349
7.550	-0.026	0.349
7.550	-0.026	0.349
7.550	-0.024	0.348
7.550	-0.024	0.348
7.550	-0.026	0.348
7.550	-0.026	0.348
7.551	-0.026	0.348
7.551	-0.026	0.348
7.551	-0.028	0.349
7.551	-0.028	0.349
7.551	-0.026	0.349
7.551	-0.026	0.349
7.551	-0.024	0.349
7.551	-0.024	0.349
7.551	-0.026	0.348
7.551	-0.026	0.348
7.552	-0.022	0.349
7.552	-0.022	0.349
7.552	-0.026	0.348
7.552	-0.026	0.348
7.552	-0.024	0.349
7.552	-0.024	0.349
7.552	-0.028	0.348
7.552	-0.028	0.348
7.552	-0.026	0.348
7.552	-0.026	0.348
7.553	-0.026	0.349
7.553	-0.026	0.349
7.553	-0.022	0.348
7.553	-0.022	0.348
7.553	-0.028	0.348
7.553	-0.028	0.348
7.553	-0.026	0.348
7.553	-0.026	0.348
7.553	-0.022	0.349
7.553	-0.022	0.349
7.554	-0.026	0.348
7.554	-0.026	0.348
7.554	-0.026	0.349
7.554	-0.026	0.349
7.554	-0.026	0.348
7.554	-0.026	0.348
7.554	-0.028	0.349
7.554	-0.028	0.349
7.554	-0.028	0.348
7.554	-0.028	0.348
7.555	-0.024	0.349
7.555	-0.024	0.349
7.555	-0.026	0.349
7.555	-0.026	0.349
7.555	-0.026	0.348
7.555	-0.026	0.348
7.555	-0.028	0.348
7.555	-0.028	0.348
7.555	-0.026	0.348
7.555	-0.026	0.348
7.556	-0.028	0.348
7.556	-0.028	0.348
7.556	-0.026	0.349
7.556	-0.026	0.349
7.556	-0.026	0.348
7.556	-0.026	0.348
7.556	-0.030	0.348
7.556	-0.030	0.348
7.556	-0.028	0.348
7.556	-0.028	0.348
7.557	-0.026	0.349
7.557	-0.026	0.349
7.557	-0.022	0.348
7.557	-0.022	0.348
7.557	-0.026	0.348
7.557	-0.026	0.348
7.557	-0.028	0.348
7.557	-0.028	0.348
7.557	-0.026	0.348
7.557	-0.026	0.348
7.558	-0.028	0.349
7.558	-0.028	0.349
7.558	-0.026	0.349
7.558	-0.026	0.349
7.558	-0.028	0.348
7.558	-0.028	0.348
7.558	-0.024	0.348
7.558	-0.024	0.348
7.558	-0.026	0.349
7.558	-0.026	0.349
7.559	-0.026	0.348
7.559	-0.026	0.348
7.559	-0.024	0.348
7.559	-0.024	0.348
7.559	-0.028	0.349
7.559	-0.028	0.349
7.559	-0.026	0.348
7.559	-0.026	0.348
7.559	-0.028	0.348
7.559	-0.028	0.348
7.560	-0.026	0.348
7.560	-0.026	0.348
7.560	-0.028	0.348
7.560	-0.028	0.348
7.560	-0.026	0.348
7.560	-0.026	0.348
7.560	-0.026	0.349
7.560	-0.026	0.349
7.560	-0.028	0.348
7.560	-0.028	0.348
7.561	-0.028	0.348
7.561	-0.028	0.348
7.561	-0.026	0.349
7.561	-0.026	0.349
7.561	-0.026	0.349
7.561	-0.026	0.349
7.561	-0.026	0.348
7.561	-0.026	0.348
7.561	-0.024	0.348
7.561	-0.024	0.348
7.562	-0.028	0.348
7.562	-0.028	0.348
7.562	-0.028	0.348
7.562	-0.028	0.348
7.562	-0.026	0.348
7.562	-0.026	0.348
7.562	-0.026	0.348
7.562	-0.026	0.348
7.562	-0.028	0.348
7.562	-0.028	0.348
7.563	-0.028	0.348
7.563	-0.028	0.348
7.563	-0.028	0.348
7.563	-0.028	0.348
7.563	-0.028	0.348
7.563	-0.028	0.348
7.563	-0.026	0.348
7.563	-0.026	0.348
7.563	-0.022	0.348
7.563	-0.022	0.348
7.564	-0.028	0.348
7.564	-0.028	0.348
7.564	-0.028	0.349
7.564	-0.028	0.349
7.564	-0.026	0.348
7.564	-0.026	0.348
7.564	-0.028	0.349
7.564	-0.028	0.349
7.564	-0.024	0.349
7.564	-0.024	0.349
7.565	-0.024	0.348
7.565	-0.024	0.348
7.565	-0.026	0.349
7.565	-0.026	0.349
7.565	-0.028	0.349
7.565	-0.028	0.349
7.565	-0.028	0.348
7.565	-0.028	0.348
7.565	-0.024	0.349
7.565	-0.024	0.349
7.566	-0.026	0.348
7.566	-0.026	0.348
7.566	-0.026	0.349
7.566	-0.026	0.349
7.566	-0.028	0.348
7.566	-0.028	0.348
7.566	-0.028	0.349
7.566	-0.028	0.349
7.566	-0.026	0.348
7.566	-0.026	0.348
7.567	-0.028	0.348
7.567	-0.028	0.348
7.567	-0.030	0.348
7.567	-0.030	0.348
7.567	-0.026	0.348
7.567	-0.026	0.348
7.567	-0.028	0.348
7.567	-0.028	0.348
7.567	-0.028	0.348
7.567	-0.028	0.348
7.568	-0.026	0.348
7.568	-0.026	0.348
7.568	-0.030	0.348
7.568	-0.030	0.348
7.568	-0.026	0.349
7.568	-0.026	0.349
7.568	-0.030	0.349
7.568	-0.030	0.349
7.568	-0.028	0.349
7.568	-0.028	0.349
7.569	-0.026	0.348
7.569	-0.026	0.348
7.569	-0.026	0.348
7.569	-0.026	0.348
7.569	-0.026	0.348
7.569	-0.026	0.348
7.569	-0.026	0.349
7.569	-0.026	0.349
7.569	-0.028	0.348
7.569	-0.028	0.348
7.570	-0.026	0.349
7.570	-0.026	0.349
7.570	-0.026	0.348
7.570	-0.026	0.348
7.570	-0.026	0.348
7.570	-0.026	0.348
7.570	-0.028	0.348
7.570	-0.028	0.348
7.570	-0.028	0.348
7.570	-0.028	0.348
7.571	-0.028	0.348
7.571	-0.028	0.348
7.571	-0.026	0.348
7.571	-0.026	0.348
7.571	-0.024	0.348
7.571	-0.024	0.348
7.571	-0.028	0.348
7.571	-0.028	0.348
7.571	-0.030	0.348
7.571	-0.030	0.348
7.572	-0.028	0.348
7.572	-0.028	0.348
7.572	-0.026	0.348
7.572	-0.026	0.348
7.572	-0.028	0.349
7.572	-0.028	0.349
7.572	-0.030	0.348
7.572	-0.030	0.348
7.572	-0.028	0.348
7.572	-0.028	0.348
7.573	-0.026	0.349
7.573	-0.026	0.349
7.573	-0.028	0.348
7.573	-0.028	0.348
7.573	-0.028	0.348
7.573	-0.028	0.348
7.573	-0.028	0.348
7.573	-0.028	0.348
7.573	-0.028	0.348
7.573	-0.028	0.348
7.574	-0.030	0.348
7.574	-0.030	0.348
7.574	-0.028	0.348
7.574	-0.028	0.348
7.574	-0.028	0.348
7.574	-0.028	0.348
7.574	-0.028	0.348
7.574	-0.028	0.348
7.574	-0.028	0.348
7.574	-0.028	0.348
7.575	-0.024	0.349
7.575	-0.024	0.349
7.575	-0.030	0.348
7.575	-0.030	0.348
7.575	-0.028	0.348
7.575	-0.028	0.348
7.575	-0.026	0.349
7.575	-0.026	0.349
7.575	-0.026	0.348
7.575	-0.026	0.348
7.576	-0.028	0.348
7.576	-0.028	0.348
7.576	-0.028	0.349
7.576	-0.028	0.349
7.576	-0.028	0.348
7.576	-0.028	0.348
7.576	-0.028	0.348
7.576	-0.028	0.348
7.576	-0.028	0.348
7.576	-0.028	0.348
7.577	-0.026	0.348
7.577	-0.026	0.348
7.577	-0.026	0.348
7.577	-0.026	0.348
7.577	-0.028	0.348
7.577	-0.028	0.348
7.577	-0.028	0.348
7.577	-0.028	0.348
7.577	-0.026	0.348
7.577	-0.026	0.348
7.578	-0.028	0.348
7.578	-0.028	0.348
7.578	-0.026	0.348
7.578	-0.026	0.348
7.578	-0.028	0.348
7.578	-0.028	0.348
7.578	-0.028	0.348
7.578	-0.028	0.348
7.578	-0.028	0.348
7.578	-0.028	0.348
7.579	-0.028	0.348
7.579	-0.028	0.348
7.579	-0.026	0.349
7.579	-0.026	0.349
7.579	-0.026	0.348
7.579	-0.026	0.348
7.579	-0.028	0.348
7.579	-0.028	0.348
7.579	-0.028	0.348
7.579	-0.028	0.348
7.580	-0.030	0.348
7.580	-0.030	0.348
7.580	-0.030	0.348
7.580	-0.030	0.348
7.580	-0.026	0.348
7.580	-0.026	0.348
7.580	-0.028	0.348
7.580	-0.028	0.348
7.580	-0.030	0.349
7.580	-0.030	0.349
7.581	-0.028	0.348
7.581	-0.028	0.348
7.581	-0.026	0.348
7.581	-0.026	0.348
7.581	-0.028	0.348
7.581	-0.028	0.348
7.581	-0.030	0.348
7.581	-0.030	0.348
7.581	-0.030	0.348
7.581	-0.030	0.348
7.582	-0.028	0.348
7.582	-0.028	0.348
7.582	-0.030	0.348
7.582	-0.030	0.348
7.582	-0.026	0.348
7.582	-0.026	0.348
7.582	-0.028	0.348
7.582	-0.028	0.348
7.582	-0.024	0.348
7.582	-0.024	0.348
7.583	-0.028	0.348
7.583	-0.028	0.348
7.583	-0.028	0.348
7.583	-0.028	0.348
7.583	-0.026	0.348
7.583	-0.026	0.348
7.583	-0.026	0.348
7.583	-0.026	0.348
7.583	-0.028	0.348
7.583	-0.028	0.348
7.584	-0.030	0.348
7.584	-0.030	0.348
7.584	-0.026	0.348
7.584	-0.026	0.348
7.584	-0.028	0.348
7.584	-0.028	0.348
7.584	-0.030	0.348
7.584	-0.030	0.348
7.584	-0.024	0.348
7.584	-0.024	0.348
7.585	-0.026	0.348
7.585	-0.026	0.348
7.585	-0.028	0.348
7.585	-0.028	0.348
7.585	-0.028	0.348
