7.185	-0.002	0.420
7.185	-0.002	0.420
7.185	-0.002	0.420
7.185	-0.002	0.420
7.185	-0.002	0.420
7.186	0.000	0.420
7.186	0.000	0.420
7.186	0.000	0.420
7.186	0.000	0.420
7.186	0.000	0.420
7.186	0.000	0.420
7.186	-0.002	0.420
7.186	-0.002	0.420
7.186	0.000	0.420
7.186	0.000	0.420
7.187	-0.002	0.420
7.187	-0.002	0.420
7.187	-0.002	0.420
7.187	-0.002	0.420
7.187	0.000	0.420
7.187	0.000	0.420
7.187	0.000	0.420
7.187	0.000	0.420
7.187	-0.002	0.420
7.187	-0.002	0.420
7.188	-0.002	0.420
7.188	-0.002	0.420
7.188	-0.004	0.421
7.188	-0.004	0.421
7.188	0.000	0.420
7.188	0.000	0.420
7.188	-0.002	0.420
7.188	-0.002	0.420
7.188	0.000	0.420
7.188	0.000	0.420
7.189	-0.002	0.420
7.189	-0.002	0.420
7.189	-0.002	0.420
7.189	-0.002	0.420
7.189	-0.004	0.420
7.189	-0.004	0.420
7.189	0.002	0.420
7.189	0.002	0.420
7.189	0.000	0.420
7.189	0.000	0.420
7.190	-0.002	0.420
7.190	-0.002	0.420
7.190	-0.002	0.420
7.190	-0.002	0.420
7.190	-0.002	0.420
7.190	-0.002	0.420
7.190	0.000	0.420
7.190	0.000	0.420
7.190	0.002	0.420
7.190	0.002	0.420
7.191	-0.002	0.420
7.191	-0.002	0.420
7.191	-0.002	0.420
7.191	-0.002	0.420
7.191	0.000	0.420
7.191	0.000	0.420
7.191	0.000	0.420
7.191	0.000	0.420
7.191	-0.002	0.420
7.191	-0.002	0.420
7.192	0.002	0.420
7.192	0.002	0.420
7.192	-0.002	0.420
7.192	-0.002	0.420
7.192	-0.002	0.419
7.192	-0.002	0.419
7.192	-0.002	0.420
7.192	-0.002	0.420
7.192	0.000	0.420
7.192	0.000	0.420
7.193	-0.002	0.420
7.193	-0.002	0.420
7.193	-0.002	0.420
7.193	-0.002	0.420
7.193	-0.002	0.420
7.193	-0.002	0.420
7.193	-0.002	0.420
7.193	-0.002	0.420
7.193	-0.002	0.420
7.193	-0.002	0.420
7.194	-0.002	0.420
7.194	-0.002	0.420
7.194	-0.002	0.420
7.194	-0.002	0.420
7.194	-0.002	0.420
7.194	-0.002	0.420
7.194	-0.002	0.420
7.194	-0.002	0.420
7.194	0.000	0.420
7.194	0.000	0.420
7.195	0.000	0.420
7.195	0.000	0.420
7.195	0.000	0.420
7.195	0.000	0.420
7.195	-0.002	0.420
7.195	-0.002	0.420
7.195	0.000	0.420
7.195	0.000	0.420
7.195	-0.004	0.420
7.195	-0.004	0.420
7.196	0.002	0.420
7.196	0.002	0.420
7.196	-0.002	0.420
7.196	-0.002	0.420
7.196	-0.004	0.420
7.196	-0.004	0.420
7.196	0.002	0.420
7.196	0.002	0.420
7.196	-0.002	0.420
7.196	-0.002	0.420
7.197	-0.004	0.420
7.197	-0.004	0.420
7.197	-0.002	0.420
7.197	-0.002	0.420
7.197	0.000	0.420
7.197	0.000	0.420
7.197	0.000	0.420
7.197	0.000	0.420
7.197	-0.002	0.420
7.197	-0.002	0.420
7.198	-0.002	0.420
7.198	-0.002	0.420
7.198	-0.002	0.420
7.198	-0.002	0.420
7.198	-0.002	0.419
7.198	-0.002	0.419
7.198	-0.002	0.420
7.198	-0.002	0.420
7.198	-0.002	0.420
7.198	-0.002	0.420
7.199	-0.002	0.420
7.199	-0.002	0.420
7.199	0.000	0.420
7.199	0.000	0.420
7.199	-0.002	0.420
7.199	-0.002	0.420
7.199	-0.002	0.420
7.199	-0.002	0.420
7.199	-0.002	0.419
7.199	-0.002	0.419
7.200	-0.002	0.420
7.200	-0.002	0.420
7.200	0.000	0.420
7.200	0.000	0.420
7.200	-0.002	0.420
7.200	-0.002	0.420
7.200	-0.002	0.420
7.200	-0.002	0.420
7.200	-0.002	0.419
7.200	-0.002	0.419
7.201	-0.004	0.420
7.201	-0.004	0.420
7.201	-0.002	0.420
7.201	-0.002	0.420
7.201	-0.002	0.419
7.201	-0.002	0.419
7.201	0.000	0.420
7.201	0.000	0.420
7.201	-0.002	0.420
7.201	-0.002	0.420
7.202	-0.004	0.419
7.202	-0.004	0.419
7.202	-0.004	0.419
7.202	-0.004	0.419
7.202	-0.002	0.419
7.202	-0.002	0.419
7.202	-0.002	0.419
7.202	-0.002	0.419
7.202	0.000	0.419
7.202	0.000	0.419
7.203	-0.002	0.420
7.203	-0.002	0.420
7.203	0.000	0.420
7.203	0.000	0.420
7.203	-0.002	0.420
7.203	-0.002	0.420
7.203	-0.002	0.419
7.203	-0.002	0.419
7.203	-0.002	0.419
7.203	-0.002	0.419
7.204	0.000	0.419
7.204	0.000	0.419
7.204	-0.002	0.420
7.204	-0.002	0.420
7.204	-0.002	0.419
7.204	-0.002	0.419
7.204	0.000	0.419
7.204	0.000	0.419
7.204	-0.002	0.419
7.204	-0.002	0.419
7.205	-0.002	0.420
7.205	-0.002	0.420
7.205	-0.004	0.420
7.205	-0.004	0.420
7.205	-0.002	0.419
7.205	-0.002	0.419
7.205	-0.004	0.419
7.205	-0.004	0.419
7.205	-0.002	0.419
7.205	-0.002	0.419
7.206	-0.004	0.419
7.206	-0.004	0.419
7.206	-0.004	0.419
7.206	-0.004	0.419
7.206	-0.002	0.419
7.206	-0.002	0.419
7.206	0.000	0.419
7.206	0.000	0.419
7.206	-0.002	0.419
7.206	-0.002	0.419
7.207	-0.002	0.419
7.207	-0.002	0.419
7.207	-0.004	0.420
7.207	-0.004	0.420
7.207	-0.004	0.420
7.207	-0.004	0.420
7.207	-0.002	0.419
7.207	-0.002	0.419
7.207	-0.002	0.419
7.207	-0.002	0.419
7.208	-0.004	0.419
7.208	-0.004	0.419
7.208	-0.002	0.419
7.208	-0.002	0.419
7.208	-0.004	0.419
7.208	-0.004	0.419
7.208	-0.002	0.419
7.208	-0.002	0.419
7.208	-0.004	0.420
7.208	-0.004	0.420
7.209	-0.002	0.419
7.209	-0.002	0.419
7.209	-0.004	0.419
7.209	-0.004	0.419
7.209	-0.002	0.419
7.209	-0.002	0.419
7.209	-0.004	0.419
7.209	-0.004	0.419
7.209	-0.004	0.420
7.209	-0.004	0.420
7.210	-0.002	0.420
7.210	-0.002	0.420
7.210	-0.004	0.419
7.210	-0.004	0.419
7.210	-0.004	0.419
7.210	-0.004	0.419
7.210	-0.002	0.419
7.210	-0.002	0.419
7.210	-0.002	0.419
7.210	-0.002	0.419
7.211	-0.004	0.420
7.211	-0.004	0.420
7.211	-0.004	0.419
7.211	-0.004	0.419
7.211	-0.002	0.419
7.211	-0.002	0.419
7.211	-0.002	0.420
7.211	-0.002	0.420
7.211	0.000	0.419
7.211	0.000	0.419
7.212	-0.004	0.420
7.212	-0.004	0.420
7.212	-0.004	0.420
7.212	-0.004	0.420
7.212	-0.002	0.418
7.212	-0.002	0.418
7.212	-0.004	0.418
7.212	-0.004	0.418
7.212	-0.002	0.419
7.212	-0.002	0.419
7.213	-0.002	0.419
7.213	-0.002	0.419
7.213	-0.002	0.418
7.213	-0.002	0.418
7.213	-0.002	0.419
7.213	-0.002	0.419
7.213	-0.002	0.419
7.213	-0.002	0.419
7.213	-0.004	0.418
7.213	-0.004	0.418
7.214	-0.002	0.419
7.214	-0.002	0.419
7.214	-0.002	0.419
7.214	-0.002	0.419
7.214	-0.002	0.419
7.214	-0.002	0.419
7.214	-0.004	0.419
7.214	-0.004	0.419
7.214	-0.002	0.419
7.214	-0.002	0.419
7.215	-0.002	0.419
7.215	-0.002	0.419
7.215	-0.002	0.418
7.215	-0.002	0.418
7.215	-0.002	0.419
7.215	-0.002	0.419
7.215	-0.002	0.419
7.215	-0.002	0.419
7.215	-0.004	0.418
7.215	-0.004	0.418
7.216	-0.002	0.418
7.216	-0.002	0.418
7.216	-0.004	0.419
7.216	-0.004	0.419
7.216	-0.006	0.419
7.216	-0.006	0.419
7.216	-0.004	0.418
7.216	-0.004	0.418
7.216	-0.004	0.418
7.216	-0.004	0.418
7.217	-0.004	0.418
7.217	-0.004	0.418
7.217	-0.002	0.418
7.217	-0.002	0.418
7.217	0.000	0.418
7.217	0.000	0.418
7.217	-0.004	0.419
7.217	-0.004	0.419
7.217	-0.004	0.419
7.217	-0.004	0.419
7.218	-0.002	0.418
7.218	-0.002	0.418
7.218	-0.002	0.419
7.218	-0.002	0.419
7.218	-0.004	0.419
7.218	-0.004	0.419
7.218	-0.004	0.418
7.218	-0.004	0.418
7.218	-0.004	0.419
7.218	-0.004	0.419
7.219	-0.006	0.418
7.219	-0.006	0.418
7.219	-0.004	0.418
7.219	-0.004	0.418
7.219	-0.004	0.419
7.219	-0.004	0.419
7.219	-0.004	0.418
7.219	-0.004	0.418
7.219	-0.004	0.418
7.219	-0.004	0.418
7.220	-0.004	0.419
7.220	-0.004	0.419
7.220	-0.002	0.418
7.220	-0.002	0.418
7.220	-0.004	0.419
7.220	-0.004	0.419
7.220	-0.004	0.419
7.220	-0.004	0.419
7.220	-0.002	0.419
7.220	-0.002	0.419
7.221	-0.002	0.419
7.221	-0.002	0.419
7.221	-0.004	0.418
7.221	-0.004	0.418
7.221	-0.004	0.418
7.221	-0.004	0.418
7.221	-0.004	0.418
7.221	-0.004	0.418
7.221	-0.002	0.419
7.221	-0.002	0.419
7.222	-0.002	0.418
7.222	-0.002	0.418
7.222	-0.002	0.419
7.222	-0.002	0.419
7.222	-0.002	0.419
7.222	-0.002	0.419
7.222	-0.004	0.418
7.222	-0.004	0.418
7.222	-0.002	0.419
7.222	-0.002	0.419
7.223	-0.004	0.419
7.223	-0.004	0.419
7.223	-0.002	0.418
7.223	-0.002	0.418
7.223	-0.004	0.419
7.223	-0.004	0.419
7.223	-0.002	0.418
7.223	-0.002	0.418
7.223	-0.004	0.419
7.223	-0.004	0.419
7.224	-0.002	0.418
7.224	-0.002	0.418
7.224	-0.002	0.418
7.224	-0.002	0.418
7.224	-0.004	0.418
7.224	-0.004	0.418
7.224	-0.004	0.418
7.224	-0.004	0.418
7.224	-0.006	0.418
7.224	-0.006	0.418
7.225	-0.004	0.418
7.225	-0.004	0.418
7.225	-0.004	0.418
7.225	-0.004	0.418
7.225	-0.006	0.418
7.225	-0.006	0.418
7.225	-0.004	0.418
7.225	-0.004	0.418
7.225	-0.004	0.418
7.225	-0.004	0.418
7.226	-0.004	0.419
7.226	-0.004	0.419
7.226	-0.004	0.418
7.226	-0.004	0.418
7.226	0.000	0.419
7.226	0.000	0.419
7.226	-0.002	0.417
7.226	-0.002	0.417
7.226	-0.004	0.418
7.226	-0.004	0.418
7.227	-0.004	0.418
7.227	-0.004	0.418
7.227	-0.002	0.418
7.227	-0.002	0.418
7.227	-0.004	0.418
7.227	-0.004	0.418
7.227	-0.004	0.418
7.227	-0.004	0.418
7.227	-0.004	0.418
7.227	-0.004	0.418
7.228	-0.004	0.418
7.228	-0.004	0.418
7.228	-0.004	0.418
7.228	-0.004	0.418
7.228	-0.006	0.418
7.228	-0.006	0.418
7.228	-0.002	0.419
7.228	-0.002	0.419
7.228	-0.004	0.418
7.228	-0.004	0.418
7.229	-0.002	0.418
7.229	-0.002	0.418
7.229	-0.004	0.418
7.229	-0.004	0.418
7.229	-0.004	0.418
7.229	-0.004	0.418
7.229	-0.006	0.418
7.229	-0.006	0.418
7.229	-0.004	0.418
7.229	-0.004	0.418
7.230	-0.004	0.418
7.230	-0.004	0.418
7.230	-0.004	0.417
7.230	-0.004	0.417
7.230	-0.004	0.418
7.230	-0.004	0.418
7.230	-0.004	0.418
7.230	-0.004	0.418
7.230	-0.006	0.418
7.230	-0.006	0.418
7.231	-0.006	0.418
7.231	-0.006	0.418
7.231	-0.004	0.418
7.231	-0.004	0.418
7.231	-0.006	0.418
7.231	-0.006	0.418
7.231	-0.004	0.418
7.231	-0.004	0.418
7.231	-0.004	0.418
7.231	-0.004	0.418
7.232	-0.004	0.418
7.232	-0.004	0.418
7.232	-0.004	0.418
7.232	-0.004	0.418
7.232	-0.004	0.418
7.232	-0.004	0.418
7.232	-0.004	0.418
7.232	-0.004	0.418
7.232	-0.004	0.417
7.232	-0.004	0.417
7.233	-0.006	0.418
7.233	-0.006	0.418
7.233	-0.004	0.417
7.233	-0.004	0.417
7.233	-0.004	0.418
7.233	-0.004	0.418
7.233	-0.006	0.418
7.233	-0.006	0.418
7.233	-0.004	0.418
7.233	-0.004	0.418
7.234	-0.004	0.417
7.234	-0.004	0.417
7.234	-0.004	0.418
7.234	-0.004	0.418
7.234	-0.004	0.417
7.234	-0.004	0.417
7.234	-0.004	0.417
7.234	-0.004	0.417
7.234	-0.004	0.418
7.234	-0.004	0.418
7.235	-0.006	0.418
7.235	-0.006	0.418
7.235	-0.004	0.417
7.235	-0.004	0.417
7.235	-0.002	0.417
7.235	-0.002	0.417
7.235	-0.004	0.418
7.235	-0.004	0.418
7.235	-0.004	0.417
7.235	-0.004	0.417
7.236	-0.004	0.418
7.236	-0.004	0.418
7.236	-0.002	0.417
7.236	-0.002	0.417
7.236	-0.006	0.418
7.236	-0.006	0.418
7.236	-0.006	0.418
7.236	-0.006	0.418
7.236	-0.004	0.418
7.236	-0.004	0.418
7.237	-0.004	0.418
7.237	-0.004	0.418
7.237	-0.006	0.418
7.237	-0.006	0.418
7.237	-0.004	0.418
7.237	-0.004	0.418
7.237	-0.004	0.417
7.237	-0.004	0.417
7.237	-0.004	0.418
7.237	-0.004	0.418
7.238	-0.004	0.418
7.238	-0.004	0.418
7.238	-0.004	0.418
7.238	-0.004	0.418
7.238	-0.004	0.419
7.238	-0.004	0.419
7.238	-0.004	0.417
7.238	-0.004	0.417
7.238	-0.004	0.417
7.238	-0.004	0.417
7.239	-0.006	0.418
7.239	-0.006	0.418
7.239	-0.004	0.418
7.239	-0.004	0.418
7.239	-0.006	0.417
7.239	-0.006	0.417
7.239	-0.004	0.418
7.239	-0.004	0.418
7.239	-0.002	0.417
7.239	-0.002	0.417
7.240	-0.006	0.417
7.240	-0.006	0.417
7.240	-0.004	0.418
7.240	-0.004	0.418
7.240	-0.004	0.418
7.240	-0.004	0.418
7.240	-0.002	0.418
7.240	-0.002	0.418
7.240	-0.004	0.417
7.240	-0.004	0.417
7.241	-0.004	0.416
7.241	-0.004	0.416
7.241	-0.004	0.418
7.241	-0.004	0.418
7.241	-0.004	0.418
7.241	-0.004	0.418
7.241	-0.002	0.418
7.241	-0.002	0.418
7.241	-0.004	0.418
7.241	-0.004	0.418
7.242	-0.004	0.417
7.242	-0.004	0.417
7.242	-0.004	0.418
7.242	-0.004	0.418
7.242	-0.004	0.418
7.242	-0.004	0.418
7.242	-0.008	0.417
7.242	-0.008	0.417
7.242	-0.004	0.418
7.242	-0.004	0.418
7.243	-0.006	0.417
7.243	-0.006	0.417
7.243	-0.004	0.416
7.243	-0.004	0.416
7.243	-0.006	0.417
7.243	-0.006	0.417
7.243	-0.006	0.417
7.243	-0.006	0.417
7.243	-0.006	0.417
7.243	-0.006	0.417
7.244	-0.006	0.418
7.244	-0.006	0.418
7.244	-0.004	0.417
7.244	-0.004	0.417
7.244	-0.002	0.416
7.244	-0.002	0.416
7.244	-0.004	0.417
7.244	-0.004	0.417
7.244	-0.002	0.417
7.244	-0.002	0.417
7.245	-0.006	0.417
7.245	-0.006	0.417
7.245	-0.006	0.416
7.245	-0.006	0.416
7.245	-0.006	0.417
7.245	-0.006	0.417
7.245	-0.004	0.418
7.245	-0.004	0.418
7.245	-0.004	0.417
7.245	-0.004	0.417
7.246	-0.006	0.417
7.246	-0.006	0.417
7.246	-0.004	0.417
7.246	-0.004	0.417
7.246	-0.006	0.417
7.246	-0.006	0.417
7.246	-0.006	0.416
7.246	-0.006	0.416
7.246	-0.006	0.418
7.246	-0.006	0.418
7.247	-0.006	0.417
7.247	-0.006	0.417
7.247	-0.006	0.417
7.247	-0.006	0.417
7.247	-0.006	0.416
7.247	-0.006	0.416
7.247	-0.004	0.417
7.247	-0.004	0.417
7.247	-0.006	0.417
7.247	-0.006	0.417
7.248	-0.004	0.416
7.248	-0.004	0.416
7.248	-0.006	0.416
7.248	-0.006	0.416
7.248	-0.006	0.417
7.248	-0.006	0.417
7.248	-0.004	0.417
7.248	-0.004	0.417
7.248	-0.004	0.417
7.248	-0.004	0.417
7.249	-0.006	0.417
7.249	-0.006	0.417
7.249	-0.006	0.417
7.249	-0.006	0.417
7.249	-0.004	0.417
7.249	-0.004	0.417
7.249	-0.004	0.416
7.249	-0.004	0.416
7.249	-0.006	0.417
7.249	-0.006	0.417
7.250	-0.004	0.417
7.250	-0.004	0.417
7.250	-0.004	0.416
7.250	-0.004	0.416
7.250	-0.004	0.416
7.250	-0.004	0.416
7.250	-0.004	0.416
7.250	-0.004	0.416
7.250	-0.004	0.417
7.250	-0.004	0.417
7.251	-0.004	0.417
7.251	-0.004	0.417
7.251	-0.006	0.417
7.251	-0.006	0.417
7.251	-0.004	0.417
7.251	-0.004	0.417
7.251	-0.006	0.416
7.251	-0.006	0.416
7.251	-0.006	0.416
7.251	-0.006	0.416
7.252	-0.006	0.417
7.252	-0.006	0.417
7.252	-0.006	0.417
7.252	-0.006	0.417
7.252	-0.006	0.417
7.252	-0.006	0.417
7.252	-0.006	0.416
7.252	-0.006	0.416
7.252	-0.006	0.416
7.252	-0.006	0.416
7.253	-0.004	0.416
7.253	-0.004	0.416
7.253	-0.004	0.417
7.253	-0.004	0.417
7.253	-0.006	0.417
7.253	-0.006	0.417
7.253	-0.006	0.416
7.253	-0.006	0.416
7.253	-0.006	0.416
7.253	-0.006	0.416
7.254	-0.006	0.416
7.254	-0.006	0.416
7.254	-0.006	0.417
7.254	-0.006	0.417
7.254	-0.006	0.416
7.254	-0.006	0.416
7.254	-0.004	0.417
7.254	-0.004	0.417
7.254	-0.006	0.417
7.254	-0.006	0.417
7.255	-0.004	0.416
7.255	-0.004	0.416
7.255	-0.004	0.416
7.255	-0.004	0.416
7.255	-0.006	0.416
7.255	-0.006	0.416
7.255	-0.006	0.416
7.255	-0.006	0.416
7.255	-0.006	0.417
7.255	-0.006	0.417
7.256	-0.006	0.416
7.256	-0.006	0.416
7.256	-0.006	0.416
7.256	-0.006	0.416
7.256	-0.006	0.416
7.256	-0.006	0.416
7.256	-0.004	0.416
7.256	-0.004	0.416
7.256	-0.006	0.417
7.256	-0.006	0.417
7.257	-0.006	0.416
7.257	-0.006	0.416
7.257	-0.006	0.416
7.257	-0.006	0.416
7.257	-0.004	0.416
7.257	-0.004	0.416
7.257	-0.006	0.417
7.257	-0.006	0.417
7.257	-0.006	0.416
7.257	-0.006	0.416
7.258	-0.006	0.416
7.258	-0.006	0.416
7.258	-0.006	0.416
7.258	-0.006	0.416
7.258	-0.006	0.416
7.258	-0.006	0.416
7.258	-0.004	0.416
7.258	-0.004	0.416
7.258	-0.004	0.416
7.258	-0.004	0.416
7.259	-0.004	0.416
7.259	-0.004	0.416
7.259	-0.004	0.416
7.259	-0.004	0.416
7.259	-0.006	0.416
7.259	-0.006	0.416
7.259	-0.006	0.416
7.259	-0.006	0.416
7.259	-0.006	0.416
7.259	-0.006	0.416
7.260	-0.004	0.416
7.260	-0.004	0.416
7.260	-0.006	0.416
7.260	-0.006	0.416
7.260	-0.006	0.416
7.260	-0.006	0.416
7.260	-0.008	0.416
7.260	-0.008	0.416
7.260	-0.008	0.416
7.260	-0.008	0.416
7.261	-0.010	0.416
7.261	-0.010	0.416
7.261	-0.006	0.416
7.261	-0.006	0.416
7.261	-0.004	0.415
7.261	-0.004	0.415
7.261	-0.006	0.415
7.261	-0.006	0.415
7.261	-0.006	0.416
7.261	-0.006	0.416
7.262	-0.006	0.415
7.262	-0.006	0.415
7.262	-0.006	0.416
7.262	-0.006	0.416
7.262	-0.008	0.416
7.262	-0.008	0.416
7.262	-0.006	0.416
7.262	-0.006	0.416
7.262	-0.006	0.416
7.262	-0.006	0.416
7.263	-0.006	0.415
7.263	-0.006	0.415
7.263	-0.006	0.415
7.263	-0.006	0.415
7.263	-0.006	0.415
7.263	-0.006	0.415
7.263	-0.006	0.415
7.263	-0.006	0.415
7.263	-0.006	0.416
7.263	-0.006	0.416
7.264	-0.004	0.414
7.264	-0.004	0.414
7.264	-0.006	0.416
7.264	-0.006	0.416
7.264	-0.006	0.415
7.264	-0.006	0.415
7.264	-0.006	0.415
7.264	-0.006	0.415
7.264	-0.004	0.415
7.264	-0.004	0.415
7.265	-0.006	0.415
7.265	-0.006	0.415
7.265	-0.006	0.415
7.265	-0.006	0.415
7.265	-0.004	0.415
7.265	-0.004	0.415
7.265	-0.006	0.415
7.265	-0.006	0.415
7.265	-0.006	0.416
7.265	-0.006	0.416
7.266	-0.006	0.415
7.266	-0.006	0.415
7.266	-0.006	0.415
7.266	-0.006	0.415
7.266	-0.008	0.415
7.266	-0.008	0.415
7.266	-0.006	0.414
7.266	-0.006	0.414
7.266	-0.006	0.414
7.266	-0.006	0.414
7.267	-0.010	0.415
7.267	-0.010	0.415
7.267	-0.008	0.415
7.267	-0.008	0.415
7.267	-0.006	0.414
7.267	-0.006	0.414
7.267	-0.006	0.415
7.267	-0.006	0.415
7.267	-0.006	0.415
7.267	-0.006	0.415
7.268	-0.010	0.415
7.268	-0.010	0.415
7.268	-0.006	0.415
7.268	-0.006	0.415
7.268	-0.010	0.415
7.268	-0.010	0.415
7.268	-0.006	0.414
7.268	-0.006	0.414
7.268	-0.006	0.413
7.268	-0.006	0.413
7.269	-0.008	0.414
7.269	-0.008	0.414
7.269	-0.004	0.413
7.269	-0.004	0.413
7.269	-0.004	0.414
7.269	-0.004	0.414
7.269	-0.006	0.414
7.269	-0.006	0.414
7.269	-0.006	0.414
7.269	-0.006	0.414
7.270	-0.008	0.414
7.270	-0.008	0.414
7.270	-0.006	0.413
7.270	-0.006	0.413
7.270	-0.006	0.415
7.270	-0.006	0.415
7.270	-0.006	0.414
7.270	-0.006	0.414
7.270	-0.008	0.414
7.270	-0.008	0.414
7.271	-0.008	0.414
7.271	-0.008	0.414
7.271	-0.004	0.414
7.271	-0.004	0.414
7.271	-0.010	0.413
7.271	-0.010	0.413
7.271	-0.006	0.414
7.271	-0.006	0.414
7.271	-0.006	0.414
7.271	-0.006	0.414
7.272	-0.006	0.414
7.272	-0.006	0.414
7.272	-0.006	0.413
7.272	-0.006	0.413
7.272	-0.006	0.414
7.272	-0.006	0.414
7.272	-0.006	0.413
7.272	-0.006	0.413
7.272	-0.008	0.413
7.272	-0.008	0.413
7.273	-0.010	0.413
7.273	-0.010	0.413
7.273	-0.008	0.413
7.273	-0.008	0.413
7.273	-0.006	0.413
7.273	-0.006	0.413
7.273	-0.008	0.413
7.273	-0.008	0.413
7.273	-0.006	0.413
7.273	-0.006	0.413
7.274	-0.006	0.413
7.274	-0.006	0.413
7.274	-0.008	0.412
7.274	-0.008	0.412
7.274	-0.006	0.414
7.274	-0.006	0.414
7.274	-0.006	0.413
7.274	-0.006	0.413
7.274	-0.006	0.412
7.274	-0.006	0.412
7.275	-0.006	0.413
7.275	-0.006	0.413
7.275	-0.006	0.412
7.275	-0.006	0.412
7.275	-0.006	0.412
7.275	-0.006	0.412
7.275	-0.006	0.412
7.275	-0.006	0.412
7.275	-0.006	0.412
7.275	-0.006	0.412
7.276	-0.006	0.412
7.276	-0.006	0.412
7.276	-0.006	0.412
7.276	-0.006	0.412
7.276	-0.004	0.412
7.276	-0.004	0.412
7.276	-0.006	0.412
7.276	-0.006	0.412
7.276	-0.006	0.412
7.276	-0.006	0.412
7.277	-0.010	0.412
7.277	-0.010	0.412
7.277	-0.006	0.412
7.277	-0.006	0.412
7.277	-0.006	0.412
7.277	-0.006	0.412
7.277	-0.006	0.412
7.277	-0.006	0.412
7.277	-0.006	0.412
7.277	-0.006	0.412
7.278	-0.006	0.412
7.278	-0.006	0.412
7.278	-0.006	0.412
7.278	-0.006	0.412
7.278	-0.004	0.412
7.278	-0.004	0.412
7.278	-0.006	0.411
7.278	-0.006	0.411
7.278	-0.006	0.412
7.278	-0.006	0.412
7.279	-0.006	0.412
7.279	-0.006	0.412
7.279	-0.006	0.412
7.279	-0.006	0.412
7.279	-0.004	0.412
7.279	-0.004	0.412
7.279	-0.006	0.411
7.279	-0.006	0.411
7.279	-0.006	0.411
7.279	-0.006	0.411
7.280	-0.006	0.412
7.280	-0.006	0.412
7.280	-0.006	0.412
7.280	-0.006	0.412
7.280	-0.006	0.412
7.280	-0.006	0.412
7.280	-0.006	0.411
7.280	-0.006	0.411
7.280	-0.006	0.411
7.280	-0.006	0.411
7.281	-0.006	0.411
7.281	-0.006	0.411
7.281	-0.008	0.410
7.281	-0.008	0.410
7.281	-0.006	0.410
7.281	-0.006	0.410
7.281	-0.008	0.410
7.281	-0.008	0.410
7.281	-0.006	0.410
7.281	-0.006	0.410
7.282	-0.008	0.410
7.282	-0.008	0.410
7.282	-0.006	0.410
7.282	-0.006	0.410
7.282	-0.006	0.410
7.282	-0.006	0.410
7.282	-0.010	0.410
7.282	-0.010	0.410
7.282	-0.006	0.410
7.282	-0.006	0.410
7.283	-0.010	0.409
7.283	-0.010	0.409
7.283	-0.008	0.409
7.283	-0.008	0.409
7.283	-0.006	0.409
7.283	-0.006	0.409
7.283	-0.010	0.409
7.283	-0.010	0.409
7.283	-0.006	0.409
7.283	-0.006	0.409
7.284	-0.006	0.409
7.284	-0.006	0.409
7.284	-0.006	0.409
7.284	-0.006	0.409
7.284	-0.010	0.409
7.284	-0.010	0.409
7.284	-0.006	0.408
7.284	-0.006	0.408
7.284	-0.006	0.409
7.284	-0.006	0.409
7.285	-0.008	0.408
7.285	-0.008	0.408
7.285	-0.006	0.409
7.285	-0.006	0.409
7.285	-0.006	0.409
7.285	-0.006	0.409
7.285	-0.006	0.408
7.285	-0.006	0.408
7.285	-0.010	0.408
7.285	-0.010	0.408
7.286	-0.008	0.408
7.286	-0.008	0.408
7.286	-0.006	0.408
7.286	-0.006	0.408
7.286	-0.008	0.408
7.286	-0.008	0.408
7.286	-0.004	0.408
7.286	-0.004	0.408
7.286	-0.010	0.408
7.286	-0.010	0.408
7.287	-0.006	0.408
7.287	-0.006	0.408
7.287	-0.008	0.408
7.287	-0.008	0.408
7.287	-0.006	0.408
7.287	-0.006	0.408
7.287	-0.006	0.408
7.287	-0.006	0.408
7.287	-0.008	0.408
7.287	-0.008	0.408
7.288	-0.006	0.408
7.288	-0.006	0.408
7.288	-0.006	0.408
7.288	-0.006	0.408
7.288	-0.006	0.407
7.288	-0.006	0.407
7.288	-0.010	0.407
7.288	-0.010	0.407
7.288	-0.006	0.407
7.288	-0.006	0.407
7.289	-0.010	0.407
7.289	-0.010	0.407
7.289	-0.006	0.407
7.289	-0.006	0.407
7.289	-0.008	0.407
7.289	-0.008	0.407
7.289	-0.010	0.408
7.289	-0.010	0.408
7.289	-0.006	0.406
7.289	-0.006	0.406
7.290	-0.008	0.406
7.290	-0.008	0.406
7.290	-0.010	0.406
7.290	-0.010	0.406
7.290	-0.010	0.406
7.290	-0.010	0.406
7.290	-0.006	0.406
7.290	-0.006	0.406
7.290	-0.010	0.406
7.290	-0.010	0.406
7.291	-0.010	0.406
7.291	-0.010	0.406
7.291	-0.008	0.406
7.291	-0.008	0.406
7.291	-0.010	0.405
7.291	-0.010	0.405
7.291	-0.006	0.405
7.291	-0.006	0.405
7.291	-0.006	0.405
7.291	-0.006	0.405
7.292	-0.008	0.405
7.292	-0.008	0.405
7.292	-0.008	0.405
7.292	-0.008	0.405
7.292	-0.008	0.405
7.292	-0.008	0.405
7.292	-0.010	0.405
7.292	-0.010	0.405
7.292	-0.006	0.405
7.292	-0.006	0.405
7.293	-0.008	0.404
7.293	-0.008	0.404
7.293	-0.010	0.404
7.293	-0.010	0.404
7.293	-0.008	0.404
7.293	-0.008	0.404
7.293	-0.010	0.405
7.293	-0.010	0.405
7.293	-0.008	0.404
7.293	-0.008	0.404
7.294	-0.008	0.404
7.294	-0.008	0.404
7.294	-0.008	0.404
7.294	-0.008	0.404
7.294	-0.008	0.404
7.294	-0.008	0.404
7.294	-0.010	0.403
7.294	-0.010	0.403
7.294	-0.008	0.403
7.294	-0.008	0.403
7.295	-0.008	0.403
7.295	-0.008	0.403
7.295	-0.006	0.403
7.295	-0.006	0.403
7.295	-0.010	0.403
7.295	-0.010	0.403
7.295	-0.008	0.403
7.295	-0.008	0.403
7.295	-0.006	0.403
7.295	-0.006	0.403
7.296	-0.010	0.403
7.296	-0.010	0.403
7.296	-0.010	0.402
7.296	-0.010	0.402
7.296	-0.010	0.401
7.296	-0.010	0.401
7.296	-0.010	0.401
7.296	-0.010	0.401
7.296	-0.008	0.401
7.296	-0.008	0.401
7.297	-0.010	0.401
7.297	-0.010	0.401
7.297	-0.006	0.401
7.297	-0.006	0.401
7.297	-0.010	0.401
7.297	-0.010	0.401
7.297	-0.006	0.400
7.297	-0.006	0.400
7.297	-0.008	0.400
7.297	-0.008	0.400
7.298	-0.010	0.400
7.298	-0.010	0.400
7.298	-0.008	0.400
7.298	-0.008	0.400
7.298	-0.010	0.401
7.298	-0.010	0.401
7.298	-0.006	0.400
7.298	-0.006	0.400
7.298	-0.008	0.400
7.298	-0.008	0.400
7.299	-0.010	0.400
7.299	-0.010	0.400
7.299	-0.010	0.400
7.299	-0.010	0.400
7.299	-0.008	0.399
7.299	-0.008	0.399
7.299	-0.010	0.399
7.299	-0.010	0.399
7.299	-0.008	0.399
7.299	-0.008	0.399
7.300	-0.008	0.399
7.300	-0.008	0.399
7.300	-0.008	0.399
7.300	-0.008	0.399
7.300	-0.010	0.398
7.300	-0.010	0.398
7.300	-0.008	0.398
7.300	-0.008	0.398
7.300	-0.010	0.398
7.300	-0.010	0.398
7.301	-0.010	0.397
7.301	-0.010	0.397
7.301	-0.010	0.398
7.301	-0.010	0.398
7.301	-0.008	0.398
7.301	-0.008	0.398
7.301	-0.010	0.398
7.301	-0.010	0.398
7.301	-0.008	0.397
7.301	-0.008	0.397
7.302	-0.010	0.396
7.302	-0.010	0.396
7.302	-0.010	0.396
7.302	-0.010	0.396
7.302	-0.006	0.396
7.302	-0.006	0.396
7.302	-0.008	0.396
7.302	-0.008	0.396
7.302	-0.006	0.396
7.302	-0.006	0.396
7.303	-0.010	0.396
7.303	-0.010	0.396
7.303	-0.006	0.396
7.303	-0.006	0.396
7.303	-0.008	0.396
7.303	-0.008	0.396
7.303	-0.006	0.396
7.303	-0.006	0.396
7.303	-0.010	0.396
7.303	-0.010	0.396
7.304	-0.010	0.396
7.304	-0.010	0.396
7.304	-0.010	0.396
7.304	-0.010	0.396
7.304	-0.006	0.396
7.304	-0.006	0.396
7.304	-0.008	0.396
7.304	-0.008	0.396
7.304	-0.006	0.396
7.304	-0.006	0.396
7.305	-0.010	0.396
7.305	-0.010	0.396
7.305	-0.010	0.396
7.305	-0.010	0.396
7.305	-0.008	0.395
7.305	-0.008	0.395
7.305	-0.010	0.395
7.305	-0.010	0.395
7.305	-0.010	0.395
7.305	-0.010	0.395
7.306	-0.010	0.394
7.306	-0.010	0.394
7.306	-0.008	0.395
7.306	-0.008	0.395
7.306	-0.010	0.393
7.306	-0.010	0.393
7.306	-0.008	0.393
7.306	-0.008	0.393
7.306	-0.010	0.394
7.306	-0.010	0.394
7.307	-0.012	0.393
7.307	-0.012	0.393
7.307	-0.008	0.393
7.307	-0.008	0.393
7.307	-0.008	0.392
7.307	-0.008	0.392
7.307	-0.010	0.392
7.307	-0.010	0.392
7.307	-0.010	0.392
7.307	-0.010	0.392
7.308	-0.008	0.392
7.308	-0.008	0.392
7.308	-0.008	0.392
7.308	-0.008	0.392
7.308	-0.010	0.392
7.308	-0.010	0.392
7.308	-0.010	0.392
7.308	-0.010	0.392
7.308	-0.010	0.392
7.308	-0.010	0.392
7.309	-0.010	0.392
7.309	-0.010	0.392
7.309	-0.008	0.391
7.309	-0.008	0.391
7.309	-0.012	0.391
7.309	-0.012	0.391
7.309	-0.008	0.391
7.309	-0.008	0.391
7.309	-0.010	0.390
7.309	-0.010	0.390
7.310	-0.010	0.390
7.310	-0.010	0.390
7.310	-0.006	0.389
7.310	-0.006	0.389
7.310	-0.008	0.389
7.310	-0.008	0.389
7.310	-0.010	0.389
7.310	-0.010	0.389
7.310	-0.008	0.388
7.310	-0.008	0.388
7.311	-0.010	0.388
7.311	-0.010	0.388
7.311	-0.008	0.388
7.311	-0.008	0.388
7.311	-0.008	0.388
7.311	-0.008	0.388
7.311	-0.010	0.388
7.311	-0.010	0.388
7.311	-0.010	0.387
7.311	-0.010	0.387
7.312	-0.010	0.387
7.312	-0.010	0.387
7.312	-0.010	0.388
7.312	-0.010	0.388
7.312	-0.008	0.387
7.312	-0.008	0.387
7.312	-0.010	0.387
7.312	-0.010	0.387
7.312	-0.010	0.386
7.312	-0.010	0.386
7.313	-0.008	0.386
7.313	-0.008	0.386
7.313	-0.010	0.385
7.313	-0.010	0.385
7.313	-0.010	0.385
7.313	-0.010	0.385
7.313	-0.008	0.385
7.313	-0.008	0.385
7.313	-0.012	0.384
7.313	-0.012	0.384
7.314	-0.008	0.384
7.314	-0.008	0.384
7.314	-0.006	0.384
7.314	-0.006	0.384
7.314	-0.008	0.384
7.314	-0.008	0.384
7.314	-0.006	0.384
7.314	-0.006	0.384
7.314	-0.010	0.384
7.314	-0.010	0.384
7.315	-0.010	0.384
7.315	-0.010	0.384
7.315	-0.008	0.384
7.315	-0.008	0.384
7.315	-0.010	0.383
7.315	-0.010	0.383
7.315	-0.010	0.383
7.315	-0.010	0.383
7.315	-0.010	0.383
7.315	-0.010	0.383
7.316	-0.006	0.383
7.316	-0.006	0.383
7.316	-0.012	0.381
7.316	-0.012	0.381
7.316	-0.010	0.380
7.316	-0.010	0.380
7.316	-0.008	0.381
7.316	-0.008	0.381
7.316	-0.010	0.381
7.316	-0.010	0.381
7.317	-0.010	0.380
7.317	-0.010	0.380
7.317	-0.010	0.380
7.317	-0.010	0.380
7.317	-0.006	0.380
7.317	-0.006	0.380
7.317	-0.006	0.380
7.317	-0.006	0.380
7.317	-0.012	0.379
7.317	-0.012	0.379
7.318	-0.008	0.380
7.318	-0.008	0.380
7.318	-0.008	0.379
7.318	-0.008	0.379
7.318	-0.010	0.379
7.318	-0.010	0.379
7.318	-0.010	0.379
7.318	-0.010	0.379
7.318	-0.010	0.378
7.318	-0.010	0.378
7.319	-0.010	0.378
7.319	-0.010	0.378
7.319	-0.010	0.378
7.319	-0.010	0.378
7.319	-0.010	0.377
7.319	-0.010	0.377
7.319	-0.010	0.378
7.319	-0.010	0.378
7.319	-0.010	0.378
7.319	-0.010	0.378
7.320	-0.010	0.377
7.320	-0.010	0.377
7.320	-0.008	0.377
7.320	-0.008	0.377
7.320	-0.012	0.377
7.320	-0.012	0.377
7.320	-0.012	0.377
7.320	-0.012	0.377
7.320	-0.012	0.376
7.320	-0.012	0.376
7.321	-0.010	0.377
7.321	-0.010	0.377
7.321	-0.008	0.376
7.321	-0.008	0.376
7.321	-0.008	0.376
7.321	-0.008	0.376
7.321	-0.010	0.376
7.321	-0.010	0.376
7.321	-0.008	0.376
7.321	-0.008	0.376
7.322	-0.012	0.375
7.322	-0.012	0.375
7.322	-0.010	0.376
7.322	-0.010	0.376
7.322	-0.012	0.374
7.322	-0.012	0.374
7.322	-0.010	0.374
7.322	-0.010	0.374
7.322	-0.008	0.374
7.322	-0.008	0.374
7.323	-0.008	0.374
7.323	-0.008	0.374
7.323	-0.010	0.373
7.323	-0.010	0.373
7.323	-0.012	0.372
7.323	-0.012	0.372
7.323	-0.012	0.372
7.323	-0.012	0.372
7.323	-0.010	0.373
7.323	-0.010	0.373
7.324	-0.010	0.372
7.324	-0.010	0.372
7.324	-0.010	0.372
7.324	-0.010	0.372
7.324	-0.008	0.372
7.324	-0.008	0.372
7.324	-0.010	0.372
7.324	-0.010	0.372
7.324	-0.012	0.372
7.324	-0.012	0.372
7.325	-0.012	0.371
7.325	-0.012	0.371
7.325	-0.010	0.371
7.325	-0.010	0.371
7.325	-0.012	0.371
7.325	-0.012	0.371
7.325	-0.012	0.370
7.325	-0.012	0.370
7.325	-0.010	0.370
7.325	-0.010	0.370
7.326	-0.010	0.370
7.326	-0.010	0.370
7.326	-0.012	0.369
7.326	-0.012	0.369
7.326	-0.012	0.368
7.326	-0.012	0.368
7.326	-0.012	0.368
7.326	-0.012	0.368
7.326	-0.012	0.368
7.326	-0.012	0.368
7.327	-0.010	0.367
7.327	-0.010	0.367
7.327	-0.010	0.368
7.327	-0.010	0.368
7.327	-0.012	0.367
7.327	-0.012	0.367
7.327	-0.010	0.367
7.327	-0.010	0.367
7.327	-0.010	0.366
7.327	-0.010	0.366
7.328	-0.008	0.366
7.328	-0.008	0.366
7.328	-0.010	0.366
7.328	-0.010	0.366
7.328	-0.010	0.364
7.328	-0.010	0.364
7.328	-0.012	0.365
7.328	-0.012	0.365
7.328	-0.012	0.364
7.328	-0.012	0.364
7.329	-0.010	0.364
7.329	-0.010	0.364
7.329	-0.012	0.364
7.329	-0.012	0.364
7.329	-0.012	0.364
7.329	-0.012	0.364
7.329	-0.010	0.363
7.329	-0.010	0.363
7.329	-0.010	0.363
7.329	-0.010	0.363
7.330	-0.010	0.363
7.330	-0.010	0.363
7.330	-0.010	0.362
7.330	-0.010	0.362
7.330	-0.014	0.362
7.330	-0.014	0.362
7.330	-0.012	0.361
7.330	-0.012	0.361
7.330	-0.012	0.361
7.330	-0.012	0.361
7.331	-0.010	0.361
7.331	-0.010	0.361
7.331	-0.010	0.360
7.331	-0.010	0.360
7.331	-0.010	0.361
7.331	-0.010	0.361
7.331	-0.012	0.360
7.331	-0.012	0.360
7.331	-0.010	0.360
7.331	-0.010	0.360
7.332	-0.012	0.359
7.332	-0.012	0.359
7.332	-0.010	0.359
7.332	-0.010	0.359
7.332	-0.012	0.358
7.332	-0.012	0.358
7.332	-0.010	0.358
7.332	-0.010	0.358
7.332	-0.010	0.357
7.332	-0.010	0.357
7.333	-0.012	0.357
7.333	-0.012	0.357
7.333	-0.012	0.357
7.333	-0.012	0.357
7.333	-0.012	0.356
7.333	-0.012	0.356
7.333	-0.012	0.356
7.333	-0.012	0.356
7.333	-0.012	0.356
7.333	-0.012	0.356
7.334	-0.012	0.356
7.334	-0.012	0.356
7.334	-0.012	0.356
7.334	-0.012	0.356
7.334	-0.010	0.356
7.334	-0.010	0.356
7.334	-0.010	0.356
7.334	-0.010	0.356
7.334	-0.012	0.355
7.334	-0.012	0.355
7.335	-0.012	0.355
7.335	-0.012	0.355
7.335	-0.012	0.355
7.335	-0.012	0.355
7.335	-0.012	0.354
7.335	-0.012	0.354
7.335	-0.012	0.354
7.335	-0.012	0.354
7.335	-0.010	0.354
7.335	-0.010	0.354
7.336	-0.012	0.353
7.336	-0.012	0.353
7.336	-0.012	0.352
7.336	-0.012	0.352
7.336	-0.010	0.352
7.336	-0.010	0.352
7.336	-0.010	0.352
7.336	-0.010	0.352
7.336	-0.010	0.352
7.336	-0.010	0.352
7.337	-0.008	0.352
7.337	-0.008	0.352
7.337	-0.010	0.352
7.337	-0.010	0.352
7.337	-0.012	0.352
7.337	-0.012	0.352
7.337	-0.010	0.351
7.337	-0.010	0.351
7.337	-0.010	0.350
7.337	-0.010	0.350
7.338	-0.012	0.351
7.338	-0.012	0.351
7.338	-0.008	0.350
7.338	-0.008	0.350
7.338	-0.012	0.349
7.338	-0.012	0.349
7.338	-0.012	0.349
7.338	-0.012	0.349
7.338	-0.012	0.348
7.338	-0.012	0.348
7.339	-0.012	0.349
7.339	-0.012	0.349
7.339	-0.012	0.349
7.339	-0.012	0.349
7.339	-0.012	0.348
7.339	-0.012	0.348
7.339	-0.012	0.348
7.339	-0.012	0.348
7.339	-0.010	0.348
7.339	-0.010	0.348
7.340	-0.010	0.348
7.340	-0.010	0.348
7.340	-0.012	0.348
7.340	-0.012	0.348
7.340	-0.010	0.347
7.340	-0.010	0.347
7.340	-0.012	0.347
7.340	-0.012	0.347
7.340	-0.010	0.346
7.340	-0.010	0.346
7.341	-0.012	0.346
7.341	-0.012	0.346
7.341	-0.010	0.346
7.341	-0.010	0.346
7.341	-0.014	0.345
7.341	-0.014	0.345
7.341	-0.012	0.345
7.341	-0.012	0.345
7.341	-0.010	0.344
7.341	-0.010	0.344
7.342	-0.014	0.344
7.342	-0.014	0.344
7.342	-0.010	0.344
7.342	-0.010	0.344
7.342	-0.014	0.344
7.342	-0.014	0.344
7.342	-0.012	0.344
7.342	-0.012	0.344
7.342	-0.012	0.344
7.342	-0.012	0.344
7.343	-0.012	0.344
7.343	-0.012	0.344
7.343	-0.012	0.344
7.343	-0.012	0.344
7.343	-0.012	0.342
7.343	-0.012	0.342
7.343	-0.010	0.342
7.343	-0.010	0.342
7.343	-0.012	0.342
7.343	-0.012	0.342
7.344	-0.014	0.342
7.344	-0.014	0.342
7.344	-0.012	0.341
7.344	-0.012	0.341
7.344	-0.012	0.341
7.344	-0.012	0.341
7.344	-0.012	0.340
7.344	-0.012	0.340
7.344	-0.012	0.340
7.344	-0.012	0.340
7.345	-0.010	0.340
7.345	-0.010	0.340
7.345	-0.010	0.340
7.345	-0.010	0.340
7.345	-0.012	0.339
7.345	-0.012	0.339
7.345	-0.012	0.338
7.345	-0.012	0.338
7.345	-0.012	0.338
7.345	-0.012	0.338
7.346	-0.010	0.337
7.346	-0.010	0.337
7.346	-0.012	0.336
7.346	-0.012	0.336
7.346	-0.012	0.337
7.346	-0.012	0.337
7.346	-0.014	0.336
7.346	-0.014	0.336
7.346	-0.012	0.336
7.346	-0.012	0.336
7.347	-0.012	0.336
7.347	-0.012	0.336
7.347	-0.012	0.336
7.347	-0.012	0.336
7.347	-0.012	0.335
7.347	-0.012	0.335
7.347	-0.012	0.335
7.347	-0.012	0.335
7.347	-0.014	0.335
7.347	-0.014	0.335
7.348	-0.014	0.335
7.348	-0.014	0.335
7.348	-0.014	0.334
7.348	-0.014	0.334
7.348	-0.012	0.334
7.348	-0.012	0.334
7.348	-0.012	0.334
7.348	-0.012	0.334
7.348	-0.012	0.333
7.348	-0.012	0.333
7.349	-0.012	0.332
7.349	-0.012	0.332
7.349	-0.012	0.332
7.349	-0.012	0.332
7.349	-0.014	0.332
7.349	-0.014	0.332
7.349	-0.014	0.332
7.349	-0.014	0.332
7.349	-0.012	0.332
7.349	-0.012	0.332
7.350	-0.014	0.332
7.350	-0.014	0.332
7.350	-0.012	0.331
7.350	-0.012	0.331
7.350	-0.014	0.332
7.350	-0.014	0.332
7.350	-0.012	0.331
7.350	-0.012	0.331
7.350	-0.014	0.331
7.350	-0.014	0.331
7.351	-0.014	0.330
7.351	-0.014	0.330
7.351	-0.012	0.330
7.351	-0.012	0.330
7.351	-0.014	0.329
7.351	-0.014	0.329
7.351	-0.014	0.329
7.351	-0.014	0.329
7.351	-0.014	0.328
7.351	-0.014	0.328
7.352	-0.012	0.328
7.352	-0.012	0.328
7.352	-0.012	0.327
7.352	-0.012	0.327
7.352	-0.010	0.328
7.352	-0.010	0.328
7.352	-0.012	0.328
7.352	-0.012	0.328
7.352	-0.010	0.328
7.352	-0.010	0.328
7.353	-0.014	0.327
7.353	-0.014	0.327
7.353	-0.012	0.327
7.353	-0.012	0.327
7.353	-0.012	0.328
7.353	-0.012	0.328
7.353	-0.014	0.326
7.353	-0.014	0.326
7.353	-0.012	0.327
7.353	-0.012	0.327
7.354	-0.014	0.326
7.354	-0.014	0.326
7.354	-0.012	0.325
7.354	-0.012	0.325
7.354	-0.012	0.325
7.354	-0.012	0.325
7.354	-0.010	0.326
7.354	-0.010	0.326
7.354	-0.012	0.325
7.354	-0.012	0.325
7.355	-0.012	0.324
7.355	-0.012	0.324
7.355	-0.012	0.324
7.355	-0.012	0.324
7.355	-0.012	0.324
7.355	-0.012	0.324
7.355	-0.012	0.324
7.355	-0.012	0.324
7.355	-0.012	0.324
7.355	-0.012	0.324
7.356	-0.014	0.324
7.356	-0.014	0.324
7.356	-0.012	0.324
7.356	-0.012	0.324
7.356	-0.012	0.323
7.356	-0.012	0.323
7.356	-0.012	0.323
7.356	-0.012	0.323
7.356	-0.012	0.323
7.356	-0.012	0.323
7.357	-0.014	0.323
7.357	-0.014	0.323
7.357	-0.012	0.322
7.357	-0.012	0.322
7.357	-0.010	0.322
7.357	-0.010	0.322
7.357	-0.012	0.322
7.357	-0.012	0.322
7.357	-0.012	0.321
7.357	-0.012	0.321
7.358	-0.012	0.321
7.358	-0.012	0.321
7.358	-0.014	0.320
7.358	-0.014	0.320
7.358	-0.012	0.320
7.358	-0.012	0.320
7.358	-0.012	0.320
7.358	-0.012	0.320
7.358	-0.014	0.320
7.358	-0.014	0.320
7.359	-0.010	0.320
7.359	-0.010	0.320
7.359	-0.012	0.320
7.359	-0.012	0.320
7.359	-0.012	0.320
7.359	-0.012	0.320
7.359	-0.014	0.320
7.359	-0.014	0.320
7.359	-0.014	0.319
7.359	-0.014	0.319
7.360	-0.012	0.318
7.360	-0.012	0.318
7.360	-0.012	0.318
7.360	-0.012	0.318
7.360	-0.014	0.318
7.360	-0.014	0.318
7.360	-0.014	0.318
7.360	-0.014	0.318
7.360	-0.012	0.318
7.360	-0.012	0.318
7.361	-0.014	0.318
7.361	-0.014	0.318
7.361	-0.012	0.317
7.361	-0.012	0.317
7.361	-0.014	0.316
7.361	-0.014	0.316
7.361	-0.014	0.316
7.361	-0.014	0.316
7.361	-0.014	0.316
7.361	-0.014	0.316
7.362	-0.012	0.316
7.362	-0.012	0.316
7.362	-0.014	0.316
7.362	-0.014	0.316
7.362	-0.014	0.316
7.362	-0.014	0.316
7.362	-0.012	0.315
7.362	-0.012	0.315
7.362	-0.014	0.316
7.362	-0.014	0.316
7.363	-0.012	0.316
7.363	-0.012	0.316
7.363	-0.014	0.315
7.363	-0.014	0.315
7.363	-0.012	0.315
7.363	-0.012	0.315
7.363	-0.014	0.313
7.363	-0.014	0.313
7.363	-0.012	0.314
7.363	-0.012	0.314
7.364	-0.012	0.313
7.364	-0.012	0.313
7.364	-0.012	0.313
7.364	-0.012	0.313
7.364	-0.012	0.313
7.364	-0.012	0.313
7.364	-0.012	0.312
7.364	-0.012	0.312
7.364	-0.014	0.312
7.364	-0.014	0.312
7.365	-0.014	0.312
7.365	-0.014	0.312
7.365	-0.012	0.312
7.365	-0.012	0.312
7.365	-0.016	0.312
7.365	-0.016	0.312
7.365	-0.012	0.312
7.365	-0.012	0.312
7.365	-0.014	0.312
7.365	-0.014	0.312
7.366	-0.012	0.311
7.366	-0.012	0.311
7.366	-0.014	0.312
7.366	-0.014	0.312
7.366	-0.012	0.310
7.366	-0.012	0.310
7.366	-0.014	0.310
7.366	-0.014	0.310
7.366	-0.012	0.310
7.366	-0.012	0.310
7.367	-0.014	0.310
7.367	-0.014	0.310
7.367	-0.014	0.311
7.367	-0.014	0.311
7.367	-0.014	0.310
7.367	-0.014	0.310
7.367	-0.014	0.310
7.367	-0.014	0.310
7.367	-0.012	0.310
7.367	-0.012	0.310
7.368	-0.014	0.310
7.368	-0.014	0.310
7.368	-0.014	0.310
7.368	-0.014	0.310
7.368	-0.014	0.309
7.368	-0.014	0.309
7.368	-0.012	0.309
7.368	-0.012	0.309
7.368	-0.014	0.310
7.368	-0.014	0.310
7.369	-0.012	0.309
7.369	-0.012	0.309
7.369	-0.014	0.308
7.369	-0.014	0.308
7.369	-0.012	0.308
7.369	-0.012	0.308
7.369	-0.014	0.309
7.369	-0.014	0.309
7.369	-0.014	0.308
7.369	-0.014	0.308
7.370	-0.012	0.308
7.370	-0.012	0.308
7.370	-0.012	0.308
7.370	-0.012	0.308
7.370	-0.014	0.308
7.370	-0.014	0.308
7.370	-0.014	0.308
7.370	-0.014	0.308
7.370	-0.014	0.308
7.370	-0.014	0.308
7.371	-0.014	0.308
7.371	-0.014	0.308
7.371	-0.012	0.308
7.371	-0.012	0.308
7.371	-0.014	0.308
7.371	-0.014	0.308
7.371	-0.014	0.308
7.371	-0.014	0.308
7.371	-0.014	0.308
7.371	-0.014	0.308
7.372	-0.014	0.308
7.372	-0.014	0.308
7.372	-0.014	0.307
7.372	-0.014	0.307
7.372	-0.014	0.308
7.372	-0.014	0.308
7.372	-0.014	0.308
7.372	-0.014	0.308
7.372	-0.014	0.307
7.372	-0.014	0.307
7.373	-0.014	0.308
7.373	-0.014	0.308
7.373	-0.012	0.307
7.373	-0.012	0.307
7.373	-0.014	0.307
7.373	-0.014	0.307
7.373	-0.014	0.308
7.373	-0.014	0.308
7.373	-0.014	0.307
7.373	-0.014	0.307
7.374	-0.014	0.307
7.374	-0.014	0.307
7.374	-0.012	0.307
7.374	-0.012	0.307
7.374	-0.014	0.307
7.374	-0.014	0.307
7.374	-0.014	0.307
7.374	-0.014	0.307
7.374	-0.012	0.307
7.374	-0.012	0.307
7.375	-0.010	0.307
7.375	-0.010	0.307
7.375	-0.014	0.308
7.375	-0.014	0.308
7.375	-0.014	0.307
7.375	-0.014	0.307
7.375	-0.014	0.307
7.375	-0.014	0.307
7.375	-0.014	0.307
7.375	-0.014	0.307
7.376	-0.014	0.307
7.376	-0.014	0.307
7.376	-0.014	0.308
7.376	-0.014	0.308
7.376	-0.014	0.307
7.376	-0.014	0.307
7.376	-0.014	0.307
7.376	-0.014	0.307
7.376	-0.014	0.307
7.376	-0.014	0.307
7.377	-0.014	0.308
7.377	-0.014	0.308
7.377	-0.012	0.307
7.377	-0.012	0.307
7.377	-0.014	0.307
7.377	-0.014	0.307
7.377	-0.014	0.308
7.377	-0.014	0.308
7.377	-0.014	0.308
7.377	-0.014	0.308
7.378	-0.014	0.308
7.378	-0.014	0.308
7.378	-0.014	0.308
7.378	-0.014	0.308
7.378	-0.014	0.308
7.378	-0.014	0.308
7.378	-0.016	0.308
7.378	-0.016	0.308
7.378	-0.014	0.308
7.378	-0.014	0.308
7.379	-0.014	0.309
7.379	-0.014	0.309
7.379	-0.014	0.308
7.379	-0.014	0.308
7.379	-0.014	0.310
7.379	-0.014	0.310
7.379	-0.014	0.310
7.379	-0.014	0.310
7.379	-0.014	0.311
7.379	-0.014	0.311
7.380	-0.014	0.311
7.380	-0.014	0.311
7.380	-0.012	0.310
7.380	-0.012	0.310
7.380	-0.014	0.311
7.380	-0.014	0.311
7.380	-0.012	0.312
7.380	-0.012	0.312
7.380	-0.014	0.312
7.380	-0.014	0.312
7.381	-0.014	0.312
7.381	-0.014	0.312
7.381	-0.012	0.313
7.381	-0.012	0.313
7.381	-0.012	0.314
7.381	-0.012	0.314
7.381	-0.014	0.314
7.381	-0.014	0.314
7.381	-0.014	0.315
7.381	-0.014	0.315
7.382	-0.014	0.315
7.382	-0.014	0.315
7.382	-0.014	0.316
7.382	-0.014	0.316
7.382	-0.014	0.316
7.382	-0.014	0.316
7.382	-0.014	0.318
7.382	-0.014	0.318
7.382	-0.014	0.318
7.382	-0.014	0.318
7.383	-0.014	0.320
7.383	-0.014	0.320
7.383	-0.014	0.320
7.383	-0.014	0.320
7.383	-0.014	0.320
7.383	-0.014	0.320
7.383	-0.014	0.320
7.383	-0.014	0.320
7.383	-0.014	0.320
7.383	-0.014	0.320
7.384	-0.014	0.320
7.384	-0.014	0.320
7.384	-0.014	0.320
7.384	-0.014	0.320
7.384	-0.014	0.320
7.384	-0.014	0.320
7.384	-0.014	0.322
7.384	-0.014	0.322
7.384	-0.016	0.322
7.384	-0.016	0.322
7.385	-0.014	0.322
7.385	-0.014	0.322
7.385	-0.012	0.322
7.385	-0.012	0.322
7.385	-0.014	0.322
7.385	-0.014	0.322
7.385	-0.016	0.323
7.385	-0.016	0.323
7.385	-0.014	0.323
7.385	-0.014	0.323
7.386	-0.014	0.324
7.386	-0.014	0.324
7.386	-0.014	0.324
7.386	-0.014	0.324
7.386	-0.014	0.324
7.386	-0.014	0.324
7.386	-0.014	0.324
7.386	-0.014	0.324
7.386	-0.014	0.324
7.386	-0.014	0.324
7.387	-0.016	0.325
7.387	-0.016	0.325
7.387	-0.014	0.325
7.387	-0.014	0.325
7.387	-0.014	0.326
7.387	-0.014	0.326
7.387	-0.016	0.326
7.387	-0.016	0.326
7.387	-0.016	0.326
7.387	-0.016	0.326
7.388	-0.014	0.326
7.388	-0.014	0.326
7.388	-0.014	0.327
7.388	-0.014	0.327
7.388	-0.014	0.328
7.388	-0.014	0.328
7.388	-0.014	0.328
7.388	-0.014	0.328
7.388	-0.018	0.329
7.388	-0.018	0.329
7.389	-0.014	0.328
7.389	-0.014	0.328
7.389	-0.014	0.329
7.389	-0.014	0.329
7.389	-0.014	0.331
7.389	-0.014	0.331
7.389	-0.016	0.332
7.389	-0.016	0.332
7.389	-0.014	0.332
7.389	-0.014	0.332
7.390	-0.014	0.333
7.390	-0.014	0.333
7.390	-0.014	0.334
7.390	-0.014	0.334
7.390	-0.014	0.335
7.390	-0.014	0.335
7.390	-0.014	0.336
7.390	-0.014	0.336
7.390	-0.014	0.336
7.390	-0.014	0.336
7.391	-0.014	0.336
7.391	-0.014	0.336
7.391	-0.014	0.337
7.391	-0.014	0.337
7.391	-0.014	0.339
7.391	-0.014	0.339
7.391	-0.014	0.339
7.391	-0.014	0.339
7.391	-0.016	0.340
7.391	-0.016	0.340
7.392	-0.014	0.340
7.392	-0.014	0.340
7.392	-0.014	0.340
7.392	-0.014	0.340
7.392	-0.014	0.341
7.392	-0.014	0.341
7.392	-0.014	0.341
7.392	-0.014	0.341
7.392	-0.014	0.343
7.392	-0.014	0.343
7.393	-0.014	0.344
7.393	-0.014	0.344
7.393	-0.014	0.343
7.393	-0.014	0.343
7.393	-0.014	0.344
7.393	-0.014	0.344
7.393	-0.014	0.344
7.393	-0.014	0.344
7.393	-0.016	0.344
7.393	-0.016	0.344
7.394	-0.014	0.344
7.394	-0.014	0.344
7.394	-0.014	0.344
7.394	-0.014	0.344
7.394	-0.016	0.345
7.394	-0.016	0.345
7.394	-0.014	0.346
7.394	-0.014	0.346
7.394	-0.016	0.346
7.394	-0.016	0.346
7.395	-0.012	0.346
7.395	-0.012	0.346
7.395	-0.014	0.345
7.395	-0.014	0.345
7.395	-0.014	0.345
7.395	-0.014	0.345
7.395	-0.014	0.344
7.395	-0.014	0.344
7.395	-0.014	0.344
7.395	-0.014	0.344
7.396	-0.014	0.343
7.396	-0.014	0.343
7.396	-0.014	0.342
7.396	-0.014	0.342
7.396	-0.018	0.342
7.396	-0.018	0.342
7.396	-0.014	0.342
7.396	-0.014	0.342
7.396	-0.014	0.340
7.396	-0.014	0.340
7.397	-0.014	0.340
7.397	-0.014	0.340
7.397	-0.014	0.339
7.397	-0.014	0.339
7.397	-0.014	0.338
7.397	-0.014	0.338
7.397	-0.016	0.336
7.397	-0.016	0.336
7.397	-0.016	0.335
7.397	-0.016	0.335
7.398	-0.014	0.336
7.398	-0.014	0.336
7.398	-0.014	0.334
7.398	-0.014	0.334
7.398	-0.014	0.333
7.398	-0.014	0.333
7.398	-0.018	0.332
7.398	-0.018	0.332
7.398	-0.014	0.332
7.398	-0.014	0.332
7.399	-0.016	0.332
7.399	-0.016	0.332
7.399	-0.014	0.330
7.399	-0.014	0.330
7.399	-0.016	0.329
7.399	-0.016	0.329
7.399	-0.018	0.330
7.399	-0.018	0.330
7.399	-0.014	0.328
7.399	-0.014	0.328
7.400	-0.016	0.327
7.400	-0.016	0.327
7.400	-0.014	0.328
7.400	-0.014	0.328
7.400	-0.014	0.328
7.400	-0.014	0.328
7.400	-0.014	0.327
7.400	-0.014	0.327
7.400	-0.016	0.327
7.400	-0.016	0.327
7.401	-0.016	0.327
7.401	-0.016	0.327
7.401	-0.014	0.326
7.401	-0.014	0.326
7.401	-0.018	0.326
7.401	-0.018	0.326
7.401	-0.016	0.326
7.401	-0.016	0.326
7.401	-0.016	0.325
7.401	-0.016	0.325
7.402	-0.016	0.326
7.402	-0.016	0.326
7.402	-0.014	0.325
7.402	-0.014	0.325
7.402	-0.014	0.325
7.402	-0.014	0.325
7.402	-0.014	0.325
7.402	-0.014	0.325
7.402	-0.014	0.324
7.402	-0.014	0.324
7.403	-0.016	0.324
7.403	-0.016	0.324
7.403	-0.014	0.324
7.403	-0.014	0.324
7.403	-0.018	0.324
7.403	-0.018	0.324
7.403	-0.016	0.324
7.403	-0.016	0.324
7.403	-0.014	0.323
7.403	-0.014	0.323
7.404	-0.016	0.324
7.404	-0.016	0.324
7.404	-0.016	0.323
7.404	-0.016	0.323
7.404	-0.016	0.323
7.404	-0.016	0.323
7.404	-0.014	0.322
7.404	-0.014	0.322
7.404	-0.016	0.322
7.404	-0.016	0.322
7.405	-0.016	0.321
7.405	-0.016	0.321
7.405	-0.016	0.320
7.405	-0.016	0.320
7.405	-0.014	0.320
7.405	-0.014	0.320
7.405	-0.018	0.320
7.405	-0.018	0.320
7.405	-0.016	0.320
7.405	-0.016	0.320
7.406	-0.014	0.319
7.406	-0.014	0.319
7.406	-0.014	0.318
7.406	-0.014	0.318
7.406	-0.016	0.318
7.406	-0.016	0.318
7.406	-0.016	0.317
7.406	-0.016	0.317
7.406	-0.016	0.317
7.406	-0.016	0.317
7.407	-0.016	0.316
7.407	-0.016	0.316
7.407	-0.014	0.316
7.407	-0.014	0.316
7.407	-0.014	0.316
7.407	-0.014	0.316
7.407	-0.014	0.316
7.407	-0.014	0.316
7.407	-0.016	0.316
7.407	-0.016	0.316
7.408	-0.016	0.315
7.408	-0.016	0.315
7.408	-0.014	0.314
7.408	-0.014	0.314
7.408	-0.016	0.314
7.408	-0.016	0.314
7.408	-0.016	0.314
7.408	-0.016	0.314
7.408	-0.016	0.314
7.408	-0.016	0.314
7.409	-0.014	0.312
7.409	-0.014	0.312
7.409	-0.014	0.312
7.409	-0.014	0.312
7.409	-0.016	0.313
7.409	-0.016	0.313
7.409	-0.014	0.312
7.409	-0.014	0.312
7.409	-0.016	0.313
7.409	-0.016	0.313
7.410	-0.014	0.312
7.410	-0.014	0.312
7.410	-0.014	0.312
7.410	-0.014	0.312
7.410	-0.016	0.312
7.410	-0.016	0.312
7.410	-0.016	0.312
7.410	-0.016	0.312
7.410	-0.014	0.312
7.410	-0.014	0.312
7.411	-0.014	0.311
7.411	-0.014	0.311
7.411	-0.016	0.312
7.411	-0.016	0.312
7.411	-0.016	0.312
7.411	-0.016	0.312
7.411	-0.016	0.312
7.411	-0.016	0.312
7.411	-0.016	0.312
7.411	-0.016	0.312
7.412	-0.018	0.311
7.412	-0.018	0.311
7.412	-0.014	0.311
7.412	-0.014	0.311
7.412	-0.014	0.312
7.412	-0.014	0.312
7.412	-0.016	0.311
7.412	-0.016	0.311
7.412	-0.016	0.311
7.412	-0.016	0.311
7.413	-0.016	0.311
7.413	-0.016	0.311
7.413	-0.014	0.311
7.413	-0.014	0.311
7.413	-0.018	0.312
7.413	-0.018	0.312
7.413	-0.016	0.312
7.413	-0.016	0.312
7.413	-0.018	0.312
7.413	-0.018	0.312
7.414	-0.014	0.312
7.414	-0.014	0.312
7.414	-0.014	0.312
7.414	-0.014	0.312
7.414	-0.016	0.312
7.414	-0.016	0.312
7.414	-0.014	0.312
7.414	-0.014	0.312
7.414	-0.014	0.312
7.414	-0.014	0.312
7.415	-0.016	0.312
7.415	-0.016	0.312
7.415	-0.014	0.312
7.415	-0.014	0.312
7.415	-0.014	0.312
7.415	-0.014	0.312
7.415	-0.016	0.312
7.415	-0.016	0.312
7.415	-0.016	0.313
7.415	-0.016	0.313
7.416	-0.018	0.312
7.416	-0.018	0.312
7.416	-0.018	0.312
7.416	-0.018	0.312
7.416	-0.016	0.313
7.416	-0.016	0.313
7.416	-0.016	0.312
7.416	-0.016	0.312
7.416	-0.018	0.313
7.416	-0.018	0.313
7.417	-0.018	0.313
7.417	-0.018	0.313
7.417	-0.016	0.313
7.417	-0.016	0.313
7.417	-0.016	0.313
7.417	-0.016	0.313
7.417	-0.018	0.313
7.417	-0.018	0.313
7.417	-0.016	0.313
7.417	-0.016	0.313
7.418	-0.016	0.314
7.418	-0.016	0.314
7.418	-0.018	0.313
7.418	-0.018	0.313
7.418	-0.016	0.313
7.418	-0.016	0.313
7.418	-0.018	0.314
7.418	-0.018	0.314
7.418	-0.018	0.314
7.418	-0.018	0.314
7.419	-0.016	0.315
7.419	-0.016	0.315
7.419	-0.014	0.315
7.419	-0.014	0.315
7.419	-0.016	0.315
7.419	-0.016	0.315
7.419	-0.018	0.316
7.419	-0.018	0.316
7.419	-0.014	0.315
7.419	-0.014	0.315
7.420	-0.018	0.315
7.420	-0.018	0.315
7.420	-0.018	0.316
7.420	-0.018	0.316
7.420	-0.018	0.316
7.420	-0.018	0.316
7.420	-0.016	0.315
7.420	-0.016	0.315
7.420	-0.018	0.317
7.420	-0.018	0.317
7.421	-0.016	0.316
7.421	-0.016	0.316
7.421	-0.018	0.316
7.421	-0.018	0.316
7.421	-0.014	0.316
7.421	-0.014	0.316
7.421	-0.016	0.316
7.421	-0.016	0.316
7.421	-0.018	0.316
7.421	-0.018	0.316
7.422	-0.018	0.316
7.422	-0.018	0.316
7.422	-0.014	0.317
7.422	-0.014	0.317
7.422	-0.014	0.317
7.422	-0.014	0.317
7.422	-0.016	0.317
7.422	-0.016	0.317
7.422	-0.014	0.318
7.422	-0.014	0.318
7.423	-0.016	0.318
7.423	-0.016	0.318
7.423	-0.016	0.318
7.423	-0.016	0.318
7.423	-0.018	0.318
7.423	-0.018	0.318
7.423	-0.016	0.319
7.423	-0.016	0.319
7.423	-0.020	0.318
7.423	-0.020	0.318
7.424	-0.018	0.320
7.424	-0.018	0.320
7.424	-0.018	0.320
7.424	-0.018	0.320
7.424	-0.014	0.320
7.424	-0.014	0.320
7.424	-0.018	0.320
7.424	-0.018	0.320
7.424	-0.018	0.320
7.424	-0.018	0.320
7.425	-0.018	0.320
7.425	-0.018	0.320
7.425	-0.016	0.320
7.425	-0.016	0.320
7.425	-0.018	0.320
7.425	-0.018	0.320
7.425	-0.014	0.320
7.425	-0.014	0.320
7.425	-0.016	0.320
7.425	-0.016	0.320
7.426	-0.018	0.321
7.426	-0.018	0.321
7.426	-0.014	0.322
7.426	-0.014	0.322
7.426	-0.014	0.321
7.426	-0.014	0.321
7.426	-0.018	0.321
7.426	-0.018	0.321
7.426	-0.018	0.323
7.426	-0.018	0.323
7.427	-0.018	0.322
7.427	-0.018	0.322
7.427	-0.018	0.323
7.427	-0.018	0.323
7.427	-0.020	0.323
7.427	-0.020	0.323
7.427	-0.018	0.323
7.427	-0.018	0.323
7.427	-0.016	0.324
7.427	-0.016	0.324
7.428	-0.014	0.324
7.428	-0.014	0.324
7.428	-0.018	0.324
7.428	-0.018	0.324
7.428	-0.018	0.324
7.428	-0.018	0.324
7.428	-0.020	0.324
7.428	-0.020	0.324
7.428	-0.016	0.324
7.428	-0.016	0.324
7.429	-0.018	0.326
7.429	-0.018	0.326
7.429	-0.016	0.326
7.429	-0.016	0.326
7.429	-0.018	0.326
7.429	-0.018	0.326
7.429	-0.018	0.326
7.429	-0.018	0.326
7.429	-0.018	0.326
7.429	-0.018	0.326
7.430	-0.018	0.327
7.430	-0.018	0.327
7.430	-0.018	0.326
7.430	-0.018	0.326
7.430	-0.014	0.328
7.430	-0.014	0.328
7.430	-0.018	0.328
7.430	-0.018	0.328
7.430	-0.018	0.328
7.430	-0.018	0.328
7.431	-0.020	0.328
7.431	-0.020	0.328
7.431	-0.018	0.328
7.431	-0.018	0.328
7.431	-0.018	0.328
7.431	-0.018	0.328
7.431	-0.020	0.329
7.431	-0.020	0.329
7.431	-0.018	0.329
7.431	-0.018	0.329
7.432	-0.016	0.329
7.432	-0.016	0.329
7.432	-0.018	0.330
7.432	-0.018	0.330
7.432	-0.018	0.330
7.432	-0.018	0.330
7.432	-0.018	0.332
7.432	-0.018	0.332
7.432	-0.016	0.332
7.432	-0.016	0.332
7.433	-0.016	0.332
7.433	-0.016	0.332
7.433	-0.016	0.332
7.433	-0.016	0.332
7.433	-0.018	0.332
7.433	-0.018	0.332
7.433	-0.014	0.332
7.433	-0.014	0.332
7.433	-0.018	0.332
7.433	-0.018	0.332
7.434	-0.016	0.332
7.434	-0.016	0.332
7.434	-0.018	0.332
7.434	-0.018	0.332
7.434	-0.018	0.333
7.434	-0.018	0.333
7.434	-0.014	0.333
7.434	-0.014	0.333
7.434	-0.018	0.333
7.434	-0.018	0.333
7.435	-0.016	0.334
7.435	-0.016	0.334
7.435	-0.018	0.334
7.435	-0.018	0.334
7.435	-0.018	0.334
7.435	-0.018	0.334
7.435	-0.016	0.335
7.435	-0.016	0.335
7.435	-0.018	0.335
7.435	-0.018	0.335
7.436	-0.018	0.336
7.436	-0.018	0.336
7.436	-0.018	0.336
7.436	-0.018	0.336
7.436	-0.018	0.336
7.436	-0.018	0.336
7.436	-0.018	0.336
7.436	-0.018	0.336
7.436	-0.016	0.336
7.436	-0.016	0.336
7.437	-0.018	0.336
7.437	-0.018	0.336
7.437	-0.016	0.336
7.437	-0.016	0.336
7.437	-0.018	0.336
7.437	-0.018	0.336
7.437	-0.018	0.337
7.437	-0.018	0.337
7.437	-0.014	0.336
7.437	-0.014	0.336
7.438	-0.016	0.337
7.438	-0.016	0.337
7.438	-0.018	0.337
7.438	-0.018	0.337
7.438	-0.018	0.338
7.438	-0.018	0.338
7.438	-0.018	0.338
7.438	-0.018	0.338
7.438	-0.020	0.338
7.438	-0.020	0.338
7.439	-0.018	0.339
7.439	-0.018	0.339
7.439	-0.016	0.339
7.439	-0.016	0.339
7.439	-0.018	0.340
7.439	-0.018	0.340
7.439	-0.016	0.340
7.439	-0.016	0.340
7.439	-0.018	0.340
7.439	-0.018	0.340
7.440	-0.018	0.340
7.440	-0.018	0.340
7.440	-0.018	0.341
7.440	-0.018	0.341
7.440	-0.016	0.341
7.440	-0.016	0.341
7.440	-0.018	0.341
7.440	-0.018	0.341
7.440	-0.016	0.341
7.440	-0.016	0.341
7.441	-0.018	0.342
7.441	-0.018	0.342
7.441	-0.014	0.342
7.441	-0.014	0.342
7.441	-0.018	0.343
7.441	-0.018	0.343
7.441	-0.020	0.342
7.441	-0.020	0.342
7.441	-0.018	0.343
7.441	-0.018	0.343
7.442	-0.018	0.344
7.442	-0.018	0.344
7.442	-0.018	0.344
7.442	-0.018	0.344
7.442	-0.014	0.344
7.442	-0.014	0.344
7.442	-0.018	0.344
7.442	-0.018	0.344
7.442	-0.020	0.344
7.442	-0.020	0.344
7.443	-0.018	0.345
7.443	-0.018	0.345
7.443	-0.018	0.345
7.443	-0.018	0.345
7.443	-0.018	0.346
7.443	-0.018	0.346
7.443	-0.018	0.345
7.443	-0.018	0.345
7.443	-0.018	0.346
7.443	-0.018	0.346
7.444	-0.018	0.346
7.444	-0.018	0.346
7.444	-0.016	0.346
7.444	-0.016	0.346
7.444	-0.016	0.347
7.444	-0.016	0.347
7.444	-0.018	0.346
7.444	-0.018	0.346
7.444	-0.018	0.347
7.444	-0.018	0.347
7.445	-0.018	0.347
7.445	-0.018	0.347
7.445	-0.020	0.348
7.445	-0.020	0.348
7.445	-0.018	0.348
7.445	-0.018	0.348
7.445	-0.016	0.349
7.445	-0.016	0.349
7.445	-0.020	0.348
7.445	-0.020	0.348
7.446	-0.020	0.349
7.446	-0.020	0.349
7.446	-0.018	0.349
7.446	-0.018	0.349
7.446	-0.020	0.351
7.446	-0.020	0.351
7.446	-0.020	0.351
7.446	-0.020	0.351
7.446	-0.018	0.351
7.446	-0.018	0.351
7.447	-0.020	0.352
7.447	-0.020	0.352
7.447	-0.020	0.352
7.447	-0.020	0.352
7.447	-0.018	0.352
7.447	-0.018	0.352
7.447	-0.018	0.352
7.447	-0.018	0.352
7.447	-0.018	0.353
7.447	-0.018	0.353
7.448	-0.018	0.353
7.448	-0.018	0.353
7.448	-0.018	0.354
7.448	-0.018	0.354
7.448	-0.020	0.354
7.448	-0.020	0.354
7.448	-0.018	0.354
7.448	-0.018	0.354
7.448	-0.018	0.355
7.448	-0.018	0.355
7.449	-0.020	0.356
7.449	-0.020	0.356
7.449	-0.018	0.356
7.449	-0.018	0.356
7.449	-0.018	0.356
7.449	-0.018	0.356
7.449	-0.018	0.356
7.449	-0.018	0.356
7.449	-0.018	0.357
7.449	-0.018	0.357
7.450	-0.020	0.357
7.450	-0.020	0.357
7.450	-0.016	0.358
7.450	-0.016	0.358
7.450	-0.020	0.357
7.450	-0.020	0.357
7.450	-0.018	0.358
7.450	-0.018	0.358
7.450	-0.018	0.358
7.450	-0.018	0.358
7.451	-0.018	0.358
7.451	-0.018	0.358
7.451	-0.018	0.359
7.451	-0.018	0.359
7.451	-0.018	0.359
7.451	-0.018	0.359
7.451	-0.018	0.359
7.451	-0.018	0.359
7.451	-0.018	0.360
7.451	-0.018	0.360
7.452	-0.020	0.360
7.452	-0.020	0.360
7.452	-0.020	0.360
7.452	-0.020	0.360
7.452	-0.018	0.360
7.452	-0.018	0.360
7.452	-0.018	0.360
7.452	-0.018	0.360
7.452	-0.020	0.361
7.452	-0.020	0.361
7.453	-0.018	0.361
7.453	-0.018	0.361
7.453	-0.020	0.361
7.453	-0.020	0.361
7.453	-0.018	0.361
7.453	-0.018	0.361
7.453	-0.018	0.361
7.453	-0.018	0.361
7.453	-0.018	0.361
7.453	-0.018	0.361
7.454	-0.016	0.362
7.454	-0.016	0.362
7.454	-0.018	0.362
7.454	-0.018	0.362
7.454	-0.018	0.362
7.454	-0.018	0.362
7.454	-0.018	0.363
7.454	-0.018	0.363
7.454	-0.018	0.363
7.454	-0.018	0.363
7.455	-0.020	0.363
7.455	-0.020	0.363
7.455	-0.018	0.364
7.455	-0.018	0.364
7.455	-0.018	0.364
7.455	-0.018	0.364
7.455	-0.018	0.364
7.455	-0.018	0.364
7.455	-0.020	0.364
7.455	-0.020	0.364
7.456	-0.020	0.364
7.456	-0.020	0.364
7.456	-0.016	0.364
7.456	-0.016	0.364
7.456	-0.018	0.364
7.456	-0.018	0.364
7.456	-0.018	0.365
7.456	-0.018	0.365
7.456	-0.020	0.366
7.456	-0.020	0.366
7.457	-0.020	0.366
7.457	-0.020	0.366
7.457	-0.020	0.366
7.457	-0.020	0.366
7.457	-0.020	0.367
7.457	-0.020	0.367
7.457	-0.018	0.366
7.457	-0.018	0.366
7.457	-0.018	0.368
7.457	-0.018	0.368
7.458	-0.020	0.367
7.458	-0.020	0.367
7.458	-0.020	0.367
7.458	-0.020	0.367
7.458	-0.020	0.368
7.458	-0.020	0.368
7.458	-0.020	0.368
7.458	-0.020	0.368
7.458	-0.018	0.368
7.458	-0.018	0.368
7.459	-0.020	0.368
7.459	-0.020	0.368
7.459	-0.018	0.368
7.459	-0.018	0.368
7.459	-0.018	0.369
7.459	-0.018	0.369
7.459	-0.020	0.370
7.459	-0.020	0.370
7.459	-0.018	0.370
7.459	-0.018	0.370
7.460	-0.020	0.370
7.460	-0.020	0.370
7.460	-0.020	0.370
7.460	-0.020	0.370
7.460	-0.018	0.371
7.460	-0.018	0.371
7.460	-0.020	0.371
7.460	-0.020	0.371
7.460	-0.020	0.371
7.460	-0.020	0.371
7.461	-0.020	0.372
7.461	-0.020	0.372
7.461	-0.018	0.372
7.461	-0.018	0.372
7.461	-0.018	0.372
7.461	-0.018	0.372
7.461	-0.018	0.372
7.461	-0.018	0.372
7.461	-0.020	0.372
7.461	-0.020	0.372
7.462	-0.020	0.373
7.462	-0.020	0.373
7.462	-0.020	0.373
7.462	-0.020	0.373
7.462	-0.020	0.374
7.462	-0.020	0.374
7.462	-0.020	0.374
7.462	-0.020	0.374
7.462	-0.022	0.375
7.462	-0.022	0.375
7.463	-0.020	0.376
7.463	-0.020	0.376
7.463	-0.018	0.376
7.463	-0.018	0.376
7.463	-0.020	0.376
7.463	-0.020	0.376
7.463	-0.022	0.376
7.463	-0.022	0.376
7.463	-0.022	0.376
7.463	-0.022	0.376
7.464	-0.018	0.376
7.464	-0.018	0.376
7.464	-0.020	0.377
7.464	-0.020	0.377
7.464	-0.020	0.377
7.464	-0.020	0.377
7.464	-0.020	0.377
7.464	-0.020	0.377
7.464	-0.020	0.377
7.464	-0.020	0.377
7.465	-0.022	0.377
7.465	-0.022	0.377
7.465	-0.018	0.378
7.465	-0.018	0.378
7.465	-0.022	0.378
7.465	-0.022	0.378
7.465	-0.020	0.377
7.465	-0.020	0.377
7.465	-0.020	0.378
7.465	-0.020	0.378
7.466	-0.020	0.379
7.466	-0.020	0.379
7.466	-0.022	0.379
7.466	-0.022	0.379
7.466	-0.018	0.380
7.466	-0.018	0.380
7.466	-0.020	0.380
7.466	-0.020	0.380
7.466	-0.018	0.380
7.466	-0.018	0.380
7.467	-0.018	0.380
7.467	-0.018	0.380
7.467	-0.022	0.381
7.467	-0.022	0.381
7.467	-0.020	0.381
7.467	-0.020	0.381
7.467	-0.020	0.380
7.467	-0.020	0.380
7.467	-0.020	0.381
7.467	-0.020	0.381
7.468	-0.018	0.380
7.468	-0.018	0.380
7.468	-0.020	0.382
7.468	-0.020	0.382
7.468	-0.022	0.382
7.468	-0.022	0.382
7.468	-0.020	0.382
7.468	-0.020	0.382
7.468	-0.022	0.382
7.468	-0.022	0.382
7.469	-0.020	0.382
7.469	-0.020	0.382
7.469	-0.018	0.383
7.469	-0.018	0.383
7.469	-0.020	0.384
7.469	-0.020	0.384
7.469	-0.018	0.383
7.469	-0.018	0.383
7.469	-0.018	0.383
7.469	-0.018	0.383
7.470	-0.020	0.383
7.470	-0.020	0.383
7.470	-0.020	0.384
7.470	-0.020	0.384
7.470	-0.022	0.383
7.470	-0.022	0.383
7.470	-0.020	0.383
7.470	-0.020	0.383
7.470	-0.020	0.384
7.470	-0.020	0.384
7.471	-0.018	0.384
7.471	-0.018	0.384
7.471	-0.020	0.384
7.471	-0.020	0.384
7.471	-0.018	0.384
7.471	-0.018	0.384
7.471	-0.020	0.384
7.471	-0.020	0.384
7.471	-0.018	0.384
7.471	-0.018	0.384
7.472	-0.020	0.384
7.472	-0.020	0.384
7.472	-0.020	0.385
7.472	-0.020	0.385
7.472	-0.018	0.384
7.472	-0.018	0.384
7.472	-0.018	0.385
7.472	-0.018	0.385
7.472	-0.020	0.386
7.472	-0.020	0.386
7.473	-0.022	0.385
7.473	-0.022	0.385
7.473	-0.020	0.385
7.473	-0.020	0.385
7.473	-0.020	0.385
7.473	-0.020	0.385
7.473	-0.022	0.386
7.473	-0.022	0.386
7.473	-0.020	0.386
7.473	-0.020	0.386
7.474	-0.022	0.387
7.474	-0.022	0.387
7.474	-0.020	0.386
7.474	-0.020	0.386
7.474	-0.020	0.387
7.474	-0.020	0.387
7.474	-0.020	0.387
7.474	-0.020	0.387
7.474	-0.022	0.387
7.474	-0.022	0.387
7.475	-0.022	0.388
7.475	-0.022	0.388
7.475	-0.020	0.388
7.475	-0.020	0.388
7.475	-0.018	0.387
7.475	-0.018	0.387
7.475	-0.022	0.388
7.475	-0.022	0.388
7.475	-0.018	0.388
7.475	-0.018	0.388
7.476	-0.018	0.388
7.476	-0.018	0.388
7.476	-0.020	0.389
7.476	-0.020	0.389
7.476	-0.020	0.388
7.476	-0.020	0.388
7.476	-0.018	0.389
7.476	-0.018	0.389
7.476	-0.020	0.389
7.476	-0.020	0.389
7.477	-0.020	0.389
7.477	-0.020	0.389
7.477	-0.022	0.389
7.477	-0.022	0.389
7.477	-0.020	0.390
7.477	-0.020	0.390
7.477	-0.022	0.390
7.477	-0.022	0.390
7.477	-0.020	0.391
7.477	-0.020	0.391
7.478	-0.022	0.390
7.478	-0.022	0.390
7.478	-0.020	0.391
7.478	-0.020	0.391
7.478	-0.022	0.391
7.478	-0.022	0.391
7.478	-0.020	0.392
7.478	-0.020	0.392
7.478	-0.020	0.391
7.478	-0.020	0.391
7.479	-0.020	0.392
7.479	-0.020	0.392
7.479	-0.020	0.392
7.479	-0.020	0.392
7.479	-0.020	0.392
7.479	-0.020	0.392
7.479	-0.020	0.392
7.479	-0.020	0.392
7.479	-0.020	0.393
7.479	-0.020	0.393
7.480	-0.020	0.393
7.480	-0.020	0.393
7.480	-0.020	0.393
7.480	-0.020	0.393
7.480	-0.022	0.393
7.480	-0.022	0.393
7.480	-0.022	0.393
7.480	-0.022	0.393
7.480	-0.020	0.393
7.480	-0.020	0.393
7.481	-0.022	0.394
7.481	-0.022	0.394
7.481	-0.022	0.394
7.481	-0.022	0.394
7.481	-0.018	0.394
7.481	-0.018	0.394
7.481	-0.018	0.394
7.481	-0.018	0.394
7.481	-0.022	0.394
7.481	-0.022	0.394
7.482	-0.020	0.395
7.482	-0.020	0.395
7.482	-0.022	0.395
7.482	-0.022	0.395
7.482	-0.022	0.395
7.482	-0.022	0.395
7.482	-0.018	0.395
7.482	-0.018	0.395
7.482	-0.020	0.395
7.482	-0.020	0.395
7.483	-0.020	0.396
7.483	-0.020	0.396
7.483	-0.020	0.396
7.483	-0.020	0.396
7.483	-0.022	0.396
7.483	-0.022	0.396
7.483	-0.022	0.396
7.483	-0.022	0.396
7.483	-0.020	0.396
7.483	-0.020	0.396
7.484	-0.020	0.396
7.484	-0.020	0.396
7.484	-0.020	0.396
7.484	-0.020	0.396
7.484	-0.020	0.396
7.484	-0.020	0.396
7.484	-0.020	0.396
7.484	-0.020	0.396
7.484	-0.020	0.396
7.484	-0.020	0.396
7.485	-0.022	0.397
7.485	-0.022	0.397
7.485	-0.020	0.396
7.485	-0.020	0.396
7.485	-0.022	0.397
7.485	-0.022	0.397
7.485	-0.018	0.396
7.485	-0.018	0.396
7.485	-0.022	0.397
7.485	-0.022	0.397
7.486	-0.022	0.397
7.486	-0.022	0.397
7.486	-0.020	0.397
7.486	-0.020	0.397
7.486	-0.022	0.397
7.486	-0.022	0.397
7.486	-0.020	0.397
7.486	-0.020	0.397
7.486	-0.018	0.398
7.486	-0.018	0.398
7.487	-0.020	0.398
7.487	-0.020	0.398
7.487	-0.022	0.398
7.487	-0.022	0.398
7.487	-0.022	0.398
7.487	-0.022	0.398
7.487	-0.022	0.398
7.487	-0.022	0.398
7.487	-0.022	0.399
7.487	-0.022	0.399
7.488	-0.022	0.399
7.488	-0.022	0.399
7.488	-0.022	0.399
7.488	-0.022	0.399
7.488	-0.020	0.399
7.488	-0.020	0.399
7.488	-0.022	0.399
7.488	-0.022	0.399
7.488	-0.022	0.399
7.488	-0.022	0.399
7.489	-0.022	0.400
7.489	-0.022	0.400
7.489	-0.022	0.399
7.489	-0.022	0.399
7.489	-0.022	0.400
7.489	-0.022	0.400
7.489	-0.022	0.400
7.489	-0.022	0.400
7.489	-0.022	0.399
7.489	-0.022	0.399
7.490	-0.022	0.400
7.490	-0.022	0.400
7.490	-0.020	0.400
7.490	-0.020	0.400
7.490	-0.022	0.400
7.490	-0.022	0.400
7.490	-0.020	0.400
7.490	-0.020	0.400
7.490	-0.022	0.400
7.490	-0.022	0.400
7.491	-0.022	0.400
7.491	-0.022	0.400
7.491	-0.022	0.400
7.491	-0.022	0.400
7.491	-0.022	0.400
7.491	-0.022	0.400
7.491	-0.020	0.400
7.491	-0.020	0.400
7.491	-0.020	0.401
7.491	-0.020	0.401
7.492	-0.020	0.400
7.492	-0.020	0.400
7.492	-0.022	0.400
7.492	-0.022	0.400
7.492	-0.020	0.400
7.492	-0.020	0.400
7.492	-0.020	0.400
7.492	-0.020	0.400
7.492	-0.022	0.400
7.492	-0.022	0.400
7.493	-0.020	0.401
7.493	-0.020	0.401
7.493	-0.020	0.401
7.493	-0.020	0.401
7.493	-0.022	0.402
7.493	-0.022	0.402
7.493	-0.020	0.401
7.493	-0.020	0.401
7.493	-0.022	0.401
7.493	-0.022	0.401
7.494	-0.020	0.401
7.494	-0.020	0.401
7.494	-0.022	0.402
7.494	-0.022	0.402
7.494	-0.020	0.402
7.494	-0.020	0.402
7.494	-0.022	0.403
7.494	-0.022	0.403
7.494	-0.020	0.402
7.494	-0.020	0.402
7.495	-0.022	0.402
7.495	-0.022	0.402
7.495	-0.022	0.402
7.495	-0.022	0.402
7.495	-0.020	0.402
7.495	-0.020	0.402
7.495	-0.020	0.403
7.495	-0.020	0.403
7.495	-0.022	0.402
7.495	-0.022	0.402
7.496	-0.020	0.403
7.496	-0.020	0.403
7.496	-0.022	0.404
7.496	-0.022	0.404
7.496	-0.022	0.403
7.496	-0.022	0.403
7.496	-0.020	0.403
7.496	-0.020	0.403
7.496	-0.022	0.404
7.496	-0.022	0.404
7.497	-0.022	0.404
7.497	-0.022	0.404
7.497	-0.020	0.404
7.497	-0.020	0.404
7.497	-0.022	0.403
7.497	-0.022	0.403
7.497	-0.022	0.403
7.497	-0.022	0.403
7.497	-0.022	0.404
7.497	-0.022	0.404
7.498	-0.022	0.403
7.498	-0.022	0.403
7.498	-0.022	0.404
7.498	-0.022	0.404
7.498	-0.020	0.404
7.498	-0.020	0.404
7.498	-0.022	0.404
7.498	-0.022	0.404
7.498	-0.020	0.404
7.498	-0.020	0.404
7.499	-0.022	0.404
7.499	-0.022	0.404
7.499	-0.022	0.404
7.499	-0.022	0.404
7.499	-0.022	0.404
7.499	-0.022	0.404
7.499	-0.022	0.404
7.499	-0.022	0.404
7.499	-0.022	0.404
7.499	-0.022	0.404
7.500	-0.020	0.404
7.500	-0.020	0.404
7.500	-0.022	0.405
7.500	-0.022	0.405
7.500	-0.024	0.404
7.500	-0.024	0.404
7.500	-0.022	0.405
7.500	-0.022	0.405
7.500	-0.022	0.405
7.500	-0.022	0.405
7.501	-0.022	0.405
7.501	-0.022	0.405
7.501	-0.022	0.406
7.501	-0.022	0.406
7.501	-0.020	0.405
7.501	-0.020	0.405
7.501	-0.020	0.406
7.501	-0.020	0.406
7.501	-0.022	0.405
7.501	-0.022	0.405
7.502	-0.022	0.405
7.502	-0.022	0.405
7.502	-0.022	0.405
7.502	-0.022	0.405
7.502	-0.020	0.405
7.502	-0.020	0.405
7.502	-0.022	0.406
7.502	-0.022	0.406
7.502	-0.022	0.405
7.502	-0.022	0.405
7.503	-0.022	0.406
7.503	-0.022	0.406
7.503	-0.022	0.405
7.503	-0.022	0.405
7.503	-0.020	0.406
7.503	-0.020	0.406
7.503	-0.022	0.406
7.503	-0.022	0.406
7.503	-0.022	0.406
7.503	-0.022	0.406
7.504	-0.024	0.406
7.504	-0.024	0.406
7.504	-0.022	0.405
7.504	-0.022	0.405
7.504	-0.022	0.406
7.504	-0.022	0.406
7.504	-0.022	0.405
7.504	-0.022	0.405
7.504	-0.022	0.406
7.504	-0.022	0.406
7.505	-0.020	0.405
7.505	-0.020	0.405
7.505	-0.022	0.406
7.505	-0.022	0.406
7.505	-0.022	0.406
7.505	-0.022	0.406
7.505	-0.022	0.405
7.505	-0.022	0.405
7.505	-0.022	0.406
7.505	-0.022	0.406
7.506	-0.022	0.407
7.506	-0.022	0.407
7.506	-0.022	0.406
7.506	-0.022	0.406
7.506	-0.022	0.407
7.506	-0.022	0.407
7.506	-0.020	0.406
7.506	-0.020	0.406
7.506	-0.022	0.407
7.506	-0.022	0.407
7.507	-0.020	0.407
7.507	-0.020	0.407
7.507	-0.020	0.406
7.507	-0.020	0.406
7.507	-0.022	0.407
7.507	-0.022	0.407
7.507	-0.020	0.407
7.507	-0.020	0.407
7.507	-0.022	0.407
7.507	-0.022	0.407
7.508	-0.024	0.407
7.508	-0.024	0.407
7.508	-0.022	0.407
7.508	-0.022	0.407
7.508	-0.022	0.408
7.508	-0.022	0.408
7.508	-0.020	0.407
7.508	-0.020	0.407
7.508	-0.022	0.407
7.508	-0.022	0.407
7.509	-0.022	0.407
7.509	-0.022	0.407
7.509	-0.022	0.408
7.509	-0.022	0.408
7.509	-0.022	0.408
7.509	-0.022	0.408
7.509	-0.022	0.408
7.509	-0.022	0.408
7.509	-0.024	0.408
7.509	-0.024	0.408
7.510	-0.022	0.407
7.510	-0.022	0.407
7.510	-0.022	0.408
7.510	-0.022	0.408
7.510	-0.022	0.408
7.510	-0.022	0.408
7.510	-0.022	0.408
7.510	-0.022	0.408
7.510	-0.020	0.407
7.510	-0.020	0.407
7.511	-0.020	0.408
7.511	-0.020	0.408
7.511	-0.026	0.408
7.511	-0.026	0.408
7.511	-0.024	0.408
7.511	-0.024	0.408
7.511	-0.022	0.407
7.511	-0.022	0.407
7.511	-0.022	0.407
7.511	-0.022	0.407
7.512	-0.022	0.408
7.512	-0.022	0.408
7.512	-0.022	0.408
7.512	-0.022	0.408
7.512	-0.020	0.408
7.512	-0.020	0.408
7.512	-0.022	0.408
7.512	-0.022	0.408
7.512	-0.022	0.408
7.512	-0.022	0.408
7.513	-0.022	0.408
7.513	-0.022	0.408
7.513	-0.022	0.408
7.513	-0.022	0.408
7.513	-0.024	0.407
7.513	-0.024	0.407
7.513	-0.022	0.408
7.513	-0.022	0.408
7.513	-0.022	0.408
7.513	-0.022	0.408
7.514	-0.022	0.408
7.514	-0.022	0.408
7.514	-0.024	0.408
7.514	-0.024	0.408
7.514	-0.022	0.408
7.514	-0.022	0.408
7.514	-0.022	0.408
7.514	-0.022	0.408
7.514	-0.024	0.408
7.514	-0.024	0.408
7.515	-0.022	0.408
7.515	-0.022	0.408
7.515	-0.020	0.408
7.515	-0.020	0.408
7.515	-0.024	0.408
7.515	-0.024	0.408
7.515	-0.022	0.408
7.515	-0.022	0.408
7.515	-0.022	0.408
7.515	-0.022	0.408
7.516	-0.022	0.408
7.516	-0.022	0.408
7.516	-0.022	0.408
7.516	-0.022	0.408
7.516	-0.022	0.408
7.516	-0.022	0.408
7.516	-0.022	0.408
7.516	-0.022	0.408
7.516	-0.022	0.408
7.516	-0.022	0.408
7.517	-0.024	0.408
7.517	-0.024	0.408
7.517	-0.022	0.409
7.517	-0.022	0.409
7.517	-0.022	0.408
7.517	-0.022	0.408
7.517	-0.022	0.408
7.517	-0.022	0.408
7.517	-0.024	0.408
7.517	-0.024	0.408
7.518	-0.022	0.408
7.518	-0.022	0.408
7.518	-0.022	0.409
7.518	-0.022	0.409
7.518	-0.022	0.408
7.518	-0.022	0.408
7.518	-0.022	0.408
7.518	-0.022	0.408
7.518	-0.022	0.408
7.518	-0.022	0.408
7.519	-0.022	0.409
7.519	-0.022	0.409
7.519	-0.022	0.409
7.519	-0.022	0.409
7.519	-0.022	0.408
7.519	-0.022	0.408
7.519	-0.022	0.408
7.519	-0.022	0.408
7.519	-0.022	0.408
7.519	-0.022	0.408
7.520	-0.022	0.408
7.520	-0.022	0.408
7.520	-0.022	0.409
7.520	-0.022	0.409
7.520	-0.022	0.408
7.520	-0.022	0.408
7.520	-0.022	0.408
7.520	-0.022	0.408
7.520	-0.022	0.408
7.520	-0.022	0.408
7.521	-0.022	0.409
7.521	-0.022	0.409
7.521	-0.022	0.409
7.521	-0.022	0.409
7.521	-0.022	0.409
7.521	-0.022	0.409
7.521	-0.022	0.408
7.521	-0.022	0.408
7.521	-0.020	0.409
7.521	-0.020	0.409
7.522	-0.022	0.409
7.522	-0.022	0.409
7.522	-0.022	0.408
7.522	-0.022	0.408
7.522	-0.022	0.409
7.522	-0.022	0.409
7.522	-0.022	0.409
7.522	-0.022	0.409
7.522	-0.022	0.409
7.522	-0.022	0.409
7.523	-0.022	0.409
7.523	-0.022	0.409
7.523	-0.024	0.409
7.523	-0.024	0.409
7.523	-0.024	0.409
7.523	-0.024	0.409
7.523	-0.022	0.409
7.523	-0.022	0.409
7.523	-0.022	0.409
7.523	-0.022	0.409
7.524	-0.022	0.409
7.524	-0.022	0.409
7.524	-0.024	0.408
7.524	-0.024	0.408
7.524	-0.024	0.409
7.524	-0.024	0.409
7.524	-0.022	0.409
7.524	-0.022	0.409
7.524	-0.022	0.409
7.524	-0.022	0.409
7.525	-0.022	0.408
7.525	-0.022	0.408
7.525	-0.022	0.409
7.525	-0.022	0.409
7.525	-0.022	0.409
7.525	-0.022	0.409
7.525	-0.022	0.409
7.525	-0.022	0.409
7.525	-0.022	0.409
7.525	-0.022	0.409
7.526	-0.024	0.409
7.526	-0.024	0.409
7.526	-0.022	0.409
7.526	-0.022	0.409
7.526	-0.022	0.409
7.526	-0.022	0.409
7.526	-0.022	0.409
7.526	-0.022	0.409
7.526	-0.022	0.409
7.526	-0.022	0.409
7.527	-0.022	0.409
7.527	-0.022	0.409
7.527	-0.022	0.409
7.527	-0.022	0.409
7.527	-0.022	0.409
7.527	-0.022	0.409
7.527	-0.022	0.409
7.527	-0.022	0.409
7.527	-0.022	0.409
7.527	-0.022	0.409
7.528	-0.022	0.409
7.528	-0.022	0.409
7.528	-0.024	0.409
7.528	-0.024	0.409
7.528	-0.024	0.409
7.528	-0.024	0.409
7.528	-0.024	0.409
7.528	-0.024	0.409
7.528	-0.022	0.410
7.528	-0.022	0.410
7.529	-0.022	0.409
7.529	-0.022	0.409
7.529	-0.026	0.410
7.529	-0.026	0.410
7.529	-0.026	0.408
7.529	-0.026	0.408
7.529	-0.024	0.409
7.529	-0.024	0.409
7.529	-0.022	0.409
7.529	-0.022	0.409
7.530	-0.024	0.409
7.530	-0.024	0.409
7.530	-0.024	0.409
7.530	-0.024	0.409
7.530	-0.022	0.409
7.530	-0.022	0.409
7.530	-0.026	0.409
7.530	-0.026	0.409
7.530	-0.022	0.409
7.530	-0.022	0.409
7.531	-0.024	0.409
7.531	-0.024	0.409
7.531	-0.026	0.409
7.531	-0.026	0.409
7.531	-0.026	0.409
7.531	-0.026	0.409
7.531	-0.026	0.409
7.531	-0.026	0.409
7.531	-0.026	0.409
7.531	-0.026	0.409
7.532	-0.026	0.409
7.532	-0.026	0.409
7.532	-0.022	0.409
7.532	-0.022	0.409
7.532	-0.024	0.409
7.532	-0.024	0.409
7.532	-0.026	0.409
7.532	-0.026	0.409
7.532	-0.024	0.409
7.532	-0.024	0.409
7.533	-0.024	0.409
7.533	-0.024	0.409
7.533	-0.024	0.409
7.533	-0.024	0.409
7.533	-0.024	0.410
7.533	-0.024	0.410
7.533	-0.022	0.409
7.533	-0.022	0.409
7.533	-0.022	0.409
7.533	-0.022	0.409
7.534	-0.024	0.409
7.534	-0.024	0.409
7.534	-0.024	0.409
7.534	-0.024	0.409
7.534	-0.024	0.410
7.534	-0.024	0.410
7.534	-0.024	0.409
7.534	-0.024	0.409
7.534	-0.026	0.409
7.534	-0.026	0.409
7.535	-0.024	0.409
7.535	-0.024	0.409
7.535	-0.024	0.409
7.535	-0.024	0.409
7.535	-0.022	0.409
7.535	-0.022	0.409
7.535	-0.026	0.409
7.535	-0.026	0.409
7.535	-0.022	0.409
7.535	-0.022	0.409
7.536	-0.024	0.409
7.536	-0.024	0.409
7.536	-0.026	0.409
7.536	-0.026	0.409
7.536	-0.024	0.409
7.536	-0.024	0.409
7.536	-0.022	0.409
7.536	-0.022	0.409
7.536	-0.026	0.409
7.536	-0.026	0.409
7.537	-0.022	0.409
7.537	-0.022	0.409
7.537	-0.024	0.409
7.537	-0.024	0.409
7.537	-0.024	0.409
7.537	-0.024	0.409
7.537	-0.022	0.409
7.537	-0.022	0.409
7.537	-0.026	0.409
7.537	-0.026	0.409
7.538	-0.026	0.409
7.538	-0.026	0.409
7.538	-0.026	0.409
7.538	-0.026	0.409
7.538	-0.022	0.409
7.538	-0.022	0.409
7.538	-0.024	0.409
7.538	-0.024	0.409
7.538	-0.024	0.410
7.538	-0.024	0.410
7.539	-0.026	0.409
7.539	-0.026	0.409
7.539	-0.026	0.409
7.539	-0.026	0.409
7.539	-0.026	0.409
7.539	-0.026	0.409
7.539	-0.022	0.410
7.539	-0.022	0.410
7.539	-0.026	0.409
7.539	-0.026	0.409
7.540	-0.024	0.409
7.540	-0.024	0.409
7.540	-0.026	0.409
7.540	-0.026	0.409
7.540	-0.026	0.410
7.540	-0.026	0.410
7.540	-0.026	0.409
7.540	-0.026	0.409
7.540	-0.024	0.409
7.540	-0.024	0.409
7.541	-0.026	0.409
7.541	-0.026	0.409
7.541	-0.022	0.409
7.541	-0.022	0.409
7.541	-0.026	0.409
7.541	-0.026	0.409
7.541	-0.022	0.410
7.541	-0.022	0.410
7.541	-0.026	0.409
7.541	-0.026	0.409
7.542	-0.024	0.409
7.542	-0.024	0.409
7.542	-0.024	0.409
7.542	-0.024	0.409
7.542	-0.026	0.409
7.542	-0.026	0.409
7.542	-0.022	0.409
7.542	-0.022	0.409
7.542	-0.026	0.410
7.542	-0.026	0.410
7.543	-0.026	0.409
7.543	-0.026	0.409
7.543	-0.026	0.409
7.543	-0.026	0.409
7.543	-0.024	0.409
7.543	-0.024	0.409
7.543	-0.026	0.409
7.543	-0.026	0.409
7.543	-0.022	0.409
7.543	-0.022	0.409
7.544	-0.024	0.409
7.544	-0.024	0.409
7.544	-0.024	0.409
7.544	-0.024	0.409
7.544	-0.026	0.409
7.544	-0.026	0.409
7.544	-0.026	0.410
7.544	-0.026	0.410
7.544	-0.022	0.409
7.544	-0.022	0.409
7.545	-0.024	0.409
7.545	-0.024	0.409
7.545	-0.026	0.409
7.545	-0.026	0.409
7.545	-0.026	0.409
7.545	-0.026	0.409
7.545	-0.026	0.410
7.545	-0.026	0.410
7.545	-0.026	0.410
7.545	-0.026	0.410
7.546	-0.024	0.410
7.546	-0.024	0.410
7.546	-0.024	0.409
7.546	-0.024	0.409
7.546	-0.024	0.410
7.546	-0.024	0.410
7.546	-0.022	0.409
7.546	-0.022	0.409
7.546	-0.026	0.409
7.546	-0.026	0.409
7.547	-0.026	0.409
7.547	-0.026	0.409
7.547	-0.022	0.409
7.547	-0.022	0.409
7.547	-0.026	0.409
7.547	-0.026	0.409
7.547	-0.026	0.409
7.547	-0.026	0.409
7.547	-0.024	0.409
7.547	-0.024	0.409
7.548	-0.026	0.409
7.548	-0.026	0.409
7.548	-0.024	0.409
7.548	-0.024	0.409
7.548	-0.026	0.410
7.548	-0.026	0.410
7.548	-0.022	0.410
7.548	-0.022	0.410
7.548	-0.026	0.409
7.548	-0.026	0.409
7.549	-0.024	0.409
7.549	-0.024	0.409
7.549	-0.026	0.409
7.549	-0.026	0.409
7.549	-0.024	0.409
7.549	-0.024	0.409
7.549	-0.026	0.410
7.549	-0.026	0.410
7.549	-0.026	0.409
7.549	-0.026	0.409
7.550	-0.026	0.410
7.550	-0.026	0.410
7.550	-0.026	0.409
7.550	-0.026	0.409
7.550	-0.022	0.410
7.550	-0.022	0.410
7.550	-0.024	0.409
7.550	-0.024	0.409
7.550	-0.022	0.409
7.550	-0.022	0.409
7.551	-0.026	0.410
7.551	-0.026	0.410
7.551	-0.026	0.409
7.551	-0.026	0.409
7.551	-0.026	0.409
7.551	-0.026	0.409
7.551	-0.026	0.411
7.551	-0.026	0.411
7.551	-0.026	0.410
7.551	-0.026	0.410
7.552	-0.024	0.409
7.552	-0.024	0.409
7.552	-0.026	0.409
7.552	-0.026	0.409
7.552	-0.026	0.409
7.552	-0.026	0.409
7.552	-0.024	0.410
7.552	-0.024	0.410
7.552	-0.028	0.410
7.552	-0.028	0.410
7.553	-0.024	0.409
7.553	-0.024	0.409
7.553	-0.024	0.409
7.553	-0.024	0.409
7.553	-0.026	0.409
7.553	-0.026	0.409
7.553	-0.024	0.410
7.553	-0.024	0.410
7.553	-0.026	0.410
7.553	-0.026	0.410
7.554	-0.026	0.410
7.554	-0.026	0.410
7.554	-0.022	0.410
7.554	-0.022	0.410
7.554	-0.024	0.409
7.554	-0.024	0.409
7.554	-0.026	0.410
7.554	-0.026	0.410
7.554	-0.026	0.409
7.554	-0.026	0.409
7.555	-0.022	0.410
7.555	-0.022	0.410
7.555	-0.026	0.409
7.555	-0.026	0.409
7.555	-0.024	0.409
7.555	-0.024	0.409
7.555	-0.022	0.410
7.555	-0.022	0.410
7.555	-0.026	0.410
7.555	-0.026	0.410
7.556	-0.024	0.410
7.556	-0.024	0.410
7.556	-0.026	0.409
7.556	-0.026	0.409
7.556	-0.024	0.410
7.556	-0.024	0.410
7.556	-0.026	0.410
7.556	-0.026	0.410
7.556	-0.026	0.409
7.556	-0.026	0.409
7.557	-0.026	0.410
7.557	-0.026	0.410
7.557	-0.026	0.409
7.557	-0.026	0.409
7.557	-0.026	0.410
7.557	-0.026	0.410
7.557	-0.026	0.410
7.557	-0.026	0.410
7.557	-0.024	0.410
7.557	-0.024	0.410
7.558	-0.026	0.410
7.558	-0.026	0.410
7.558	-0.026	0.409
7.558	-0.026	0.409
7.558	-0.026	0.410
7.558	-0.026	0.410
7.558	-0.024	0.410
7.558	-0.024	0.410
7.558	-0.026	0.409
7.558	-0.026	0.409
7.559	-0.028	0.410
7.559	-0.028	0.410
7.559	-0.026	0.410
7.559	-0.026	0.410
7.559	-0.026	0.410
7.559	-0.026	0.410
7.559	-0.026	0.409
7.559	-0.026	0.409
7.559	-0.028	0.409
7.559	-0.028	0.409
7.560	-0.026	0.409
7.560	-0.026	0.409
7.560	-0.028	0.409
7.560	-0.028	0.409
7.560	-0.026	0.410
7.560	-0.026	0.410
7.560	-0.026	0.409
7.560	-0.026	0.409
7.560	-0.028	0.410
7.560	-0.028	0.410
7.561	-0.028	0.409
7.561	-0.028	0.409
7.561	-0.026	0.410
7.561	-0.026	0.410
7.561	-0.022	0.409
7.561	-0.022	0.409
7.561	-0.028	0.409
7.561	-0.028	0.409
7.561	-0.026	0.409
7.561	-0.026	0.409
7.562	-0.026	0.409
7.562	-0.026	0.409
7.562	-0.026	0.409
7.562	-0.026	0.409
7.562	-0.026	0.410
7.562	-0.026	0.410
7.562	-0.028	0.410
7.562	-0.028	0.410
7.562	-0.028	0.410
7.562	-0.028	0.410
7.563	-0.026	0.410
7.563	-0.026	0.410
7.563	-0.028	0.409
7.563	-0.028	0.409
7.563	-0.028	0.409
7.563	-0.028	0.409
7.563	-0.024	0.409
7.563	-0.024	0.409
7.563	-0.026	0.409
7.563	-0.026	0.409
7.564	-0.026	0.409
7.564	-0.026	0.409
7.564	-0.024	0.410
7.564	-0.024	0.410
7.564	-0.026	0.410
7.564	-0.026	0.410
7.564	-0.026	0.410
7.564	-0.026	0.410
7.564	-0.024	0.411
7.564	-0.024	0.411
7.565	-0.024	0.409
7.565	-0.024	0.409
7.565	-0.022	0.410
7.565	-0.022	0.410
7.565	-0.028	0.410
7.565	-0.028	0.410
7.565	-0.026	0.410
7.565	-0.026	0.410
7.565	-0.026	0.410
7.565	-0.026	0.410
7.566	-0.026	0.409
7.566	-0.026	0.409
7.566	-0.026	0.410
7.566	-0.026	0.410
7.566	-0.026	0.410
7.566	-0.026	0.410
7.566	-0.026	0.410
7.566	-0.026	0.410
7.566	-0.026	0.410
7.566	-0.026	0.410
7.567	-0.026	0.410
7.567	-0.026	0.410
7.567	-0.026	0.409
7.567	-0.026	0.409
7.567	-0.026	0.410
7.567	-0.026	0.410
7.567	-0.026	0.410
7.567	-0.026	0.410
7.567	-0.028	0.410
7.567	-0.028	0.410
7.568	-0.028	0.409
7.568	-0.028	0.409
7.568	-0.028	0.411
7.568	-0.028	0.411
7.568	-0.024	0.410
7.568	-0.024	0.410
7.568	-0.028	0.411
7.568	-0.028	0.411
7.568	-0.026	0.411
7.568	-0.026	0.411
7.569	-0.026	0.410
7.569	-0.026	0.410
7.569	-0.028	0.410
7.569	-0.028	0.410
7.569	-0.026	0.410
7.569	-0.026	0.410
7.569	-0.028	0.410
7.569	-0.028	0.410
7.569	-0.028	0.410
7.569	-0.028	0.410
7.570	-0.026	0.409
7.570	-0.026	0.409
7.570	-0.028	0.410
7.570	-0.028	0.410
7.570	-0.026	0.411
7.570	-0.026	0.411
7.570	-0.026	0.410
7.570	-0.026	0.410
7.570	-0.028	0.410
7.570	-0.028	0.410
7.571	-0.028	0.411
7.571	-0.028	0.411
7.571	-0.026	0.410
7.571	-0.026	0.410
7.571	-0.028	0.409
7.571	-0.028	0.409
7.571	-0.026	0.410
7.571	-0.026	0.410
7.571	-0.026	0.410
7.571	-0.026	0.410
7.572	-0.026	0.410
7.572	-0.026	0.410
7.572	-0.026	0.411
7.572	-0.026	0.411
7.572	-0.028	0.411
7.572	-0.028	0.411
7.572	-0.026	0.410
7.572	-0.026	0.410
7.572	-0.026	0.410
7.572	-0.026	0.410
7.573	-0.026	0.410
7.573	-0.026	0.410
7.573	-0.026	0.410
7.573	-0.026	0.410
7.573	-0.028	0.410
7.573	-0.028	0.410
7.573	-0.026	0.410
7.573	-0.026	0.410
7.573	-0.026	0.409
7.573	-0.026	0.409
7.574	-0.028	0.409
7.574	-0.028	0.409
7.574	-0.028	0.410
7.574	-0.028	0.410
7.574	-0.026	0.410
7.574	-0.026	0.410
7.574	-0.028	0.410
7.574	-0.028	0.410
7.574	-0.026	0.410
7.574	-0.026	0.410
7.575	-0.026	0.410
7.575	-0.026	0.410
7.575	-0.026	0.410
7.575	-0.026	0.410
7.575	-0.026	0.410
7.575	-0.026	0.410
7.575	-0.028	0.410
7.575	-0.028	0.410
7.575	-0.028	0.411
7.575	-0.028	0.411
7.576	-0.026	0.410
7.576	-0.026	0.410
7.576	-0.026	0.410
7.576	-0.026	0.410
7.576	-0.028	0.410
7.576	-0.028	0.410
7.576	-0.026	0.411
7.576	-0.026	0.411
7.576	-0.026	0.410
7.576	-0.026	0.410
7.577	-0.026	0.410
7.577	-0.026	0.410
7.577	-0.026	0.410
7.577	-0.026	0.410
7.577	-0.028	0.411
7.577	-0.028	0.411
7.577	-0.026	0.409
7.577	-0.026	0.409
7.577	-0.028	0.410
7.577	-0.028	0.410
7.578	-0.028	0.409
7.578	-0.028	0.409
7.578	-0.026	0.410
7.578	-0.026	0.410
7.578	-0.028	0.410
7.578	-0.028	0.410
7.578	-0.028	0.410
7.578	-0.028	0.410
7.578	-0.028	0.410
7.578	-0.028	0.410
7.579	-0.028	0.410
7.579	-0.028	0.410
7.579	-0.028	0.410
7.579	-0.028	0.410
7.579	-0.026	0.409
7.579	-0.026	0.409
7.579	-0.028	0.410
7.579	-0.028	0.410
7.579	-0.026	0.410
7.579	-0.026	0.410
7.580	-0.028	0.411
7.580	-0.028	0.411
7.580	-0.026	0.409
7.580	-0.026	0.409
7.580	-0.026	0.411
7.580	-0.026	0.411
7.580	-0.028	0.411
7.580	-0.028	0.411
7.580	-0.026	0.410
7.580	-0.026	0.410
7.581	-0.028	0.410
7.581	-0.028	0.410
7.581	-0.026	0.410
7.581	-0.026	0.410
7.581	-0.028	0.410
7.581	-0.028	0.410
7.581	-0.026	0.411
7.581	-0.026	0.411
7.581	-0.028	0.410
7.581	-0.028	0.410
7.582	-0.028	0.410
7.582	-0.028	0.410
7.582	-0.028	0.410
7.582	-0.028	0.410
7.582	-0.026	0.411
7.582	-0.026	0.411
7.582	-0.028	0.411
7.582	-0.028	0.411
7.582	-0.026	0.410
7.582	-0.026	0.410
7.583	-0.028	0.410
7.583	-0.028	0.410
7.583	-0.026	0.410
7.583	-0.026	0.410
7.583	-0.028	0.410
7.583	-0.028	0.410
7.583	-0.028	0.411
7.583	-0.028	0.411
7.583	-0.026	0.411
7.583	-0.026	0.411
7.584	-0.026	0.410
7.584	-0.026	0.410
7.584	-0.026	0.410
7.584	-0.026	0.410
7.584	-0.026	0.410
7.584	-0.026	0.410
7.584	-0.028	0.410
7.584	-0.028	0.410
7.584	-0.030	0.409
7.584	-0.030	0.409
7.585	-0.028	0.410
7.585	-0.028	0.410
7.585	-0.026	0.410
7.585	-0.026	0.410
7.585	-0.028	0.410
