7.684	-0.034	0.345
7.684	-0.034	0.345
7.684	-0.034	0.345
7.684	-0.034	0.345
7.684	-0.034	0.345
7.685	-0.032	0.345
7.685	-0.032	0.345
7.685	-0.034	0.345
7.685	-0.034	0.345
7.685	-0.032	0.345
7.685	-0.032	0.345
7.685	-0.034	0.345
7.685	-0.034	0.345
7.685	-0.034	0.346
7.685	-0.034	0.346
7.686	-0.034	0.345
7.686	-0.034	0.345
7.686	-0.036	0.345
7.686	-0.036	0.345
7.686	-0.032	0.346
7.686	-0.032	0.346
7.686	-0.034	0.346
7.686	-0.034	0.346
7.686	-0.034	0.345
7.686	-0.034	0.345
7.687	-0.034	0.346
7.687	-0.034	0.346
7.687	-0.036	0.345
7.687	-0.036	0.345
7.687	-0.032	0.345
7.687	-0.032	0.345
7.687	-0.030	0.346
7.687	-0.030	0.346
7.687	-0.036	0.346
7.687	-0.036	0.346
7.688	-0.034	0.345
7.688	-0.034	0.345
7.688	-0.034	0.345
7.688	-0.034	0.345
7.688	-0.036	0.345
7.688	-0.036	0.345
7.688	-0.032	0.345
7.688	-0.032	0.345
7.688	-0.030	0.344
7.688	-0.030	0.344
7.689	-0.036	0.346
7.689	-0.036	0.346
7.689	-0.036	0.345
7.689	-0.036	0.345
7.689	-0.034	0.345
7.689	-0.034	0.345
7.689	-0.034	0.346
7.689	-0.034	0.346
7.689	-0.034	0.345
7.689	-0.034	0.345
7.690	-0.036	0.345
7.690	-0.036	0.345
7.690	-0.038	0.346
7.690	-0.038	0.346
7.690	-0.032	0.344
7.690	-0.032	0.344
7.690	-0.036	0.345
7.690	-0.036	0.345
7.690	-0.036	0.345
7.690	-0.036	0.345
7.691	-0.036	0.345
7.691	-0.036	0.345
7.691	-0.034	0.345
7.691	-0.034	0.345
7.691	-0.032	0.346
7.691	-0.032	0.346
7.691	-0.036	0.346
7.691	-0.036	0.346
7.691	-0.034	0.345
7.691	-0.034	0.345
7.692	-0.032	0.346
7.692	-0.032	0.346
7.692	-0.034	0.345
7.692	-0.034	0.345
7.692	-0.036	0.345
7.692	-0.036	0.345
7.692	-0.034	0.345
7.692	-0.034	0.345
7.692	-0.036	0.345
7.692	-0.036	0.345
7.693	-0.032	0.345
7.693	-0.032	0.345
7.693	-0.036	0.346
7.693	-0.036	0.346
7.693	-0.038	0.345
7.693	-0.038	0.345
7.693	-0.036	0.345
7.693	-0.036	0.345
7.693	-0.036	0.345
7.693	-0.036	0.345
7.694	-0.034	0.344
7.694	-0.034	0.344
7.694	-0.032	0.346
7.694	-0.032	0.346
7.694	-0.036	0.346
7.694	-0.036	0.346
7.694	-0.034	0.345
7.694	-0.034	0.345
7.694	-0.034	0.346
7.694	-0.034	0.346
7.695	-0.038	0.345
7.695	-0.038	0.345
7.695	-0.036	0.345
7.695	-0.036	0.345
7.695	-0.034	0.346
7.695	-0.034	0.346
7.695	-0.034	0.345
7.695	-0.034	0.345
7.695	-0.034	0.345
7.695	-0.034	0.345
7.696	-0.034	0.346
7.696	-0.034	0.346
7.696	-0.034	0.344
7.696	-0.034	0.344
7.696	-0.034	0.346
7.696	-0.034	0.346
7.696	-0.036	0.345
7.696	-0.036	0.345
7.696	-0.034	0.345
7.696	-0.034	0.345
7.697	-0.034	0.345
7.697	-0.034	0.345
7.697	-0.034	0.344
7.697	-0.034	0.344
7.697	-0.036	0.345
7.697	-0.036	0.345
7.697	-0.036	0.346
7.697	-0.036	0.346
7.697	-0.038	0.345
7.697	-0.038	0.345
7.698	-0.036	0.345
7.698	-0.036	0.345
7.698	-0.034	0.345
7.698	-0.034	0.345
7.698	-0.038	0.346
7.698	-0.038	0.346
7.698	-0.038	0.345
7.698	-0.038	0.345
7.698	-0.034	0.346
7.698	-0.034	0.346
7.699	-0.034	0.346
7.699	-0.034	0.346
7.699	-0.036	0.345
7.699	-0.036	0.345
7.699	-0.036	0.345
7.699	-0.036	0.345
7.699	-0.038	0.345
7.699	-0.038	0.345
7.699	-0.036	0.346
7.699	-0.036	0.346
7.700	-0.036	0.345
7.700	-0.036	0.345
7.700	-0.034	0.345
7.700	-0.034	0.345
7.700	-0.036	0.346
7.700	-0.036	0.346
7.700	-0.036	0.345
7.700	-0.036	0.345
7.700	-0.036	0.345
7.700	-0.036	0.345
7.701	-0.036	0.345
7.701	-0.036	0.345
7.701	-0.036	0.346
7.701	-0.036	0.346
7.701	-0.036	0.345
7.701	-0.036	0.345
7.701	-0.036	0.345
7.701	-0.036	0.345
7.701	-0.036	0.344
7.701	-0.036	0.344
7.702	-0.038	0.345
7.702	-0.038	0.345
7.702	-0.034	0.345
7.702	-0.034	0.345
7.702	-0.038	0.345
7.702	-0.038	0.345
7.702	-0.036	0.345
7.702	-0.036	0.345
7.702	-0.038	0.345
7.702	-0.038	0.345
7.703	-0.036	0.345
7.703	-0.036	0.345
7.703	-0.034	0.345
7.703	-0.034	0.345
7.703	-0.036	0.345
7.703	-0.036	0.345
7.703	-0.038	0.346
7.703	-0.038	0.346
7.703	-0.034	0.345
7.703	-0.034	0.345
7.704	-0.036	0.344
7.704	-0.036	0.344
7.704	-0.034	0.345
7.704	-0.034	0.345
7.704	-0.036	0.345
7.704	-0.036	0.345
7.704	-0.036	0.345
7.704	-0.036	0.345
7.704	-0.038	0.345
7.704	-0.038	0.345
7.705	-0.036	0.345
7.705	-0.036	0.345
7.705	-0.036	0.345
7.705	-0.036	0.345
7.705	-0.036	0.345
7.705	-0.036	0.345
7.705	-0.038	0.345
7.705	-0.038	0.345
7.705	-0.036	0.346
7.705	-0.036	0.346
7.706	-0.038	0.345
7.706	-0.038	0.345
7.706	-0.036	0.345
7.706	-0.036	0.345
7.706	-0.036	0.345
7.706	-0.036	0.345
7.706	-0.036	0.345
7.706	-0.036	0.345
7.706	-0.036	0.345
7.706	-0.036	0.345
7.707	-0.036	0.345
7.707	-0.036	0.345
7.707	-0.034	0.344
7.707	-0.034	0.344
7.707	-0.036	0.346
7.707	-0.036	0.346
7.707	-0.036	0.345
7.707	-0.036	0.345
7.707	-0.036	0.344
7.707	-0.036	0.344
7.708	-0.036	0.345
7.708	-0.036	0.345
7.708	-0.036	0.345
7.708	-0.036	0.345
7.708	-0.036	0.345
7.708	-0.036	0.345
7.708	-0.032	0.345
7.708	-0.032	0.345
7.708	-0.036	0.345
7.708	-0.036	0.345
7.709	-0.036	0.345
7.709	-0.036	0.345
7.709	-0.036	0.345
7.709	-0.036	0.345
7.709	-0.036	0.345
7.709	-0.036	0.345
7.709	-0.036	0.345
7.709	-0.036	0.345
7.709	-0.034	0.345
7.709	-0.034	0.345
7.710	-0.036	0.345
7.710	-0.036	0.345
7.710	-0.038	0.345
7.710	-0.038	0.345
7.710	-0.038	0.345
7.710	-0.038	0.345
7.710	-0.038	0.345
7.710	-0.038	0.345
7.710	-0.036	0.345
7.710	-0.036	0.345
7.711	-0.038	0.345
7.711	-0.038	0.345
7.711	-0.036	0.345
7.711	-0.036	0.345
7.711	-0.036	0.345
7.711	-0.036	0.345
7.711	-0.034	0.346
7.711	-0.034	0.346
7.711	-0.036	0.345
7.711	-0.036	0.345
7.712	-0.036	0.345
7.712	-0.036	0.345
7.712	-0.036	0.345
7.712	-0.036	0.345
7.712	-0.036	0.344
7.712	-0.036	0.344
7.712	-0.036	0.344
7.712	-0.036	0.344
7.712	-0.036	0.344
7.712	-0.036	0.344
7.713	-0.036	0.344
7.713	-0.036	0.344
7.713	-0.038	0.345
7.713	-0.038	0.345
7.713	-0.036	0.344
7.713	-0.036	0.344
7.713	-0.036	0.345
7.713	-0.036	0.345
7.713	-0.036	0.344
7.713	-0.036	0.344
7.714	-0.038	0.344
7.714	-0.038	0.344
7.714	-0.034	0.344
7.714	-0.034	0.344
7.714	-0.036	0.345
7.714	-0.036	0.345
7.714	-0.036	0.345
7.714	-0.036	0.345
7.714	-0.036	0.344
7.714	-0.036	0.344
7.715	-0.036	0.345
7.715	-0.036	0.345
7.715	-0.034	0.345
7.715	-0.034	0.345
7.715	-0.038	0.344
7.715	-0.038	0.344
7.715	-0.038	0.345
7.715	-0.038	0.345
7.715	-0.034	0.345
7.715	-0.034	0.345
7.716	-0.036	0.344
7.716	-0.036	0.344
7.716	-0.036	0.344
7.716	-0.036	0.344
7.716	-0.036	0.345
7.716	-0.036	0.345
7.716	-0.038	0.345
7.716	-0.038	0.345
7.716	-0.036	0.344
7.716	-0.036	0.344
7.717	-0.036	0.344
7.717	-0.036	0.344
7.717	-0.036	0.344
7.717	-0.036	0.344
7.717	-0.036	0.345
7.717	-0.036	0.345
7.717	-0.036	0.345
7.717	-0.036	0.345
7.717	-0.038	0.345
7.717	-0.038	0.345
7.718	-0.036	0.344
7.718	-0.036	0.344
7.718	-0.036	0.345
7.718	-0.036	0.345
7.718	-0.036	0.344
7.718	-0.036	0.344
7.718	-0.036	0.344
7.718	-0.036	0.344
7.718	-0.036	0.344
7.718	-0.036	0.344
7.719	-0.036	0.344
7.719	-0.036	0.344
7.719	-0.034	0.344
7.719	-0.034	0.344
7.719	-0.036	0.344
7.719	-0.036	0.344
7.719	-0.036	0.344
7.719	-0.036	0.344
7.719	-0.036	0.345
7.719	-0.036	0.345
7.720	-0.036	0.344
7.720	-0.036	0.344
7.720	-0.036	0.344
7.720	-0.036	0.344
7.720	-0.036	0.344
7.720	-0.036	0.344
7.720	-0.034	0.345
7.720	-0.034	0.345
7.720	-0.034	0.344
7.720	-0.034	0.344
7.721	-0.036	0.344
7.721	-0.036	0.344
7.721	-0.036	0.345
7.721	-0.036	0.345
7.721	-0.036	0.345
7.721	-0.036	0.345
7.721	-0.036	0.346
7.721	-0.036	0.346
7.721	-0.036	0.344
7.721	-0.036	0.344
7.722	-0.034	0.345
7.722	-0.034	0.345
7.722	-0.036	0.344
7.722	-0.036	0.344
7.722	-0.038	0.345
7.722	-0.038	0.345
7.722	-0.036	0.345
7.722	-0.036	0.345
7.722	-0.038	0.344
7.722	-0.038	0.344
7.723	-0.036	0.344
7.723	-0.036	0.344
7.723	-0.036	0.345
7.723	-0.036	0.345
7.723	-0.036	0.345
7.723	-0.036	0.345
7.723	-0.036	0.345
7.723	-0.036	0.345
7.723	-0.038	0.345
7.723	-0.038	0.345
7.724	-0.036	0.344
7.724	-0.036	0.344
7.724	-0.036	0.344
7.724	-0.036	0.344
7.724	-0.036	0.344
7.724	-0.036	0.344
7.724	-0.036	0.344
7.724	-0.036	0.344
7.724	-0.036	0.344
7.724	-0.036	0.344
7.725	-0.036	0.344
7.725	-0.036	0.344
7.725	-0.038	0.344
7.725	-0.038	0.344
7.725	-0.034	0.345
7.725	-0.034	0.345
7.725	-0.038	0.344
7.725	-0.038	0.344
7.725	-0.038	0.345
7.725	-0.038	0.345
7.726	-0.036	0.344
7.726	-0.036	0.344
7.726	-0.036	0.344
7.726	-0.036	0.344
7.726	-0.038	0.344
7.726	-0.038	0.344
7.726	-0.038	0.345
7.726	-0.038	0.345
7.726	-0.038	0.344
7.726	-0.038	0.344
7.727	-0.036	0.344
7.727	-0.036	0.344
7.727	-0.038	0.344
7.727	-0.038	0.344
7.727	-0.034	0.344
7.727	-0.034	0.344
7.727	-0.036	0.344
7.727	-0.036	0.344
7.727	-0.038	0.345
7.727	-0.038	0.345
7.728	-0.036	0.345
7.728	-0.036	0.345
7.728	-0.038	0.344
7.728	-0.038	0.344
7.728	-0.036	0.344
7.728	-0.036	0.344
7.728	-0.038	0.344
7.728	-0.038	0.344
7.728	-0.036	0.344
7.728	-0.036	0.344
7.729	-0.036	0.344
7.729	-0.036	0.344
7.729	-0.038	0.344
7.729	-0.038	0.344
7.729	-0.036	0.344
7.729	-0.036	0.344
7.729	-0.038	0.344
7.729	-0.038	0.344
7.729	-0.038	0.344
7.729	-0.038	0.344
7.730	-0.038	0.344
7.730	-0.038	0.344
7.730	-0.036	0.344
7.730	-0.036	0.344
7.730	-0.036	0.344
7.730	-0.036	0.344
7.730	-0.036	0.345
7.730	-0.036	0.345
7.730	-0.036	0.344
7.730	-0.036	0.344
7.731	-0.038	0.345
7.731	-0.038	0.345
7.731	-0.036	0.344
7.731	-0.036	0.344
7.731	-0.036	0.344
7.731	-0.036	0.344
7.731	-0.036	0.344
7.731	-0.036	0.344
7.731	-0.036	0.344
7.731	-0.036	0.344
7.732	-0.036	0.344
7.732	-0.036	0.344
7.732	-0.036	0.344
7.732	-0.036	0.344
7.732	-0.036	0.344
7.732	-0.036	0.344
7.732	-0.038	0.344
7.732	-0.038	0.344
7.732	-0.036	0.344
7.732	-0.036	0.344
7.733	-0.038	0.344
7.733	-0.038	0.344
7.733	-0.038	0.344
7.733	-0.038	0.344
7.733	-0.038	0.344
7.733	-0.038	0.344
7.733	-0.038	0.345
7.733	-0.038	0.345
7.733	-0.038	0.344
7.733	-0.038	0.344
7.734	-0.036	0.345
7.734	-0.036	0.345
7.734	-0.036	0.344
7.734	-0.036	0.344
7.734	-0.036	0.344
7.734	-0.036	0.344
7.734	-0.038	0.344
7.734	-0.038	0.344
7.734	-0.036	0.344
7.734	-0.036	0.344
7.735	-0.036	0.344
7.735	-0.036	0.344
7.735	-0.038	0.343
7.735	-0.038	0.343
7.735	-0.036	0.344
7.735	-0.036	0.344
7.735	-0.038	0.344
7.735	-0.038	0.344
7.735	-0.038	0.344
7.735	-0.038	0.344
7.736	-0.038	0.344
7.736	-0.038	0.344
7.736	-0.036	0.344
7.736	-0.036	0.344
7.736	-0.036	0.344
7.736	-0.036	0.344
7.736	-0.038	0.344
7.736	-0.038	0.344
7.736	-0.038	0.344
7.736	-0.038	0.344
7.737	-0.038	0.344
7.737	-0.038	0.344
7.737	-0.038	0.344
7.737	-0.038	0.344
7.737	-0.036	0.344
7.737	-0.036	0.344
7.737	-0.038	0.344
7.737	-0.038	0.344
7.737	-0.038	0.344
7.737	-0.038	0.344
7.738	-0.038	0.344
7.738	-0.038	0.344
7.738	-0.036	0.344
7.738	-0.036	0.344
7.738	-0.038	0.345
7.738	-0.038	0.345
7.738	-0.036	0.344
7.738	-0.036	0.344
7.738	-0.038	0.344
7.738	-0.038	0.344
7.739	-0.038	0.344
7.739	-0.038	0.344
7.739	-0.036	0.344
7.739	-0.036	0.344
7.739	-0.038	0.344
7.739	-0.038	0.344
7.739	-0.038	0.344
7.739	-0.038	0.344
7.739	-0.038	0.344
7.739	-0.038	0.344
7.740	-0.038	0.344
7.740	-0.038	0.344
7.740	-0.038	0.344
7.740	-0.038	0.344
7.740	-0.038	0.344
7.740	-0.038	0.344
7.740	-0.038	0.344
7.740	-0.038	0.344
7.740	-0.038	0.344
7.740	-0.038	0.344
7.741	-0.036	0.344
7.741	-0.036	0.344
7.741	-0.038	0.344
7.741	-0.038	0.344
7.741	-0.038	0.344
7.741	-0.038	0.344
7.741	-0.038	0.344
7.741	-0.038	0.344
7.741	-0.036	0.344
7.741	-0.036	0.344
7.742	-0.038	0.344
7.742	-0.038	0.344
7.742	-0.038	0.344
7.742	-0.038	0.344
7.742	-0.038	0.344
7.742	-0.038	0.344
7.742	-0.038	0.344
7.742	-0.038	0.344
7.742	-0.038	0.344
7.742	-0.038	0.344
7.743	-0.038	0.344
7.743	-0.038	0.344
7.743	-0.040	0.344
7.743	-0.040	0.344
7.743	-0.038	0.344
7.743	-0.038	0.344
7.743	-0.038	0.344
7.743	-0.038	0.344
7.743	-0.036	0.344
7.743	-0.036	0.344
7.744	-0.038	0.344
7.744	-0.038	0.344
7.744	-0.038	0.344
7.744	-0.038	0.344
7.744	-0.038	0.344
7.744	-0.038	0.344
7.744	-0.038	0.344
7.744	-0.038	0.344
7.744	-0.036	0.343
7.744	-0.036	0.343
7.745	-0.038	0.344
7.745	-0.038	0.344
7.745	-0.038	0.344
7.745	-0.038	0.344
7.745	-0.038	0.344
7.745	-0.038	0.344
7.745	-0.038	0.344
7.745	-0.038	0.344
7.745	-0.038	0.344
7.745	-0.038	0.344
7.746	-0.038	0.343
7.746	-0.038	0.343
7.746	-0.036	0.344
7.746	-0.036	0.344
7.746	-0.038	0.344
7.746	-0.038	0.344
7.746	-0.038	0.344
7.746	-0.038	0.344
7.746	-0.038	0.344
7.746	-0.038	0.344
7.747	-0.038	0.344
7.747	-0.038	0.344
7.747	-0.038	0.344
7.747	-0.038	0.344
7.747	-0.036	0.344
7.747	-0.036	0.344
7.747	-0.038	0.344
7.747	-0.038	0.344
7.747	-0.038	0.343
7.747	-0.038	0.343
7.748	-0.038	0.343
7.748	-0.038	0.343
7.748	-0.038	0.344
7.748	-0.038	0.344
7.748	-0.038	0.343
7.748	-0.038	0.343
7.748	-0.038	0.343
7.748	-0.038	0.343
7.748	-0.038	0.344
7.748	-0.038	0.344
7.749	-0.040	0.344
7.749	-0.040	0.344
7.749	-0.036	0.344
7.749	-0.036	0.344
7.749	-0.038	0.344
7.749	-0.038	0.344
7.749	-0.038	0.343
7.749	-0.038	0.343
7.749	-0.038	0.344
7.749	-0.038	0.344
7.750	-0.040	0.343
7.750	-0.040	0.343
7.750	-0.038	0.344
7.750	-0.038	0.344
7.750	-0.038	0.344
7.750	-0.038	0.344
7.750	-0.040	0.344
7.750	-0.040	0.344
7.750	-0.038	0.343
7.750	-0.038	0.343
7.751	-0.038	0.343
7.751	-0.038	0.343
7.751	-0.038	0.344
7.751	-0.038	0.344
7.751	-0.038	0.343
7.751	-0.038	0.343
7.751	-0.038	0.344
7.751	-0.038	0.344
7.751	-0.038	0.344
7.751	-0.038	0.344
7.752	-0.038	0.344
7.752	-0.038	0.344
7.752	-0.038	0.344
7.752	-0.038	0.344
7.752	-0.038	0.344
7.752	-0.038	0.344
7.752	-0.040	0.344
7.752	-0.040	0.344
7.752	-0.038	0.344
7.752	-0.038	0.344
7.753	-0.038	0.344
7.753	-0.038	0.344
7.753	-0.038	0.344
7.753	-0.038	0.344
7.753	-0.038	0.344
7.753	-0.038	0.344
7.753	-0.040	0.343
7.753	-0.040	0.343
7.753	-0.038	0.343
7.753	-0.038	0.343
7.754	-0.038	0.344
7.754	-0.038	0.344
7.754	-0.038	0.344
7.754	-0.038	0.344
7.754	-0.038	0.344
7.754	-0.038	0.344
7.754	-0.038	0.343
7.754	-0.038	0.343
7.754	-0.038	0.343
7.754	-0.038	0.343
7.755	-0.040	0.343
7.755	-0.040	0.343
7.755	-0.040	0.344
7.755	-0.040	0.344
7.755	-0.038	0.343
7.755	-0.038	0.343
7.755	-0.038	0.343
7.755	-0.038	0.343
7.755	-0.040	0.344
7.755	-0.040	0.344
7.756	-0.038	0.342
7.756	-0.038	0.342
7.756	-0.040	0.343
7.756	-0.040	0.343
7.756	-0.038	0.344
7.756	-0.038	0.344
7.756	-0.038	0.343
7.756	-0.038	0.343
7.756	-0.038	0.344
7.756	-0.038	0.344
7.757	-0.038	0.342
7.757	-0.038	0.342
7.757	-0.038	0.343
7.757	-0.038	0.343
7.757	-0.038	0.343
7.757	-0.038	0.343
7.757	-0.038	0.343
7.757	-0.038	0.343
7.757	-0.038	0.342
7.757	-0.038	0.342
7.758	-0.040	0.344
7.758	-0.040	0.344
7.758	-0.038	0.342
7.758	-0.038	0.342
7.758	-0.040	0.343
7.758	-0.040	0.343
7.758	-0.038	0.343
7.758	-0.038	0.343
7.758	-0.038	0.344
7.758	-0.038	0.344
7.759	-0.042	0.343
7.759	-0.042	0.343
7.759	-0.038	0.343
7.759	-0.038	0.343
7.759	-0.038	0.343
7.759	-0.038	0.343
7.759	-0.038	0.343
7.759	-0.038	0.343
7.759	-0.040	0.343
7.759	-0.040	0.343
7.760	-0.038	0.343
7.760	-0.038	0.343
7.760	-0.040	0.344
7.760	-0.040	0.344
7.760	-0.040	0.343
7.760	-0.040	0.343
7.760	-0.038	0.343
7.760	-0.038	0.343
7.760	-0.038	0.343
7.760	-0.038	0.343
7.761	-0.038	0.343
7.761	-0.038	0.343
7.761	-0.042	0.343
7.761	-0.042	0.343
7.761	-0.038	0.343
7.761	-0.038	0.343
7.761	-0.038	0.343
7.761	-0.038	0.343
7.761	-0.038	0.343
7.761	-0.038	0.343
7.762	-0.040	0.343
7.762	-0.040	0.343
7.762	-0.038	0.343
7.762	-0.038	0.343
7.762	-0.038	0.342
7.762	-0.038	0.342
7.762	-0.036	0.343
7.762	-0.036	0.343
7.762	-0.038	0.342
7.762	-0.038	0.342
7.763	-0.038	0.342
7.763	-0.038	0.342
7.763	-0.038	0.342
7.763	-0.038	0.342
7.763	-0.036	0.342
7.763	-0.036	0.342
7.763	-0.040	0.343
7.763	-0.040	0.343
7.763	-0.038	0.342
7.763	-0.038	0.342
7.764	-0.038	0.342
7.764	-0.038	0.342
7.764	-0.038	0.342
7.764	-0.038	0.342
7.764	-0.038	0.342
7.764	-0.038	0.342
7.764	-0.038	0.342
7.764	-0.038	0.342
7.764	-0.038	0.343
7.764	-0.038	0.343
7.765	-0.040	0.342
7.765	-0.040	0.342
7.765	-0.038	0.342
7.765	-0.038	0.342
7.765	-0.038	0.342
7.765	-0.038	0.342
7.765	-0.040	0.342
7.765	-0.040	0.342
7.765	-0.040	0.342
7.765	-0.040	0.342
7.766	-0.040	0.342
7.766	-0.040	0.342
7.766	-0.038	0.343
7.766	-0.038	0.343
7.766	-0.040	0.341
7.766	-0.040	0.341
7.766	-0.040	0.343
7.766	-0.040	0.343
7.766	-0.038	0.342
7.766	-0.038	0.342
7.767	-0.038	0.342
7.767	-0.038	0.342
7.767	-0.038	0.342
7.767	-0.038	0.342
7.767	-0.040	0.342
7.767	-0.040	0.342
7.767	-0.038	0.342
7.767	-0.038	0.342
7.767	-0.038	0.342
7.767	-0.038	0.342
7.768	-0.040	0.343
7.768	-0.040	0.343
7.768	-0.038	0.342
7.768	-0.038	0.342
7.768	-0.040	0.342
7.768	-0.040	0.342
7.768	-0.038	0.342
7.768	-0.038	0.342
7.768	-0.038	0.342
7.768	-0.038	0.342
7.769	-0.042	0.341
7.769	-0.042	0.341
7.769	-0.038	0.342
7.769	-0.038	0.342
7.769	-0.040	0.341
7.769	-0.040	0.341
7.769	-0.042	0.342
7.769	-0.042	0.342
7.769	-0.038	0.342
7.769	-0.038	0.342
7.770	-0.042	0.342
7.770	-0.042	0.342
7.770	-0.040	0.341
7.770	-0.040	0.341
7.770	-0.040	0.342
7.770	-0.040	0.342
7.770	-0.042	0.342
7.770	-0.042	0.342
7.770	-0.038	0.342
7.770	-0.038	0.342
7.771	-0.040	0.342
7.771	-0.040	0.342
7.771	-0.040	0.342
7.771	-0.040	0.342
7.771	-0.040	0.341
7.771	-0.040	0.341
7.771	-0.040	0.341
7.771	-0.040	0.341
7.771	-0.040	0.341
7.771	-0.040	0.341
7.772	-0.040	0.341
7.772	-0.040	0.341
7.772	-0.040	0.342
7.772	-0.040	0.342
7.772	-0.038	0.342
7.772	-0.038	0.342
7.772	-0.038	0.341
7.772	-0.038	0.341
7.772	-0.040	0.341
7.772	-0.040	0.341
7.773	-0.038	0.341
7.773	-0.038	0.341
7.773	-0.038	0.341
7.773	-0.038	0.341
7.773	-0.038	0.341
7.773	-0.038	0.341
7.773	-0.038	0.342
7.773	-0.038	0.342
7.773	-0.040	0.341
7.773	-0.040	0.341
7.774	-0.038	0.342
7.774	-0.038	0.342
7.774	-0.042	0.341
7.774	-0.042	0.341
7.774	-0.038	0.341
7.774	-0.038	0.341
7.774	-0.038	0.341
7.774	-0.038	0.341
7.774	-0.038	0.340
7.774	-0.038	0.340
7.775	-0.038	0.340
7.775	-0.038	0.340
7.775	-0.038	0.341
7.775	-0.038	0.341
7.775	-0.040	0.340
7.775	-0.040	0.340
7.775	-0.038	0.341
7.775	-0.038	0.341
7.775	-0.042	0.340
7.775	-0.042	0.340
7.776	-0.038	0.341
7.776	-0.038	0.341
7.776	-0.040	0.340
7.776	-0.040	0.340
7.776	-0.038	0.340
7.776	-0.038	0.340
7.776	-0.038	0.340
7.776	-0.038	0.340
7.776	-0.040	0.341
7.776	-0.040	0.341
7.777	-0.040	0.341
7.777	-0.040	0.341
7.777	-0.040	0.341
7.777	-0.040	0.341
7.777	-0.038	0.340
7.777	-0.038	0.340
7.777	-0.038	0.341
7.777	-0.038	0.341
7.777	-0.040	0.340
7.777	-0.040	0.340
7.778	-0.042	0.340
7.778	-0.042	0.340
7.778	-0.040	0.340
7.778	-0.040	0.340
7.778	-0.038	0.340
7.778	-0.038	0.340
7.778	-0.042	0.340
7.778	-0.042	0.340
7.778	-0.042	0.340
7.778	-0.042	0.340
7.779	-0.040	0.341
7.779	-0.040	0.341
7.779	-0.042	0.340
7.779	-0.042	0.340
7.779	-0.042	0.340
7.779	-0.042	0.340
7.779	-0.040	0.340
7.779	-0.040	0.340
7.779	-0.042	0.340
7.779	-0.042	0.340
7.780	-0.040	0.340
7.780	-0.040	0.340
7.780	-0.038	0.340
7.780	-0.038	0.340
7.780	-0.042	0.340
7.780	-0.042	0.340
7.780	-0.040	0.340
7.780	-0.040	0.340
7.780	-0.042	0.340
7.780	-0.042	0.340
7.781	-0.038	0.340
7.781	-0.038	0.340
7.781	-0.040	0.340
7.781	-0.040	0.340
7.781	-0.044	0.340
7.781	-0.044	0.340
7.781	-0.042	0.340
7.781	-0.042	0.340
7.781	-0.042	0.340
7.781	-0.042	0.340
7.782	-0.040	0.340
7.782	-0.040	0.340
7.782	-0.040	0.340
7.782	-0.040	0.340
7.782	-0.040	0.340
7.782	-0.040	0.340
7.782	-0.040	0.340
7.782	-0.040	0.340
7.782	-0.042	0.340
7.782	-0.042	0.340
7.783	-0.038	0.340
7.783	-0.038	0.340
7.783	-0.038	0.340
7.783	-0.038	0.340
7.783	-0.038	0.340
7.783	-0.038	0.340
7.783	-0.040	0.340
7.783	-0.040	0.340
7.783	-0.040	0.340
7.783	-0.040	0.340
7.784	-0.040	0.340
7.784	-0.040	0.340
7.784	-0.040	0.340
7.784	-0.040	0.340
7.784	-0.038	0.340
7.784	-0.038	0.340
7.784	-0.038	0.339
7.784	-0.038	0.339
7.784	-0.040	0.339
7.784	-0.040	0.339
7.785	-0.038	0.340
7.785	-0.038	0.340
7.785	-0.040	0.340
7.785	-0.040	0.340
7.785	-0.040	0.340
7.785	-0.040	0.340
7.785	-0.040	0.339
7.785	-0.040	0.339
7.785	-0.038	0.339
7.785	-0.038	0.339
7.786	-0.040	0.339
7.786	-0.040	0.339
7.786	-0.042	0.340
7.786	-0.042	0.340
7.786	-0.040	0.339
7.786	-0.040	0.339
7.786	-0.042	0.340
7.786	-0.042	0.340
7.786	-0.040	0.339
7.786	-0.040	0.339
7.787	-0.042	0.339
7.787	-0.042	0.339
7.787	-0.040	0.339
7.787	-0.040	0.339
7.787	-0.042	0.339
7.787	-0.042	0.339
7.787	-0.044	0.339
7.787	-0.044	0.339
7.787	-0.038	0.339
7.787	-0.038	0.339
7.788	-0.040	0.339
7.788	-0.040	0.339
7.788	-0.038	0.338
7.788	-0.038	0.338
7.788	-0.042	0.339
7.788	-0.042	0.339
7.788	-0.042	0.339
7.788	-0.042	0.339
7.788	-0.042	0.340
7.788	-0.042	0.340
7.789	-0.040	0.339
7.789	-0.040	0.339
7.789	-0.042	0.339
7.789	-0.042	0.339
7.789	-0.040	0.339
7.789	-0.040	0.339
7.789	-0.040	0.338
7.789	-0.040	0.338
7.789	-0.042	0.339
7.789	-0.042	0.339
7.790	-0.040	0.338
7.790	-0.040	0.338
7.790	-0.040	0.338
7.790	-0.040	0.338
7.790	-0.040	0.338
7.790	-0.040	0.338
7.790	-0.040	0.338
7.790	-0.040	0.338
7.790	-0.042	0.338
7.790	-0.042	0.338
7.791	-0.042	0.339
7.791	-0.042	0.339
7.791	-0.038	0.337
7.791	-0.038	0.337
7.791	-0.042	0.338
7.791	-0.042	0.338
7.791	-0.042	0.338
7.791	-0.042	0.338
7.791	-0.042	0.338
7.791	-0.042	0.338
7.792	-0.042	0.337
7.792	-0.042	0.337
7.792	-0.040	0.337
7.792	-0.040	0.337
7.792	-0.042	0.337
7.792	-0.042	0.337
7.792	-0.038	0.337
7.792	-0.038	0.337
7.792	-0.044	0.337
7.792	-0.044	0.337
7.793	-0.040	0.337
7.793	-0.040	0.337
7.793	-0.042	0.337
7.793	-0.042	0.337
7.793	-0.042	0.337
7.793	-0.042	0.337
7.793	-0.038	0.336
7.793	-0.038	0.336
7.793	-0.042	0.337
7.793	-0.042	0.337
7.794	-0.042	0.338
7.794	-0.042	0.338
7.794	-0.044	0.338
7.794	-0.044	0.338
7.794	-0.040	0.336
7.794	-0.040	0.336
7.794	-0.042	0.336
7.794	-0.042	0.336
7.794	-0.040	0.337
7.794	-0.040	0.337
7.795	-0.040	0.336
7.795	-0.040	0.336
7.795	-0.042	0.336
7.795	-0.042	0.336
7.795	-0.038	0.336
7.795	-0.038	0.336
7.795	-0.042	0.337
7.795	-0.042	0.337
7.795	-0.038	0.336
7.795	-0.038	0.336
7.796	-0.038	0.336
7.796	-0.038	0.336
7.796	-0.042	0.336
7.796	-0.042	0.336
7.796	-0.040	0.336
7.796	-0.040	0.336
7.796	-0.040	0.337
7.796	-0.040	0.337
7.796	-0.040	0.336
7.796	-0.040	0.336
7.797	-0.042	0.336
7.797	-0.042	0.336
7.797	-0.038	0.336
7.797	-0.038	0.336
7.797	-0.042	0.336
7.797	-0.042	0.336
7.797	-0.042	0.336
7.797	-0.042	0.336
7.797	-0.040	0.336
7.797	-0.040	0.336
7.798	-0.040	0.336
7.798	-0.040	0.336
7.798	-0.042	0.336
7.798	-0.042	0.336
7.798	-0.042	0.336
7.798	-0.042	0.336
7.798	-0.042	0.336
7.798	-0.042	0.336
7.798	-0.042	0.336
7.798	-0.042	0.336
7.799	-0.042	0.336
7.799	-0.042	0.336
7.799	-0.042	0.336
7.799	-0.042	0.336
7.799	-0.042	0.336
7.799	-0.042	0.336
7.799	-0.042	0.336
7.799	-0.042	0.336
7.799	-0.044	0.336
7.799	-0.044	0.336
7.800	-0.042	0.336
7.800	-0.042	0.336
7.800	-0.042	0.336
7.800	-0.042	0.336
7.800	-0.040	0.335
7.800	-0.040	0.335
7.800	-0.044	0.336
7.800	-0.044	0.336
7.800	-0.042	0.336
7.800	-0.042	0.336
7.801	-0.042	0.335
7.801	-0.042	0.335
7.801	-0.040	0.336
7.801	-0.040	0.336
7.801	-0.042	0.335
7.801	-0.042	0.335
7.801	-0.040	0.334
7.801	-0.040	0.334
7.801	-0.042	0.335
7.801	-0.042	0.335
7.802	-0.042	0.336
7.802	-0.042	0.336
7.802	-0.042	0.334
7.802	-0.042	0.334
7.802	-0.044	0.335
7.802	-0.044	0.335
7.802	-0.042	0.335
7.802	-0.042	0.335
7.802	-0.042	0.334
7.802	-0.042	0.334
7.803	-0.042	0.334
7.803	-0.042	0.334
7.803	-0.042	0.334
7.803	-0.042	0.334
7.803	-0.044	0.334
7.803	-0.044	0.334
7.803	-0.040	0.335
7.803	-0.040	0.335
7.803	-0.042	0.334
7.803	-0.042	0.334
7.804	-0.042	0.334
7.804	-0.042	0.334
7.804	-0.038	0.334
7.804	-0.038	0.334
7.804	-0.044	0.334
7.804	-0.044	0.334
7.804	-0.042	0.333
7.804	-0.042	0.333
7.804	-0.042	0.333
7.804	-0.042	0.333
7.805	-0.042	0.333
7.805	-0.042	0.333
7.805	-0.044	0.334
7.805	-0.044	0.334
7.805	-0.040	0.333
7.805	-0.040	0.333
7.805	-0.042	0.334
7.805	-0.042	0.334
7.805	-0.042	0.333
7.805	-0.042	0.333
7.806	-0.042	0.333
7.806	-0.042	0.333
7.806	-0.042	0.333
7.806	-0.042	0.333
7.806	-0.042	0.333
7.806	-0.042	0.333
7.806	-0.042	0.332
7.806	-0.042	0.332
7.806	-0.042	0.334
7.806	-0.042	0.334
7.807	-0.044	0.332
7.807	-0.044	0.332
7.807	-0.044	0.333
7.807	-0.044	0.333
7.807	-0.042	0.332
7.807	-0.042	0.332
7.807	-0.044	0.333
7.807	-0.044	0.333
7.807	-0.042	0.332
7.807	-0.042	0.332
7.808	-0.042	0.333
7.808	-0.042	0.333
7.808	-0.040	0.332
7.808	-0.040	0.332
7.808	-0.042	0.332
7.808	-0.042	0.332
7.808	-0.042	0.332
7.808	-0.042	0.332
7.808	-0.042	0.332
7.808	-0.042	0.332
7.809	-0.044	0.332
7.809	-0.044	0.332
7.809	-0.042	0.332
7.809	-0.042	0.332
7.809	-0.042	0.331
7.809	-0.042	0.331
7.809	-0.044	0.332
7.809	-0.044	0.332
7.809	-0.042	0.332
7.809	-0.042	0.332
7.810	-0.044	0.332
7.810	-0.044	0.332
7.810	-0.042	0.331
7.810	-0.042	0.331
7.810	-0.042	0.332
7.810	-0.042	0.332
7.810	-0.042	0.332
7.810	-0.042	0.332
7.810	-0.042	0.332
7.810	-0.042	0.332
7.811	-0.044	0.332
7.811	-0.044	0.332
7.811	-0.042	0.331
7.811	-0.042	0.331
7.811	-0.042	0.332
7.811	-0.042	0.332
7.811	-0.042	0.330
7.811	-0.042	0.330
7.811	-0.044	0.331
7.811	-0.044	0.331
7.812	-0.042	0.330
7.812	-0.042	0.330
7.812	-0.042	0.330
7.812	-0.042	0.330
7.812	-0.042	0.330
7.812	-0.042	0.330
7.812	-0.044	0.330
7.812	-0.044	0.330
7.812	-0.040	0.330
7.812	-0.040	0.330
7.813	-0.042	0.330
7.813	-0.042	0.330
7.813	-0.042	0.330
7.813	-0.042	0.330
7.813	-0.042	0.331
7.813	-0.042	0.331
7.813	-0.044	0.331
7.813	-0.044	0.331
7.813	-0.040	0.330
7.813	-0.040	0.330
7.814	-0.044	0.330
7.814	-0.044	0.330
7.814	-0.044	0.330
7.814	-0.044	0.330
7.814	-0.042	0.330
7.814	-0.042	0.330
7.814	-0.038	0.329
7.814	-0.038	0.329
7.814	-0.044	0.329
7.814	-0.044	0.329
7.815	-0.042	0.330
7.815	-0.042	0.330
7.815	-0.042	0.329
7.815	-0.042	0.329
7.815	-0.042	0.329
7.815	-0.042	0.329
7.815	-0.042	0.329
7.815	-0.042	0.329
7.815	-0.042	0.329
7.815	-0.042	0.329
7.816	-0.044	0.329
7.816	-0.044	0.329
7.816	-0.040	0.329
7.816	-0.040	0.329
7.816	-0.042	0.329
7.816	-0.042	0.329
7.816	-0.044	0.329
7.816	-0.044	0.329
7.816	-0.044	0.328
7.816	-0.044	0.328
7.817	-0.044	0.328
7.817	-0.044	0.328
7.817	-0.040	0.329
7.817	-0.040	0.329
7.817	-0.044	0.329
7.817	-0.044	0.329
7.817	-0.044	0.328
7.817	-0.044	0.328
7.817	-0.044	0.328
7.817	-0.044	0.328
7.818	-0.042	0.328
7.818	-0.042	0.328
7.818	-0.042	0.328
7.818	-0.042	0.328
7.818	-0.042	0.328
7.818	-0.042	0.328
7.818	-0.042	0.328
7.818	-0.042	0.328
7.818	-0.042	0.328
7.818	-0.042	0.328
7.819	-0.044	0.328
7.819	-0.044	0.328
7.819	-0.042	0.328
7.819	-0.042	0.328
7.819	-0.042	0.328
7.819	-0.042	0.328
7.819	-0.044	0.328
7.819	-0.044	0.328
7.819	-0.040	0.328
7.819	-0.040	0.328
7.820	-0.044	0.327
7.820	-0.044	0.327
7.820	-0.042	0.328
7.820	-0.042	0.328
7.820	-0.044	0.328
7.820	-0.044	0.328
7.820	-0.042	0.328
7.820	-0.042	0.328
7.820	-0.042	0.327
7.820	-0.042	0.327
7.821	-0.042	0.326
7.821	-0.042	0.326
7.821	-0.044	0.326
7.821	-0.044	0.326
7.821	-0.044	0.327
7.821	-0.044	0.327
7.821	-0.042	0.326
7.821	-0.042	0.326
7.821	-0.044	0.326
7.821	-0.044	0.326
7.822	-0.042	0.326
7.822	-0.042	0.326
7.822	-0.042	0.326
7.822	-0.042	0.326
7.822	-0.044	0.327
7.822	-0.044	0.327
7.822	-0.044	0.326
7.822	-0.044	0.326
7.822	-0.044	0.327
7.822	-0.044	0.327
7.823	-0.042	0.326
7.823	-0.042	0.326
7.823	-0.042	0.325
7.823	-0.042	0.325
7.823	-0.044	0.325
7.823	-0.044	0.325
7.823	-0.044	0.325
7.823	-0.044	0.325
7.823	-0.044	0.326
7.823	-0.044	0.326
7.824	-0.044	0.325
7.824	-0.044	0.325
7.824	-0.042	0.324
7.824	-0.042	0.324
7.824	-0.042	0.325
7.824	-0.042	0.325
7.824	-0.046	0.324
7.824	-0.046	0.324
7.824	-0.042	0.325
7.824	-0.042	0.325
7.825	-0.042	0.324
7.825	-0.042	0.324
7.825	-0.044	0.324
7.825	-0.044	0.324
7.825	-0.044	0.324
7.825	-0.044	0.324
7.825	-0.042	0.324
7.825	-0.042	0.324
7.825	-0.042	0.324
7.825	-0.042	0.324
7.826	-0.044	0.324
7.826	-0.044	0.324
7.826	-0.044	0.324
7.826	-0.044	0.324
7.826	-0.044	0.323
7.826	-0.044	0.323
7.826	-0.044	0.324
7.826	-0.044	0.324
7.826	-0.044	0.323
7.826	-0.044	0.323
7.827	-0.044	0.323
7.827	-0.044	0.323
7.827	-0.044	0.324
7.827	-0.044	0.324
7.827	-0.042	0.324
7.827	-0.042	0.324
7.827	-0.044	0.323
7.827	-0.044	0.323
7.827	-0.044	0.323
7.827	-0.044	0.323
7.828	-0.044	0.323
7.828	-0.044	0.323
7.828	-0.044	0.323
7.828	-0.044	0.323
7.828	-0.044	0.323
7.828	-0.044	0.323
7.828	-0.044	0.322
7.828	-0.044	0.322
7.828	-0.042	0.323
7.828	-0.042	0.323
7.829	-0.042	0.323
7.829	-0.042	0.323
7.829	-0.042	0.321
7.829	-0.042	0.321
7.829	-0.042	0.323
7.829	-0.042	0.323
7.829	-0.044	0.322
7.829	-0.044	0.322
7.829	-0.044	0.321
7.829	-0.044	0.321
7.830	-0.042	0.322
7.830	-0.042	0.322
7.830	-0.044	0.321
7.830	-0.044	0.321
7.830	-0.044	0.321
7.830	-0.044	0.321
7.830	-0.044	0.322
7.830	-0.044	0.322
7.830	-0.042	0.321
7.830	-0.042	0.321
7.831	-0.044	0.322
7.831	-0.044	0.322
7.831	-0.046	0.321
7.831	-0.046	0.321
7.831	-0.042	0.320
7.831	-0.042	0.320
7.831	-0.042	0.321
7.831	-0.042	0.321
7.831	-0.044	0.321
7.831	-0.044	0.321
7.832	-0.044	0.320
7.832	-0.044	0.320
7.832	-0.044	0.321
7.832	-0.044	0.321
7.832	-0.044	0.321
7.832	-0.044	0.321
7.832	-0.042	0.320
7.832	-0.042	0.320
7.832	-0.046	0.320
7.832	-0.046	0.320
7.833	-0.044	0.320
7.833	-0.044	0.320
7.833	-0.044	0.320
7.833	-0.044	0.320
7.833	-0.042	0.319
7.833	-0.042	0.319
7.833	-0.044	0.320
7.833	-0.044	0.320
7.833	-0.044	0.320
7.833	-0.044	0.320
7.834	-0.044	0.320
7.834	-0.044	0.320
7.834	-0.044	0.320
7.834	-0.044	0.320
7.834	-0.046	0.320
7.834	-0.046	0.320
7.834	-0.044	0.320
7.834	-0.044	0.320
7.834	-0.046	0.320
7.834	-0.046	0.320
7.835	-0.044	0.320
7.835	-0.044	0.320
7.835	-0.044	0.319
7.835	-0.044	0.319
7.835	-0.046	0.319
7.835	-0.046	0.319
7.835	-0.042	0.319
7.835	-0.042	0.319
7.835	-0.044	0.319
7.835	-0.044	0.319
7.836	-0.044	0.320
7.836	-0.044	0.320
7.836	-0.044	0.319
7.836	-0.044	0.319
7.836	-0.044	0.318
7.836	-0.044	0.318
7.836	-0.046	0.318
7.836	-0.046	0.318
7.836	-0.044	0.318
7.836	-0.044	0.318
7.837	-0.044	0.318
7.837	-0.044	0.318
7.837	-0.044	0.318
7.837	-0.044	0.318
7.837	-0.044	0.318
7.837	-0.044	0.318
7.837	-0.044	0.318
7.837	-0.044	0.318
7.837	-0.044	0.317
7.837	-0.044	0.317
7.838	-0.046	0.317
7.838	-0.046	0.317
7.838	-0.046	0.317
7.838	-0.046	0.317
7.838	-0.044	0.316
7.838	-0.044	0.316
7.838	-0.042	0.316
7.838	-0.042	0.316
7.838	-0.044	0.318
7.838	-0.044	0.318
7.839	-0.042	0.316
7.839	-0.042	0.316
7.839	-0.044	0.316
7.839	-0.044	0.316
7.839	-0.044	0.316
7.839	-0.044	0.316
7.839	-0.044	0.316
7.839	-0.044	0.316
7.839	-0.044	0.317
7.839	-0.044	0.317
7.840	-0.046	0.316
7.840	-0.046	0.316
7.840	-0.044	0.316
7.840	-0.044	0.316
7.840	-0.046	0.316
7.840	-0.046	0.316
7.840	-0.044	0.316
7.840	-0.044	0.316
7.840	-0.046	0.316
7.840	-0.046	0.316
7.841	-0.044	0.316
7.841	-0.044	0.316
7.841	-0.044	0.316
7.841	-0.044	0.316
7.841	-0.044	0.316
7.841	-0.044	0.316
7.841	-0.044	0.316
7.841	-0.044	0.316
7.841	-0.046	0.316
7.841	-0.046	0.316
7.842	-0.044	0.316
7.842	-0.044	0.316
7.842	-0.044	0.315
7.842	-0.044	0.315
7.842	-0.044	0.316
7.842	-0.044	0.316
7.842	-0.044	0.315
7.842	-0.044	0.315
7.842	-0.042	0.315
7.842	-0.042	0.315
7.843	-0.046	0.315
7.843	-0.046	0.315
7.843	-0.046	0.315
7.843	-0.046	0.315
7.843	-0.044	0.314
7.843	-0.044	0.314
7.843	-0.044	0.314
7.843	-0.044	0.314
7.843	-0.044	0.313
7.843	-0.044	0.313
7.844	-0.044	0.314
7.844	-0.044	0.314
7.844	-0.046	0.314
7.844	-0.046	0.314
7.844	-0.046	0.313
7.844	-0.046	0.313
7.844	-0.046	0.314
7.844	-0.046	0.314
7.844	-0.046	0.314
7.844	-0.046	0.314
7.845	-0.042	0.313
7.845	-0.042	0.313
7.845	-0.042	0.313
7.845	-0.042	0.313
7.845	-0.044	0.313
7.845	-0.044	0.313
7.845	-0.046	0.313
7.845	-0.046	0.313
7.845	-0.046	0.312
7.845	-0.046	0.312
7.846	-0.044	0.312
7.846	-0.044	0.312
7.846	-0.042	0.313
7.846	-0.042	0.313
7.846	-0.048	0.313
7.846	-0.048	0.313
7.846	-0.044	0.312
7.846	-0.044	0.312
7.846	-0.046	0.312
7.846	-0.046	0.312
7.847	-0.046	0.313
7.847	-0.046	0.313
7.847	-0.044	0.312
7.847	-0.044	0.312
7.847	-0.044	0.312
7.847	-0.044	0.312
7.847	-0.044	0.312
7.847	-0.044	0.312
7.847	-0.044	0.312
7.847	-0.044	0.312
7.848	-0.046	0.312
7.848	-0.046	0.312
7.848	-0.046	0.312
7.848	-0.046	0.312
7.848	-0.046	0.312
7.848	-0.046	0.312
7.848	-0.044	0.311
7.848	-0.044	0.311
7.848	-0.044	0.312
7.848	-0.044	0.312
7.849	-0.046	0.312
7.849	-0.046	0.312
7.849	-0.046	0.311
7.849	-0.046	0.311
7.849	-0.044	0.312
7.849	-0.044	0.312
7.849	-0.044	0.312
7.849	-0.044	0.312
7.849	-0.046	0.310
7.849	-0.046	0.310
7.850	-0.046	0.311
7.850	-0.046	0.311
7.850	-0.046	0.311
7.850	-0.046	0.311
7.850	-0.046	0.310
7.850	-0.046	0.310
7.850	-0.046	0.312
7.850	-0.046	0.312
7.850	-0.044	0.312
7.850	-0.044	0.312
7.851	-0.044	0.311
7.851	-0.044	0.311
7.851	-0.046	0.310
7.851	-0.046	0.310
7.851	-0.046	0.310
7.851	-0.046	0.310
7.851	-0.046	0.310
7.851	-0.046	0.310
7.851	-0.046	0.310
7.851	-0.046	0.310
7.852	-0.044	0.310
7.852	-0.044	0.310
7.852	-0.044	0.310
7.852	-0.044	0.310
7.852	-0.046	0.309
7.852	-0.046	0.309
7.852	-0.044	0.310
7.852	-0.044	0.310
7.852	-0.044	0.309
7.852	-0.044	0.309
7.853	-0.046	0.309
7.853	-0.046	0.309
7.853	-0.046	0.309
7.853	-0.046	0.309
7.853	-0.046	0.309
7.853	-0.046	0.309
7.853	-0.044	0.309
7.853	-0.044	0.309
7.853	-0.046	0.309
7.853	-0.046	0.309
7.854	-0.046	0.309
7.854	-0.046	0.309
7.854	-0.046	0.309
7.854	-0.046	0.309
7.854	-0.046	0.309
7.854	-0.046	0.309
7.854	-0.044	0.309
7.854	-0.044	0.309
7.854	-0.044	0.308
7.854	-0.044	0.308
7.855	-0.046	0.308
7.855	-0.046	0.308
7.855	-0.046	0.308
7.855	-0.046	0.308
7.855	-0.046	0.308
7.855	-0.046	0.308
7.855	-0.046	0.308
7.855	-0.046	0.308
7.855	-0.046	0.308
7.855	-0.046	0.308
7.856	-0.046	0.308
7.856	-0.046	0.308
7.856	-0.044	0.308
7.856	-0.044	0.308
7.856	-0.046	0.308
7.856	-0.046	0.308
7.856	-0.044	0.308
7.856	-0.044	0.308
7.856	-0.046	0.308
7.856	-0.046	0.308
7.857	-0.046	0.308
7.857	-0.046	0.308
7.857	-0.046	0.307
7.857	-0.046	0.307
7.857	-0.046	0.307
7.857	-0.046	0.307
7.857	-0.044	0.307
7.857	-0.044	0.307
7.857	-0.046	0.307
7.857	-0.046	0.307
7.858	-0.046	0.307
7.858	-0.046	0.307
7.858	-0.044	0.307
7.858	-0.044	0.307
7.858	-0.044	0.307
7.858	-0.044	0.307
7.858	-0.046	0.307
7.858	-0.046	0.307
7.858	-0.046	0.306
7.858	-0.046	0.306
7.859	-0.046	0.307
7.859	-0.046	0.307
7.859	-0.044	0.306
7.859	-0.044	0.306
7.859	-0.046	0.307
7.859	-0.046	0.307
7.859	-0.046	0.306
7.859	-0.046	0.306
7.859	-0.048	0.306
7.859	-0.048	0.306
7.860	-0.046	0.306
7.860	-0.046	0.306
7.860	-0.046	0.306
7.860	-0.046	0.306
7.860	-0.046	0.305
7.860	-0.046	0.305
7.860	-0.046	0.305
7.860	-0.046	0.305
7.860	-0.046	0.305
7.860	-0.046	0.305
7.861	-0.046	0.305
7.861	-0.046	0.305
7.861	-0.046	0.305
7.861	-0.046	0.305
7.861	-0.046	0.304
7.861	-0.046	0.304
7.861	-0.044	0.305
7.861	-0.044	0.305
7.861	-0.046	0.305
7.861	-0.046	0.305
7.862	-0.048	0.304
7.862	-0.048	0.304
7.862	-0.046	0.304
7.862	-0.046	0.304
7.862	-0.046	0.304
7.862	-0.046	0.304
7.862	-0.046	0.305
7.862	-0.046	0.305
7.862	-0.046	0.305
7.862	-0.046	0.305
7.863	-0.046	0.305
7.863	-0.046	0.305
7.863	-0.046	0.304
7.863	-0.046	0.304
7.863	-0.046	0.304
7.863	-0.046	0.304
7.863	-0.044	0.305
7.863	-0.044	0.305
7.863	-0.046	0.304
7.863	-0.046	0.304
7.864	-0.046	0.304
7.864	-0.046	0.304
7.864	-0.046	0.304
7.864	-0.046	0.304
7.864	-0.046	0.304
7.864	-0.046	0.304
7.864	-0.044	0.304
7.864	-0.044	0.304
7.864	-0.046	0.304
7.864	-0.046	0.304
7.865	-0.046	0.304
7.865	-0.046	0.304
7.865	-0.046	0.304
7.865	-0.046	0.304
7.865	-0.046	0.304
7.865	-0.046	0.304
7.865	-0.046	0.304
7.865	-0.046	0.304
7.865	-0.046	0.304
7.865	-0.046	0.304
7.866	-0.046	0.304
7.866	-0.046	0.304
7.866	-0.044	0.304
7.866	-0.044	0.304
7.866	-0.044	0.304
7.866	-0.044	0.304
7.866	-0.046	0.304
7.866	-0.046	0.304
7.866	-0.044	0.303
7.866	-0.044	0.303
7.867	-0.046	0.304
7.867	-0.046	0.304
7.867	-0.046	0.303
7.867	-0.046	0.303
7.867	-0.046	0.303
7.867	-0.046	0.303
7.867	-0.046	0.303
7.867	-0.046	0.303
7.867	-0.046	0.304
7.867	-0.046	0.304
7.868	-0.046	0.304
7.868	-0.046	0.304
7.868	-0.046	0.303
7.868	-0.046	0.303
7.868	-0.046	0.304
7.868	-0.046	0.304
7.868	-0.046	0.303
7.868	-0.046	0.303
7.868	-0.046	0.303
7.868	-0.046	0.303
7.869	-0.046	0.303
7.869	-0.046	0.303
7.869	-0.044	0.303
7.869	-0.044	0.303
7.869	-0.046	0.303
7.869	-0.046	0.303
7.869	-0.046	0.303
7.869	-0.046	0.303
7.869	-0.046	0.303
7.869	-0.046	0.303
7.870	-0.046	0.302
7.870	-0.046	0.302
7.870	-0.046	0.303
7.870	-0.046	0.303
7.870	-0.046	0.302
7.870	-0.046	0.302
7.870	-0.046	0.303
7.870	-0.046	0.303
7.870	-0.048	0.302
7.870	-0.048	0.302
7.871	-0.046	0.302
7.871	-0.046	0.302
7.871	-0.046	0.301
7.871	-0.046	0.301
7.871	-0.046	0.302
7.871	-0.046	0.302
7.871	-0.046	0.301
7.871	-0.046	0.301
7.871	-0.046	0.302
7.871	-0.046	0.302
7.872	-0.044	0.301
7.872	-0.044	0.301
7.872	-0.046	0.301
7.872	-0.046	0.301
7.872	-0.046	0.302
7.872	-0.046	0.302
7.872	-0.046	0.302
7.872	-0.046	0.302
7.872	-0.046	0.301
7.872	-0.046	0.301
7.873	-0.046	0.302
7.873	-0.046	0.302
7.873	-0.046	0.302
7.873	-0.046	0.302
7.873	-0.046	0.302
7.873	-0.046	0.302
7.873	-0.050	0.301
7.873	-0.050	0.301
7.873	-0.044	0.301
7.873	-0.044	0.301
7.874	-0.046	0.301
7.874	-0.046	0.301
7.874	-0.046	0.300
7.874	-0.046	0.300
7.874	-0.046	0.300
7.874	-0.046	0.300
7.874	-0.046	0.300
7.874	-0.046	0.300
7.874	-0.046	0.301
7.874	-0.046	0.301
7.875	-0.046	0.301
7.875	-0.046	0.301
7.875	-0.046	0.301
7.875	-0.046	0.301
7.875	-0.046	0.300
7.875	-0.046	0.300
7.875	-0.046	0.300
7.875	-0.046	0.300
7.875	-0.048	0.300
7.875	-0.048	0.300
7.876	-0.044	0.300
7.876	-0.044	0.300
7.876	-0.046	0.300
7.876	-0.046	0.300
7.876	-0.046	0.300
7.876	-0.046	0.300
7.876	-0.046	0.300
7.876	-0.046	0.300
7.876	-0.046	0.300
7.876	-0.046	0.300
7.877	-0.050	0.301
7.877	-0.050	0.301
7.877	-0.044	0.300
7.877	-0.044	0.300
7.877	-0.046	0.300
7.877	-0.046	0.300
7.877	-0.046	0.300
7.877	-0.046	0.300
7.877	-0.048	0.301
7.877	-0.048	0.301
7.878	-0.046	0.300
7.878	-0.046	0.300
7.878	-0.046	0.300
7.878	-0.046	0.300
7.878	-0.046	0.300
7.878	-0.046	0.300
7.878	-0.050	0.300
7.878	-0.050	0.300
7.878	-0.046	0.300
7.878	-0.046	0.300
7.879	-0.046	0.300
7.879	-0.046	0.300
7.879	-0.046	0.300
7.879	-0.046	0.300
7.879	-0.048	0.300
7.879	-0.048	0.300
7.879	-0.046	0.300
7.879	-0.046	0.300
7.879	-0.046	0.300
7.879	-0.046	0.300
7.880	-0.046	0.300
7.880	-0.046	0.300
7.880	-0.048	0.300
7.880	-0.048	0.300
7.880	-0.046	0.299
7.880	-0.046	0.299
7.880	-0.046	0.299
7.880	-0.046	0.299
7.880	-0.046	0.300
7.880	-0.046	0.300
7.881	-0.046	0.300
7.881	-0.046	0.300
7.881	-0.044	0.299
7.881	-0.044	0.299
7.881	-0.046	0.300
7.881	-0.046	0.300
7.881	-0.048	0.300
7.881	-0.048	0.300
7.881	-0.046	0.299
7.881	-0.046	0.299
7.882	-0.046	0.300
7.882	-0.046	0.300
7.882	-0.046	0.300
7.882	-0.046	0.300
7.882	-0.048	0.300
7.882	-0.048	0.300
7.882	-0.046	0.300
7.882	-0.046	0.300
7.882	-0.046	0.299
7.882	-0.046	0.299
7.883	-0.046	0.299
7.883	-0.046	0.299
7.883	-0.046	0.299
7.883	-0.046	0.299
7.883	-0.048	0.299
7.883	-0.048	0.299
7.883	-0.046	0.300
7.883	-0.046	0.300
7.883	-0.046	0.300
7.883	-0.046	0.300
7.884	-0.048	0.300
7.884	-0.048	0.300
7.884	-0.050	0.299
7.884	-0.050	0.299
7.884	-0.046	0.299
7.884	-0.046	0.299
7.884	-0.046	0.299
7.884	-0.046	0.299
7.884	-0.046	0.299
7.884	-0.046	0.299
7.885	-0.046	0.299
7.885	-0.046	0.299
7.885	-0.046	0.299
7.885	-0.046	0.299
7.885	-0.048	0.300
7.885	-0.048	0.300
7.885	-0.044	0.299
7.885	-0.044	0.299
7.885	-0.046	0.299
7.885	-0.046	0.299
7.886	-0.046	0.299
7.886	-0.046	0.299
7.886	-0.046	0.299
7.886	-0.046	0.299
7.886	-0.046	0.300
7.886	-0.046	0.300
7.886	-0.046	0.299
7.886	-0.046	0.299
7.886	-0.046	0.299
7.886	-0.046	0.299
7.887	-0.048	0.298
7.887	-0.048	0.298
7.887	-0.046	0.300
7.887	-0.046	0.300
7.887	-0.048	0.299
7.887	-0.048	0.299
7.887	-0.046	0.300
7.887	-0.046	0.300
7.887	-0.046	0.299
7.887	-0.046	0.299
7.888	-0.046	0.299
7.888	-0.046	0.299
7.888	-0.046	0.298
7.888	-0.046	0.298
7.888	-0.048	0.299
7.888	-0.048	0.299
7.888	-0.046	0.298
7.888	-0.046	0.298
7.888	-0.046	0.300
7.888	-0.046	0.300
7.889	-0.048	0.299
7.889	-0.048	0.299
7.889	-0.050	0.298
7.889	-0.050	0.298
7.889	-0.046	0.299
7.889	-0.046	0.299
7.889	-0.046	0.299
7.889	-0.046	0.299
7.889	-0.046	0.300
7.889	-0.046	0.300
7.890	-0.048	0.299
7.890	-0.048	0.299
7.890	-0.046	0.300
7.890	-0.046	0.300
7.890	-0.046	0.299
7.890	-0.046	0.299
7.890	-0.050	0.298
7.890	-0.050	0.298
7.890	-0.046	0.299
7.890	-0.046	0.299
7.891	-0.048	0.299
7.891	-0.048	0.299
7.891	-0.046	0.300
7.891	-0.046	0.300
7.891	-0.046	0.298
7.891	-0.046	0.298
7.891	-0.048	0.300
7.891	-0.048	0.300
7.891	-0.048	0.299
7.891	-0.048	0.299
7.892	-0.048	0.299
7.892	-0.048	0.299
7.892	-0.046	0.299
7.892	-0.046	0.299
7.892	-0.048	0.299
7.892	-0.048	0.299
7.892	-0.048	0.299
7.892	-0.048	0.299
7.892	-0.046	0.300
7.892	-0.046	0.300
7.893	-0.046	0.298
7.893	-0.046	0.298
7.893	-0.046	0.299
7.893	-0.046	0.299
7.893	-0.046	0.298
7.893	-0.046	0.298
7.893	-0.046	0.299
7.893	-0.046	0.299
7.893	-0.046	0.299
7.893	-0.046	0.299
7.894	-0.046	0.300
7.894	-0.046	0.300
7.894	-0.046	0.300
7.894	-0.046	0.300
7.894	-0.048	0.299
7.894	-0.048	0.299
7.894	-0.046	0.299
7.894	-0.046	0.299
7.894	-0.050	0.299
7.894	-0.050	0.299
7.895	-0.046	0.300
7.895	-0.046	0.300
7.895	-0.046	0.300
7.895	-0.046	0.300
7.895	-0.046	0.300
7.895	-0.046	0.300
7.895	-0.050	0.300
7.895	-0.050	0.300
7.895	-0.048	0.300
7.895	-0.048	0.300
7.896	-0.046	0.299
7.896	-0.046	0.299
7.896	-0.048	0.300
7.896	-0.048	0.300
7.896	-0.048	0.300
7.896	-0.048	0.300
7.896	-0.048	0.299
7.896	-0.048	0.299
7.896	-0.050	0.299
7.896	-0.050	0.299
7.897	-0.048	0.299
7.897	-0.048	0.299
7.897	-0.050	0.300
7.897	-0.050	0.300
7.897	-0.046	0.299
7.897	-0.046	0.299
7.897	-0.048	0.300
7.897	-0.048	0.300
7.897	-0.046	0.300
7.897	-0.046	0.300
7.898	-0.046	0.299
7.898	-0.046	0.299
7.898	-0.050	0.300
7.898	-0.050	0.300
7.898	-0.050	0.299
7.898	-0.050	0.299
7.898	-0.046	0.300
7.898	-0.046	0.300
7.898	-0.046	0.300
7.898	-0.046	0.300
7.899	-0.046	0.300
7.899	-0.046	0.300
7.899	-0.046	0.300
7.899	-0.046	0.300
7.899	-0.048	0.299
7.899	-0.048	0.299
7.899	-0.046	0.300
7.899	-0.046	0.300
7.899	-0.046	0.299
7.899	-0.046	0.299
7.900	-0.050	0.300
7.900	-0.050	0.300
7.900	-0.050	0.300
7.900	-0.050	0.300
7.900	-0.050	0.300
7.900	-0.050	0.300
7.900	-0.050	0.300
7.900	-0.050	0.300
7.900	-0.048	0.300
7.900	-0.048	0.300
7.901	-0.050	0.300
7.901	-0.050	0.300
7.901	-0.050	0.300
7.901	-0.050	0.300
7.901	-0.048	0.300
7.901	-0.048	0.300
7.901	-0.050	0.300
7.901	-0.050	0.300
7.901	-0.050	0.300
7.901	-0.050	0.300
7.902	-0.050	0.301
7.902	-0.050	0.301
7.902	-0.046	0.300
7.902	-0.046	0.300
7.902	-0.048	0.300
7.902	-0.048	0.300
7.902	-0.050	0.300
7.902	-0.050	0.300
7.902	-0.048	0.300
7.902	-0.048	0.300
7.903	-0.046	0.300
7.903	-0.046	0.300
7.903	-0.048	0.301
7.903	-0.048	0.301
7.903	-0.046	0.300
7.903	-0.046	0.300
7.903	-0.050	0.300
7.903	-0.050	0.300
7.903	-0.046	0.300
7.903	-0.046	0.300
7.904	-0.050	0.301
7.904	-0.050	0.301
7.904	-0.048	0.300
7.904	-0.048	0.300
7.904	-0.048	0.300
7.904	-0.048	0.300
7.904	-0.050	0.301
7.904	-0.050	0.301
7.904	-0.048	0.301
7.904	-0.048	0.301
7.905	-0.046	0.300
7.905	-0.046	0.300
7.905	-0.046	0.301
7.905	-0.046	0.301
7.905	-0.050	0.300
7.905	-0.050	0.300
7.905	-0.050	0.301
7.905	-0.050	0.301
7.905	-0.050	0.301
7.905	-0.050	0.301
7.906	-0.050	0.301
7.906	-0.050	0.301
7.906	-0.050	0.301
7.906	-0.050	0.301
7.906	-0.046	0.301
7.906	-0.046	0.301
7.906	-0.050	0.301
7.906	-0.050	0.301
7.906	-0.046	0.300
7.906	-0.046	0.300
7.907	-0.046	0.302
7.907	-0.046	0.302
7.907	-0.048	0.301
7.907	-0.048	0.301
7.907	-0.046	0.301
7.907	-0.046	0.301
7.907	-0.046	0.302
7.907	-0.046	0.302
7.907	-0.050	0.302
7.907	-0.050	0.302
7.908	-0.050	0.302
7.908	-0.050	0.302
7.908	-0.050	0.301
7.908	-0.050	0.301
7.908	-0.048	0.302
7.908	-0.048	0.302
7.908	-0.046	0.302
7.908	-0.046	0.302
7.908	-0.046	0.302
7.908	-0.046	0.302
7.909	-0.048	0.302
7.909	-0.048	0.302
7.909	-0.050	0.302
7.909	-0.050	0.302
7.909	-0.050	0.302
7.909	-0.050	0.302
7.909	-0.050	0.303
7.909	-0.050	0.303
7.909	-0.046	0.303
7.909	-0.046	0.303
7.910	-0.048	0.303
7.910	-0.048	0.303
7.910	-0.048	0.303
7.910	-0.048	0.303
7.910	-0.046	0.303
7.910	-0.046	0.303
7.910	-0.050	0.303
7.910	-0.050	0.303
7.910	-0.048	0.304
7.910	-0.048	0.304
7.911	-0.050	0.303
7.911	-0.050	0.303
7.911	-0.046	0.304
7.911	-0.046	0.304
7.911	-0.050	0.304
7.911	-0.050	0.304
7.911	-0.048	0.304
7.911	-0.048	0.304
7.911	-0.050	0.303
7.911	-0.050	0.303
7.912	-0.046	0.303
7.912	-0.046	0.303
7.912	-0.046	0.303
7.912	-0.046	0.303
7.912	-0.046	0.304
7.912	-0.046	0.304
7.912	-0.050	0.304
7.912	-0.050	0.304
7.912	-0.050	0.303
7.912	-0.050	0.303
7.913	-0.050	0.304
7.913	-0.050	0.304
7.913	-0.048	0.304
7.913	-0.048	0.304
7.913	-0.048	0.304
7.913	-0.048	0.304
7.913	-0.050	0.304
7.913	-0.050	0.304
7.913	-0.048	0.304
7.913	-0.048	0.304
7.914	-0.046	0.304
7.914	-0.046	0.304
7.914	-0.050	0.304
7.914	-0.050	0.304
7.914	-0.050	0.304
7.914	-0.050	0.304
7.914	-0.048	0.304
7.914	-0.048	0.304
7.914	-0.048	0.304
7.914	-0.048	0.304
7.915	-0.050	0.304
7.915	-0.050	0.304
7.915	-0.046	0.304
7.915	-0.046	0.304
7.915	-0.048	0.304
7.915	-0.048	0.304
7.915	-0.050	0.304
7.915	-0.050	0.304
7.915	-0.052	0.304
7.915	-0.052	0.304
7.916	-0.050	0.304
7.916	-0.050	0.304
7.916	-0.050	0.304
7.916	-0.050	0.304
7.916	-0.048	0.304
7.916	-0.048	0.304
7.916	-0.050	0.304
7.916	-0.050	0.304
7.916	-0.052	0.304
7.916	-0.052	0.304
7.917	-0.050	0.305
7.917	-0.050	0.305
7.917	-0.050	0.305
7.917	-0.050	0.305
7.917	-0.052	0.304
7.917	-0.052	0.304
7.917	-0.050	0.304
7.917	-0.050	0.304
7.917	-0.052	0.304
7.917	-0.052	0.304
7.918	-0.048	0.306
7.918	-0.048	0.306
7.918	-0.048	0.305
7.918	-0.048	0.305
7.918	-0.048	0.305
7.918	-0.048	0.305
7.918	-0.048	0.306
7.918	-0.048	0.306
7.918	-0.048	0.306
7.918	-0.048	0.306
7.919	-0.048	0.305
7.919	-0.048	0.305
7.919	-0.050	0.306
7.919	-0.050	0.306
7.919	-0.050	0.305
7.919	-0.050	0.305
7.919	-0.050	0.306
7.919	-0.050	0.306
7.919	-0.050	0.306
7.919	-0.050	0.306
7.920	-0.046	0.306
7.920	-0.046	0.306
7.920	-0.050	0.306
7.920	-0.050	0.306
7.920	-0.050	0.306
7.920	-0.050	0.306
7.920	-0.048	0.306
7.920	-0.048	0.306
7.920	-0.046	0.307
7.920	-0.046	0.307
7.921	-0.050	0.306
7.921	-0.050	0.306
7.921	-0.050	0.307
7.921	-0.050	0.307
7.921	-0.050	0.307
7.921	-0.050	0.307
7.921	-0.050	0.307
7.921	-0.050	0.307
7.921	-0.050	0.307
7.921	-0.050	0.307
7.922	-0.050	0.307
7.922	-0.050	0.307
7.922	-0.048	0.308
7.922	-0.048	0.308
7.922	-0.050	0.307
7.922	-0.050	0.307
7.922	-0.050	0.308
7.922	-0.050	0.308
7.922	-0.046	0.307
7.922	-0.046	0.307
7.923	-0.048	0.308
7.923	-0.048	0.308
7.923	-0.050	0.308
7.923	-0.050	0.308
7.923	-0.052	0.307
7.923	-0.052	0.307
7.923	-0.050	0.308
7.923	-0.050	0.308
7.923	-0.048	0.308
7.923	-0.048	0.308
7.924	-0.052	0.308
7.924	-0.052	0.308
7.924	-0.050	0.308
7.924	-0.050	0.308
7.924	-0.052	0.308
7.924	-0.052	0.308
7.924	-0.050	0.308
7.924	-0.050	0.308
7.924	-0.048	0.308
7.924	-0.048	0.308
7.925	-0.048	0.308
7.925	-0.048	0.308
7.925	-0.048	0.308
7.925	-0.048	0.308
7.925	-0.050	0.308
7.925	-0.050	0.308
7.925	-0.050	0.308
7.925	-0.050	0.308
7.925	-0.050	0.309
7.925	-0.050	0.309
7.926	-0.048	0.309
7.926	-0.048	0.309
7.926	-0.046	0.309
7.926	-0.046	0.309
7.926	-0.050	0.310
7.926	-0.050	0.310
7.926	-0.052	0.309
7.926	-0.052	0.309
7.926	-0.046	0.310
7.926	-0.046	0.310
7.927	-0.052	0.310
7.927	-0.052	0.310
7.927	-0.050	0.310
7.927	-0.050	0.310
7.927	-0.050	0.309
7.927	-0.050	0.309
7.927	-0.048	0.310
7.927	-0.048	0.310
7.927	-0.050	0.310
7.927	-0.050	0.310
7.928	-0.052	0.311
7.928	-0.052	0.311
7.928	-0.052	0.311
7.928	-0.052	0.311
7.928	-0.052	0.310
7.928	-0.052	0.310
7.928	-0.050	0.310
7.928	-0.050	0.310
7.928	-0.050	0.311
7.928	-0.050	0.311
7.929	-0.050	0.311
7.929	-0.050	0.311
7.929	-0.048	0.310
7.929	-0.048	0.310
7.929	-0.048	0.310
7.929	-0.048	0.310
7.929	-0.052	0.311
7.929	-0.052	0.311
7.929	-0.052	0.311
7.929	-0.052	0.311
7.930	-0.048	0.311
7.930	-0.048	0.311
7.930	-0.052	0.311
7.930	-0.052	0.311
7.930	-0.050	0.312
7.930	-0.050	0.312
7.930	-0.050	0.311
7.930	-0.050	0.311
7.930	-0.048	0.311
7.930	-0.048	0.311
7.931	-0.048	0.312
7.931	-0.048	0.312
7.931	-0.050	0.312
7.931	-0.050	0.312
7.931	-0.052	0.312
7.931	-0.052	0.312
7.931	-0.050	0.312
7.931	-0.050	0.312
7.931	-0.050	0.312
7.931	-0.050	0.312
7.932	-0.050	0.312
7.932	-0.050	0.312
7.932	-0.050	0.312
7.932	-0.050	0.312
7.932	-0.050	0.312
7.932	-0.050	0.312
7.932	-0.052	0.312
7.932	-0.052	0.312
7.932	-0.052	0.312
7.932	-0.052	0.312
7.933	-0.050	0.312
7.933	-0.050	0.312
7.933	-0.052	0.312
7.933	-0.052	0.312
7.933	-0.052	0.312
7.933	-0.052	0.312
7.933	-0.052	0.312
7.933	-0.052	0.312
7.933	-0.050	0.312
7.933	-0.050	0.312
7.934	-0.048	0.313
7.934	-0.048	0.313
7.934	-0.052	0.312
7.934	-0.052	0.312
7.934	-0.052	0.313
7.934	-0.052	0.313
7.934	-0.052	0.312
7.934	-0.052	0.312
7.934	-0.052	0.313
7.934	-0.052	0.313
7.935	-0.054	0.313
7.935	-0.054	0.313
7.935	-0.054	0.312
7.935	-0.054	0.312
7.935	-0.052	0.313
7.935	-0.052	0.313
7.935	-0.052	0.313
7.935	-0.052	0.313
7.935	-0.050	0.313
7.935	-0.050	0.313
7.936	-0.052	0.314
7.936	-0.052	0.314
7.936	-0.050	0.313
7.936	-0.050	0.313
7.936	-0.050	0.313
7.936	-0.050	0.313
7.936	-0.050	0.314
7.936	-0.050	0.314
7.936	-0.050	0.314
7.936	-0.050	0.314
7.937	-0.052	0.314
7.937	-0.052	0.314
7.937	-0.052	0.315
7.937	-0.052	0.315
7.937	-0.050	0.315
7.937	-0.050	0.315
7.937	-0.048	0.315
7.937	-0.048	0.315
7.937	-0.052	0.315
7.937	-0.052	0.315
7.938	-0.052	0.316
7.938	-0.052	0.316
7.938	-0.052	0.315
7.938	-0.052	0.315
7.938	-0.050	0.316
7.938	-0.050	0.316
7.938	-0.050	0.316
7.938	-0.050	0.316
7.938	-0.050	0.316
7.938	-0.050	0.316
7.939	-0.052	0.315
7.939	-0.052	0.315
7.939	-0.052	0.315
7.939	-0.052	0.315
7.939	-0.050	0.315
7.939	-0.050	0.315
7.939	-0.050	0.316
7.939	-0.050	0.316
7.939	-0.052	0.316
7.939	-0.052	0.316
7.940	-0.052	0.316
7.940	-0.052	0.316
7.940	-0.050	0.316
7.940	-0.050	0.316
7.940	-0.052	0.316
7.940	-0.052	0.316
7.940	-0.054	0.316
7.940	-0.054	0.316
7.940	-0.050	0.316
7.940	-0.050	0.316
7.941	-0.052	0.316
7.941	-0.052	0.316
7.941	-0.052	0.316
7.941	-0.052	0.316
7.941	-0.052	0.316
7.941	-0.052	0.316
7.941	-0.050	0.316
7.941	-0.050	0.316
7.941	-0.050	0.316
7.941	-0.050	0.316
7.942	-0.050	0.318
7.942	-0.050	0.318
7.942	-0.052	0.317
7.942	-0.052	0.317
7.942	-0.046	0.317
7.942	-0.046	0.317
7.942	-0.048	0.318
7.942	-0.048	0.318
7.942	-0.048	0.317
7.942	-0.048	0.317
7.943	-0.048	0.317
7.943	-0.048	0.317
7.943	-0.050	0.318
7.943	-0.050	0.318
7.943	-0.050	0.317
7.943	-0.050	0.317
7.943	-0.050	0.317
7.943	-0.050	0.317
7.943	-0.054	0.318
7.943	-0.054	0.318
7.944	-0.052	0.318
7.944	-0.052	0.318
7.944	-0.050	0.318
7.944	-0.050	0.318
7.944	-0.052	0.318
7.944	-0.052	0.318
7.944	-0.052	0.318
7.944	-0.052	0.318
7.944	-0.052	0.318
7.944	-0.052	0.318
7.945	-0.052	0.319
7.945	-0.052	0.319
7.945	-0.048	0.318
7.945	-0.048	0.318
7.945	-0.052	0.319
7.945	-0.052	0.319
7.945	-0.052	0.318
7.945	-0.052	0.318
7.945	-0.050	0.319
7.945	-0.050	0.319
7.946	-0.052	0.319
7.946	-0.052	0.319
7.946	-0.050	0.319
7.946	-0.050	0.319
7.946	-0.052	0.320
7.946	-0.052	0.320
7.946	-0.052	0.319
7.946	-0.052	0.319
7.946	-0.052	0.320
7.946	-0.052	0.320
7.947	-0.052	0.320
7.947	-0.052	0.320
7.947	-0.052	0.320
7.947	-0.052	0.320
7.947	-0.052	0.319
7.947	-0.052	0.319
7.947	-0.052	0.320
7.947	-0.052	0.320
7.947	-0.050	0.320
7.947	-0.050	0.320
7.948	-0.050	0.320
7.948	-0.050	0.320
7.948	-0.052	0.320
7.948	-0.052	0.320
7.948	-0.050	0.320
7.948	-0.050	0.320
7.948	-0.050	0.320
7.948	-0.050	0.320
7.948	-0.054	0.320
7.948	-0.054	0.320
7.949	-0.050	0.320
7.949	-0.050	0.320
7.949	-0.052	0.320
7.949	-0.052	0.320
7.949	-0.050	0.320
7.949	-0.050	0.320
7.949	-0.054	0.320
7.949	-0.054	0.320
7.949	-0.050	0.320
7.949	-0.050	0.320
7.950	-0.052	0.321
7.950	-0.052	0.321
7.950	-0.052	0.320
7.950	-0.052	0.320
7.950	-0.050	0.321
7.950	-0.050	0.321
7.950	-0.052	0.321
7.950	-0.052	0.321
7.950	-0.050	0.321
7.950	-0.050	0.321
7.951	-0.054	0.321
7.951	-0.054	0.321
7.951	-0.052	0.320
7.951	-0.052	0.320
7.951	-0.052	0.321
7.951	-0.052	0.321
7.951	-0.052	0.322
7.951	-0.052	0.322
7.951	-0.052	0.322
7.951	-0.052	0.322
7.952	-0.054	0.322
7.952	-0.054	0.322
7.952	-0.052	0.322
7.952	-0.052	0.322
7.952	-0.052	0.322
7.952	-0.052	0.322
7.952	-0.050	0.321
7.952	-0.050	0.321
7.952	-0.052	0.322
7.952	-0.052	0.322
7.953	-0.054	0.322
7.953	-0.054	0.322
7.953	-0.052	0.323
7.953	-0.052	0.323
7.953	-0.052	0.323
7.953	-0.052	0.323
7.953	-0.054	0.321
7.953	-0.054	0.321
7.953	-0.054	0.323
7.953	-0.054	0.323
7.954	-0.050	0.323
7.954	-0.050	0.323
7.954	-0.050	0.323
7.954	-0.050	0.323
7.954	-0.052	0.323
7.954	-0.052	0.323
7.954	-0.054	0.323
7.954	-0.054	0.323
7.954	-0.052	0.323
7.954	-0.052	0.323
7.955	-0.050	0.323
7.955	-0.050	0.323
7.955	-0.052	0.324
7.955	-0.052	0.324
7.955	-0.052	0.324
7.955	-0.052	0.324
7.955	-0.048	0.323
7.955	-0.048	0.323
7.955	-0.052	0.323
7.955	-0.052	0.323
7.956	-0.052	0.324
7.956	-0.052	0.324
7.956	-0.052	0.324
7.956	-0.052	0.324
7.956	-0.052	0.323
7.956	-0.052	0.323
7.956	-0.048	0.324
7.956	-0.048	0.324
7.956	-0.052	0.324
7.956	-0.052	0.324
7.957	-0.052	0.324
7.957	-0.052	0.324
7.957	-0.050	0.324
7.957	-0.050	0.324
7.957	-0.050	0.324
7.957	-0.050	0.324
7.957	-0.054	0.324
7.957	-0.054	0.324
7.957	-0.052	0.324
7.957	-0.052	0.324
7.958	-0.054	0.324
7.958	-0.054	0.324
7.958	-0.052	0.324
7.958	-0.052	0.324
7.958	-0.050	0.324
7.958	-0.050	0.324
7.958	-0.054	0.324
7.958	-0.054	0.324
7.958	-0.054	0.325
7.958	-0.054	0.325
7.959	-0.050	0.324
7.959	-0.050	0.324
7.959	-0.054	0.325
7.959	-0.054	0.325
7.959	-0.052	0.325
7.959	-0.052	0.325
7.959	-0.054	0.325
7.959	-0.054	0.325
7.959	-0.054	0.325
7.959	-0.054	0.325
7.960	-0.050	0.325
7.960	-0.050	0.325
7.960	-0.052	0.325
7.960	-0.052	0.325
7.960	-0.050	0.325
7.960	-0.050	0.325
7.960	-0.054	0.326
7.960	-0.054	0.326
7.960	-0.052	0.325
7.960	-0.052	0.325
7.961	-0.052	0.326
7.961	-0.052	0.326
7.961	-0.054	0.326
7.961	-0.054	0.326
7.961	-0.052	0.326
7.961	-0.052	0.326
7.961	-0.052	0.326
7.961	-0.052	0.326
7.961	-0.052	0.326
7.961	-0.052	0.326
7.962	-0.052	0.326
7.962	-0.052	0.326
7.962	-0.054	0.327
7.962	-0.054	0.327
7.962	-0.054	0.326
7.962	-0.054	0.326
7.962	-0.050	0.326
7.962	-0.050	0.326
7.962	-0.052	0.326
7.962	-0.052	0.326
7.963	-0.052	0.327
7.963	-0.052	0.327
7.963	-0.052	0.327
7.963	-0.052	0.327
7.963	-0.050	0.327
7.963	-0.050	0.327
7.963	-0.052	0.328
7.963	-0.052	0.328
7.963	-0.054	0.327
7.963	-0.054	0.327
7.964	-0.052	0.326
7.964	-0.052	0.326
7.964	-0.054	0.328
7.964	-0.054	0.328
7.964	-0.054	0.327
7.964	-0.054	0.327
7.964	-0.052	0.327
7.964	-0.052	0.327
7.964	-0.054	0.327
7.964	-0.054	0.327
7.965	-0.052	0.327
7.965	-0.052	0.327
7.965	-0.054	0.327
7.965	-0.054	0.327
7.965	-0.050	0.328
7.965	-0.050	0.328
7.965	-0.054	0.328
7.965	-0.054	0.328
7.965	-0.052	0.328
7.965	-0.052	0.328
7.966	-0.052	0.327
7.966	-0.052	0.327
7.966	-0.052	0.328
7.966	-0.052	0.328
7.966	-0.052	0.328
7.966	-0.052	0.328
7.966	-0.050	0.328
7.966	-0.050	0.328
7.966	-0.054	0.328
7.966	-0.054	0.328
7.967	-0.054	0.328
7.967	-0.054	0.328
7.967	-0.050	0.328
7.967	-0.050	0.328
7.967	-0.054	0.328
7.967	-0.054	0.328
7.967	-0.050	0.328
7.967	-0.050	0.328
7.967	-0.054	0.328
7.967	-0.054	0.328
7.968	-0.052	0.328
7.968	-0.052	0.328
7.968	-0.054	0.328
7.968	-0.054	0.328
7.968	-0.050	0.328
7.968	-0.050	0.328
7.968	-0.052	0.328
7.968	-0.052	0.328
7.968	-0.054	0.328
7.968	-0.054	0.328
7.969	-0.054	0.328
7.969	-0.054	0.328
7.969	-0.054	0.328
7.969	-0.054	0.328
7.969	-0.054	0.329
7.969	-0.054	0.329
7.969	-0.052	0.329
7.969	-0.052	0.329
7.969	-0.054	0.329
7.969	-0.054	0.329
7.970	-0.052	0.328
7.970	-0.052	0.328
7.970	-0.052	0.328
7.970	-0.052	0.328
7.970	-0.054	0.329
7.970	-0.054	0.329
7.970	-0.052	0.329
7.970	-0.052	0.329
7.970	-0.054	0.329
7.970	-0.054	0.329
7.971	-0.054	0.329
7.971	-0.054	0.329
7.971	-0.054	0.328
7.971	-0.054	0.328
7.971	-0.054	0.330
7.971	-0.054	0.330
7.971	-0.054	0.329
7.971	-0.054	0.329
7.971	-0.054	0.329
7.971	-0.054	0.329
7.972	-0.052	0.329
7.972	-0.052	0.329
7.972	-0.054	0.330
7.972	-0.054	0.330
7.972	-0.054	0.330
7.972	-0.054	0.330
7.972	-0.052	0.329
7.972	-0.052	0.329
7.972	-0.054	0.329
7.972	-0.054	0.329
7.973	-0.054	0.329
7.973	-0.054	0.329
7.973	-0.052	0.330
7.973	-0.052	0.330
7.973	-0.052	0.330
7.973	-0.052	0.330
7.973	-0.052	0.330
7.973	-0.052	0.330
7.973	-0.054	0.330
7.973	-0.054	0.330
7.974	-0.052	0.330
7.974	-0.052	0.330
7.974	-0.052	0.331
7.974	-0.052	0.331
7.974	-0.052	0.330
7.974	-0.052	0.330
7.974	-0.050	0.330
7.974	-0.050	0.330
7.974	-0.052	0.331
7.974	-0.052	0.331
7.975	-0.052	0.331
7.975	-0.052	0.331
7.975	-0.054	0.331
7.975	-0.054	0.331
7.975	-0.054	0.332
7.975	-0.054	0.332
7.975	-0.050	0.330
7.975	-0.050	0.330
7.975	-0.054	0.331
7.975	-0.054	0.331
7.976	-0.054	0.332
7.976	-0.054	0.332
7.976	-0.052	0.330
7.976	-0.052	0.330
7.976	-0.054	0.332
7.976	-0.054	0.332
7.976	-0.054	0.331
7.976	-0.054	0.331
7.976	-0.054	0.331
7.976	-0.054	0.331
7.977	-0.054	0.332
7.977	-0.054	0.332
7.977	-0.054	0.332
7.977	-0.054	0.332
7.977	-0.054	0.332
7.977	-0.054	0.332
7.977	-0.054	0.332
7.977	-0.054	0.332
7.977	-0.054	0.332
7.977	-0.054	0.332
7.978	-0.054	0.331
7.978	-0.054	0.331
7.978	-0.052	0.331
7.978	-0.052	0.331
7.978	-0.054	0.332
7.978	-0.054	0.332
7.978	-0.054	0.332
7.978	-0.054	0.332
7.978	-0.054	0.332
7.978	-0.054	0.332
7.979	-0.052	0.332
7.979	-0.052	0.332
7.979	-0.054	0.332
7.979	-0.054	0.332
7.979	-0.054	0.332
7.979	-0.054	0.332
7.979	-0.052	0.332
7.979	-0.052	0.332
7.979	-0.052	0.332
7.979	-0.052	0.332
7.980	-0.054	0.332
7.980	-0.054	0.332
7.980	-0.054	0.332
7.980	-0.054	0.332
7.980	-0.054	0.332
7.980	-0.054	0.332
7.980	-0.054	0.332
7.980	-0.054	0.332
7.980	-0.052	0.332
7.980	-0.052	0.332
7.981	-0.054	0.332
7.981	-0.054	0.332
7.981	-0.052	0.332
7.981	-0.052	0.332
7.981	-0.054	0.332
7.981	-0.054	0.332
7.981	-0.054	0.332
7.981	-0.054	0.332
7.981	-0.054	0.332
7.981	-0.054	0.332
7.982	-0.052	0.332
7.982	-0.052	0.332
7.982	-0.052	0.332
7.982	-0.052	0.332
7.982	-0.054	0.332
7.982	-0.054	0.332
7.982	-0.054	0.332
7.982	-0.054	0.332
7.982	-0.054	0.332
7.982	-0.054	0.332
7.983	-0.054	0.332
7.983	-0.054	0.332
7.983	-0.056	0.332
7.983	-0.056	0.332
7.983	-0.054	0.332
7.983	-0.054	0.332
7.983	-0.054	0.332
7.983	-0.054	0.332
7.983	-0.054	0.332
7.983	-0.054	0.332
7.984	-0.054	0.332
7.984	-0.054	0.332
7.984	-0.054	0.332
7.984	-0.054	0.332
7.984	-0.056	0.332
7.984	-0.056	0.332
7.984	-0.054	0.332
7.984	-0.054	0.332
7.984	-0.054	0.333
7.984	-0.054	0.333
7.985	-0.054	0.332
7.985	-0.054	0.332
7.985	-0.054	0.333
7.985	-0.054	0.333
7.985	-0.054	0.333
7.985	-0.054	0.333
7.985	-0.054	0.332
7.985	-0.054	0.332
7.985	-0.054	0.334
7.985	-0.054	0.334
7.986	-0.054	0.333
7.986	-0.054	0.333
7.986	-0.054	0.332
7.986	-0.054	0.332
7.986	-0.054	0.333
7.986	-0.054	0.333
7.986	-0.054	0.334
7.986	-0.054	0.334
7.986	-0.054	0.333
7.986	-0.054	0.333
7.987	-0.054	0.334
7.987	-0.054	0.334
7.987	-0.052	0.333
7.987	-0.052	0.333
7.987	-0.052	0.334
7.987	-0.052	0.334
7.987	-0.054	0.334
7.987	-0.054	0.334
7.987	-0.052	0.333
7.987	-0.052	0.333
7.988	-0.052	0.333
7.988	-0.052	0.333
7.988	-0.054	0.334
7.988	-0.054	0.334
7.988	-0.054	0.334
7.988	-0.054	0.334
7.988	-0.054	0.334
7.988	-0.054	0.334
7.988	-0.056	0.334
7.988	-0.056	0.334
7.989	-0.054	0.333
7.989	-0.054	0.333
7.989	-0.054	0.334
7.989	-0.054	0.334
7.989	-0.054	0.334
7.989	-0.054	0.334
7.989	-0.054	0.334
7.989	-0.054	0.334
7.989	-0.054	0.334
7.989	-0.054	0.334
7.990	-0.054	0.334
7.990	-0.054	0.334
7.990	-0.054	0.334
7.990	-0.054	0.334
7.990	-0.054	0.334
7.990	-0.054	0.334
7.990	-0.054	0.334
7.990	-0.054	0.334
7.990	-0.054	0.335
7.990	-0.054	0.335
7.991	-0.050	0.334
7.991	-0.050	0.334
7.991	-0.054	0.334
7.991	-0.054	0.334
7.991	-0.056	0.334
7.991	-0.056	0.334
7.991	-0.052	0.335
7.991	-0.052	0.335
7.991	-0.054	0.335
7.991	-0.054	0.335
7.992	-0.054	0.335
7.992	-0.054	0.335
7.992	-0.054	0.335
7.992	-0.054	0.335
7.992	-0.056	0.334
7.992	-0.056	0.334
7.992	-0.056	0.334
7.992	-0.056	0.334
7.992	-0.054	0.336
7.992	-0.054	0.336
7.993	-0.052	0.334
7.993	-0.052	0.334
7.993	-0.054	0.335
7.993	-0.054	0.335
7.993	-0.054	0.335
7.993	-0.054	0.335
7.993	-0.054	0.335
7.993	-0.054	0.335
7.993	-0.054	0.335
7.993	-0.054	0.335
7.994	-0.054	0.336
7.994	-0.054	0.336
7.994	-0.056	0.334
7.994	-0.056	0.334
7.994	-0.058	0.335
7.994	-0.058	0.335
7.994	-0.052	0.335
7.994	-0.052	0.335
7.994	-0.054	0.335
7.994	-0.054	0.335
7.995	-0.052	0.335
7.995	-0.052	0.335
7.995	-0.054	0.335
7.995	-0.054	0.335
7.995	-0.052	0.336
7.995	-0.052	0.336
7.995	-0.054	0.336
7.995	-0.054	0.336
7.995	-0.058	0.335
7.995	-0.058	0.335
7.996	-0.054	0.336
7.996	-0.054	0.336
7.996	-0.054	0.335
7.996	-0.054	0.335
7.996	-0.054	0.336
7.996	-0.054	0.336
7.996	-0.054	0.336
7.996	-0.054	0.336
7.996	-0.054	0.335
7.996	-0.054	0.335
7.997	-0.054	0.335
7.997	-0.054	0.335
7.997	-0.058	0.335
7.997	-0.058	0.335
7.997	-0.054	0.335
7.997	-0.054	0.335
7.997	-0.056	0.336
7.997	-0.056	0.336
7.997	-0.054	0.336
7.997	-0.054	0.336
7.998	-0.054	0.336
7.998	-0.054	0.336
7.998	-0.054	0.336
7.998	-0.054	0.336
7.998	-0.056	0.336
7.998	-0.056	0.336
7.998	-0.056	0.336
7.998	-0.056	0.336
7.998	-0.052	0.336
7.998	-0.052	0.336
7.999	-0.054	0.335
7.999	-0.054	0.335
7.999	-0.056	0.336
7.999	-0.056	0.336
7.999	-0.054	0.335
7.999	-0.054	0.335
7.999	-0.054	0.336
7.999	-0.054	0.336
7.999	-0.054	0.336
7.999	-0.054	0.336
8.000	-0.054	0.336
8.000	-0.054	0.336
8.000	-0.054	0.336
8.000	-0.054	0.336
8.000	-0.058	0.336
8.000	-0.058	0.336
8.000	-0.054	0.336
8.000	-0.054	0.336
8.000	-0.056	0.336
8.000	-0.056	0.336
8.001	-0.054	0.336
8.001	-0.054	0.336
8.001	-0.054	0.336
8.001	-0.054	0.336
8.001	-0.054	0.336
8.001	-0.054	0.336
8.001	-0.054	0.336
8.001	-0.054	0.336
8.001	-0.054	0.336
8.001	-0.054	0.336
8.002	-0.054	0.336
8.002	-0.054	0.336
8.002	-0.056	0.336
8.002	-0.056	0.336
8.002	-0.054	0.336
8.002	-0.054	0.336
8.002	-0.054	0.336
8.002	-0.054	0.336
8.002	-0.058	0.336
8.002	-0.058	0.336
8.003	-0.054	0.336
8.003	-0.054	0.336
8.003	-0.056	0.336
8.003	-0.056	0.336
8.003	-0.054	0.336
8.003	-0.054	0.336
8.003	-0.054	0.336
8.003	-0.054	0.336
8.003	-0.054	0.336
8.003	-0.054	0.336
8.004	-0.056	0.336
8.004	-0.056	0.336
8.004	-0.054	0.336
8.004	-0.054	0.336
8.004	-0.054	0.336
8.004	-0.054	0.336
8.004	-0.056	0.336
8.004	-0.056	0.336
8.004	-0.058	0.337
8.004	-0.058	0.337
8.005	-0.054	0.336
8.005	-0.054	0.336
8.005	-0.058	0.336
8.005	-0.058	0.336
8.005	-0.056	0.336
8.005	-0.056	0.336
8.005	-0.054	0.336
8.005	-0.054	0.336
8.005	-0.054	0.336
8.005	-0.054	0.336
8.006	-0.054	0.336
8.006	-0.054	0.336
8.006	-0.056	0.336
8.006	-0.056	0.336
8.006	-0.056	0.336
8.006	-0.056	0.336
8.006	-0.054	0.336
8.006	-0.054	0.336
8.006	-0.054	0.336
8.006	-0.054	0.336
8.007	-0.056	0.336
8.007	-0.056	0.336
8.007	-0.054	0.336
8.007	-0.054	0.336
8.007	-0.058	0.336
8.007	-0.058	0.336
8.007	-0.056	0.336
8.007	-0.056	0.336
8.007	-0.054	0.336
8.007	-0.054	0.336
8.008	-0.056	0.336
8.008	-0.056	0.336
8.008	-0.056	0.336
8.008	-0.056	0.336
8.008	-0.054	0.336
8.008	-0.054	0.336
8.008	-0.054	0.336
8.008	-0.054	0.336
8.008	-0.054	0.336
8.008	-0.054	0.336
8.009	-0.054	0.336
8.009	-0.054	0.336
8.009	-0.056	0.336
8.009	-0.056	0.336
8.009	-0.054	0.336
8.009	-0.054	0.336
8.009	-0.056	0.337
8.009	-0.056	0.337
8.009	-0.054	0.336
8.009	-0.054	0.336
8.010	-0.054	0.337
8.010	-0.054	0.337
8.010	-0.054	0.336
8.010	-0.054	0.336
8.010	-0.054	0.337
8.010	-0.054	0.337
8.010	-0.054	0.337
8.010	-0.054	0.337
8.010	-0.056	0.337
8.010	-0.056	0.337
8.011	-0.054	0.336
8.011	-0.054	0.336
8.011	-0.054	0.336
8.011	-0.054	0.336
8.011	-0.054	0.336
8.011	-0.054	0.336
8.011	-0.054	0.336
8.011	-0.054	0.336
8.011	-0.054	0.336
8.011	-0.054	0.336
8.012	-0.054	0.337
8.012	-0.054	0.337
8.012	-0.054	0.336
8.012	-0.054	0.336
8.012	-0.054	0.337
8.012	-0.054	0.337
8.012	-0.056	0.336
8.012	-0.056	0.336
8.012	-0.054	0.336
8.012	-0.054	0.336
8.013	-0.056	0.336
8.013	-0.056	0.336
8.013	-0.054	0.336
8.013	-0.054	0.336
8.013	-0.054	0.336
8.013	-0.054	0.336
8.013	-0.056	0.336
8.013	-0.056	0.336
8.013	-0.056	0.337
8.013	-0.056	0.337
8.014	-0.054	0.336
8.014	-0.054	0.336
8.014	-0.054	0.336
8.014	-0.054	0.336
8.014	-0.054	0.336
8.014	-0.054	0.336
8.014	-0.056	0.336
8.014	-0.056	0.336
8.014	-0.054	0.337
8.014	-0.054	0.337
8.015	-0.054	0.337
8.015	-0.054	0.337
8.015	-0.056	0.336
8.015	-0.056	0.336
8.015	-0.054	0.336
8.015	-0.054	0.336
8.015	-0.056	0.337
8.015	-0.056	0.337
8.015	-0.058	0.337
8.015	-0.058	0.337
8.016	-0.058	0.337
8.016	-0.058	0.337
8.016	-0.054	0.337
8.016	-0.054	0.337
8.016	-0.056	0.337
8.016	-0.056	0.337
8.016	-0.054	0.337
8.016	-0.054	0.337
8.016	-0.058	0.337
8.016	-0.058	0.337
8.017	-0.054	0.337
8.017	-0.054	0.337
8.017	-0.056	0.336
8.017	-0.056	0.336
8.017	-0.056	0.337
8.017	-0.056	0.337
8.017	-0.056	0.336
8.017	-0.056	0.336
8.017	-0.054	0.338
8.017	-0.054	0.338
8.018	-0.056	0.337
8.018	-0.056	0.337
8.018	-0.054	0.336
8.018	-0.054	0.336
8.018	-0.054	0.337
8.018	-0.054	0.337
8.018	-0.054	0.336
8.018	-0.054	0.336
8.018	-0.058	0.337
8.018	-0.058	0.337
8.019	-0.058	0.336
8.019	-0.058	0.336
8.019	-0.054	0.336
8.019	-0.054	0.336
8.019	-0.054	0.337
8.019	-0.054	0.337
8.019	-0.056	0.336
8.019	-0.056	0.336
8.019	-0.054	0.337
8.019	-0.054	0.337
8.020	-0.058	0.336
8.020	-0.058	0.336
8.020	-0.054	0.336
8.020	-0.054	0.336
8.020	-0.058	0.336
8.020	-0.058	0.336
8.020	-0.058	0.336
8.020	-0.058	0.336
8.020	-0.058	0.337
8.020	-0.058	0.337
8.021	-0.058	0.336
8.021	-0.058	0.336
8.021	-0.056	0.336
8.021	-0.056	0.336
8.021	-0.054	0.337
8.021	-0.054	0.337
8.021	-0.056	0.337
8.021	-0.056	0.337
8.021	-0.054	0.336
8.021	-0.054	0.336
8.022	-0.058	0.337
8.022	-0.058	0.337
8.022	-0.056	0.336
8.022	-0.056	0.336
8.022	-0.054	0.336
8.022	-0.054	0.336
8.022	-0.056	0.337
8.022	-0.056	0.337
8.022	-0.056	0.337
8.022	-0.056	0.337
8.023	-0.054	0.336
8.023	-0.054	0.336
8.023	-0.054	0.336
8.023	-0.054	0.336
8.023	-0.058	0.337
8.023	-0.058	0.337
8.023	-0.056	0.336
8.023	-0.056	0.336
8.023	-0.056	0.337
8.023	-0.056	0.337
8.024	-0.056	0.337
8.024	-0.056	0.337
8.024	-0.058	0.337
8.024	-0.058	0.337
8.024	-0.054	0.337
8.024	-0.054	0.337
8.024	-0.058	0.337
8.024	-0.058	0.337
8.024	-0.058	0.337
8.024	-0.058	0.337
8.025	-0.058	0.336
8.025	-0.058	0.336
8.025	-0.054	0.336
8.025	-0.054	0.336
8.025	-0.054	0.337
8.025	-0.054	0.337
8.025	-0.058	0.338
8.025	-0.058	0.338
8.025	-0.056	0.336
8.025	-0.056	0.336
8.026	-0.054	0.336
8.026	-0.054	0.336
8.026	-0.056	0.337
8.026	-0.056	0.337
8.026	-0.058	0.337
8.026	-0.058	0.337
8.026	-0.058	0.337
8.026	-0.058	0.337
8.026	-0.058	0.337
8.026	-0.058	0.337
8.027	-0.054	0.336
8.027	-0.054	0.336
8.027	-0.056	0.337
8.027	-0.056	0.337
8.027	-0.054	0.338
8.027	-0.054	0.338
8.027	-0.056	0.337
8.027	-0.056	0.337
8.027	-0.054	0.337
8.027	-0.054	0.337
8.028	-0.056	0.336
8.028	-0.056	0.336
8.028	-0.058	0.337
8.028	-0.058	0.337
8.028	-0.054	0.337
8.028	-0.054	0.337
8.028	-0.058	0.337
8.028	-0.058	0.337
8.028	-0.060	0.337
8.028	-0.060	0.337
8.029	-0.054	0.337
8.029	-0.054	0.337
8.029	-0.058	0.337
8.029	-0.058	0.337
8.029	-0.058	0.337
8.029	-0.058	0.337
8.029	-0.058	0.337
8.029	-0.058	0.337
8.029	-0.058	0.337
8.029	-0.058	0.337
8.030	-0.058	0.337
8.030	-0.058	0.337
8.030	-0.058	0.337
8.030	-0.058	0.337
8.030	-0.058	0.337
8.030	-0.058	0.337
8.030	-0.056	0.337
8.030	-0.056	0.337
8.030	-0.058	0.337
8.030	-0.058	0.337
8.031	-0.060	0.337
8.031	-0.060	0.337
8.031	-0.058	0.337
8.031	-0.058	0.337
8.031	-0.056	0.336
8.031	-0.056	0.336
8.031	-0.056	0.337
8.031	-0.056	0.337
8.031	-0.058	0.337
8.031	-0.058	0.337
8.032	-0.058	0.337
8.032	-0.058	0.337
8.032	-0.056	0.337
8.032	-0.056	0.337
8.032	-0.058	0.337
8.032	-0.058	0.337
8.032	-0.058	0.337
8.032	-0.058	0.337
8.032	-0.058	0.337
8.032	-0.058	0.337
8.033	-0.058	0.337
8.033	-0.058	0.337
8.033	-0.058	0.337
8.033	-0.058	0.337
8.033	-0.056	0.337
8.033	-0.056	0.337
8.033	-0.058	0.337
8.033	-0.058	0.337
8.033	-0.058	0.337
8.033	-0.058	0.337
8.034	-0.054	0.337
8.034	-0.054	0.337
8.034	-0.056	0.336
8.034	-0.056	0.336
8.034	-0.056	0.336
8.034	-0.056	0.336
8.034	-0.054	0.337
8.034	-0.054	0.337
8.034	-0.056	0.337
8.034	-0.056	0.337
8.035	-0.056	0.337
8.035	-0.056	0.337
8.035	-0.058	0.337
8.035	-0.058	0.337
8.035	-0.058	0.337
8.035	-0.058	0.337
8.035	-0.056	0.337
8.035	-0.056	0.337
8.035	-0.058	0.336
8.035	-0.058	0.336
8.036	-0.054	0.338
8.036	-0.054	0.338
8.036	-0.056	0.336
8.036	-0.056	0.336
8.036	-0.056	0.336
8.036	-0.056	0.336
8.036	-0.058	0.338
8.036	-0.058	0.338
8.036	-0.058	0.337
8.036	-0.058	0.337
8.037	-0.058	0.337
8.037	-0.058	0.337
8.037	-0.058	0.337
8.037	-0.058	0.337
8.037	-0.058	0.337
8.037	-0.058	0.337
8.037	-0.058	0.337
8.037	-0.058	0.337
8.037	-0.058	0.337
8.037	-0.058	0.337
8.038	-0.056	0.336
8.038	-0.056	0.336
8.038	-0.058	0.337
8.038	-0.058	0.337
8.038	-0.058	0.337
8.038	-0.058	0.337
8.038	-0.058	0.337
8.038	-0.058	0.337
8.038	-0.058	0.337
8.038	-0.058	0.337
8.039	-0.058	0.337
8.039	-0.058	0.337
8.039	-0.058	0.337
8.039	-0.058	0.337
8.039	-0.058	0.336
8.039	-0.058	0.336
8.039	-0.058	0.338
8.039	-0.058	0.338
8.039	-0.058	0.337
8.039	-0.058	0.337
8.040	-0.058	0.336
8.040	-0.058	0.336
8.040	-0.058	0.337
8.040	-0.058	0.337
8.040	-0.058	0.337
8.040	-0.058	0.337
8.040	-0.058	0.336
8.040	-0.058	0.336
8.040	-0.060	0.336
8.040	-0.060	0.336
8.041	-0.058	0.337
8.041	-0.058	0.337
8.041	-0.058	0.337
8.041	-0.058	0.337
8.041	-0.058	0.337
8.041	-0.058	0.337
8.041	-0.058	0.337
8.041	-0.058	0.337
8.041	-0.058	0.337
8.041	-0.058	0.337
8.042	-0.058	0.337
8.042	-0.058	0.337
8.042	-0.058	0.337
8.042	-0.058	0.337
8.042	-0.058	0.337
8.042	-0.058	0.337
8.042	-0.060	0.337
8.042	-0.060	0.337
8.042	-0.060	0.337
8.042	-0.060	0.337
8.043	-0.058	0.337
8.043	-0.058	0.337
8.043	-0.058	0.337
8.043	-0.058	0.337
8.043	-0.058	0.336
8.043	-0.058	0.336
8.043	-0.058	0.336
8.043	-0.058	0.336
8.043	-0.056	0.337
8.043	-0.056	0.337
8.044	-0.058	0.336
8.044	-0.058	0.336
8.044	-0.060	0.337
8.044	-0.060	0.337
8.044	-0.058	0.336
8.044	-0.058	0.336
8.044	-0.058	0.337
8.044	-0.058	0.337
8.044	-0.056	0.337
8.044	-0.056	0.337
8.045	-0.060	0.338
8.045	-0.060	0.338
8.045	-0.058	0.337
8.045	-0.058	0.337
8.045	-0.058	0.337
8.045	-0.058	0.337
8.045	-0.058	0.337
8.045	-0.058	0.337
8.045	-0.058	0.337
8.045	-0.058	0.337
8.046	-0.060	0.337
8.046	-0.060	0.337
8.046	-0.058	0.337
8.046	-0.058	0.337
8.046	-0.060	0.337
8.046	-0.060	0.337
8.046	-0.058	0.337
8.046	-0.058	0.337
8.046	-0.058	0.337
8.046	-0.058	0.337
8.047	-0.058	0.337
8.047	-0.058	0.337
8.047	-0.058	0.336
8.047	-0.058	0.336
8.047	-0.054	0.337
8.047	-0.054	0.337
8.047	-0.060	0.336
8.047	-0.060	0.336
8.047	-0.060	0.336
8.047	-0.060	0.336
8.048	-0.060	0.337
8.048	-0.060	0.337
8.048	-0.056	0.337
8.048	-0.056	0.337
8.048	-0.058	0.336
8.048	-0.058	0.336
8.048	-0.056	0.337
8.048	-0.056	0.337
8.048	-0.058	0.336
8.048	-0.058	0.336
8.049	-0.058	0.337
8.049	-0.058	0.337
8.049	-0.058	0.336
8.049	-0.058	0.336
8.049	-0.058	0.336
8.049	-0.058	0.336
8.049	-0.058	0.337
8.049	-0.058	0.337
8.049	-0.058	0.337
8.049	-0.058	0.337
8.050	-0.060	0.337
8.050	-0.060	0.337
8.050	-0.058	0.336
8.050	-0.058	0.336
8.050	-0.058	0.337
8.050	-0.058	0.337
8.050	-0.054	0.336
8.050	-0.054	0.336
8.050	-0.060	0.336
8.050	-0.060	0.336
8.051	-0.060	0.337
8.051	-0.060	0.337
8.051	-0.056	0.337
8.051	-0.056	0.337
8.051	-0.054	0.336
8.051	-0.054	0.336
8.051	-0.058	0.337
8.051	-0.058	0.337
8.051	-0.058	0.337
8.051	-0.058	0.337
8.052	-0.058	0.336
8.052	-0.058	0.336
8.052	-0.060	0.337
8.052	-0.060	0.337
8.052	-0.058	0.338
8.052	-0.058	0.338
8.052	-0.060	0.337
8.052	-0.060	0.337
8.052	-0.058	0.337
8.052	-0.058	0.337
8.053	-0.056	0.337
8.053	-0.056	0.337
8.053	-0.058	0.337
8.053	-0.058	0.337
8.053	-0.056	0.336
8.053	-0.056	0.336
8.053	-0.058	0.337
8.053	-0.058	0.337
8.053	-0.058	0.337
8.053	-0.058	0.337
8.054	-0.058	0.337
8.054	-0.058	0.337
8.054	-0.058	0.337
8.054	-0.058	0.337
8.054	-0.058	0.337
8.054	-0.058	0.337
8.054	-0.060	0.337
8.054	-0.060	0.337
8.054	-0.058	0.336
8.054	-0.058	0.336
8.055	-0.058	0.337
8.055	-0.058	0.337
8.055	-0.060	0.337
8.055	-0.060	0.337
8.055	-0.056	0.336
8.055	-0.056	0.336
8.055	-0.060	0.336
8.055	-0.060	0.336
8.055	-0.058	0.337
8.055	-0.058	0.337
8.056	-0.060	0.337
8.056	-0.060	0.337
8.056	-0.060	0.337
8.056	-0.060	0.337
8.056	-0.060	0.337
8.056	-0.060	0.337
8.056	-0.060	0.337
8.056	-0.060	0.337
8.056	-0.056	0.336
8.056	-0.056	0.336
8.057	-0.060	0.336
8.057	-0.060	0.336
8.057	-0.062	0.336
8.057	-0.062	0.336
8.057	-0.060	0.337
8.057	-0.060	0.337
8.057	-0.060	0.337
8.057	-0.060	0.337
8.057	-0.060	0.336
8.057	-0.060	0.336
8.058	-0.058	0.336
8.058	-0.058	0.336
8.058	-0.060	0.336
8.058	-0.060	0.336
8.058	-0.060	0.337
8.058	-0.060	0.337
8.058	-0.060	0.337
8.058	-0.060	0.337
8.058	-0.058	0.336
8.058	-0.058	0.336
8.059	-0.060	0.336
8.059	-0.060	0.336
8.059	-0.060	0.337
8.059	-0.060	0.337
8.059	-0.058	0.337
8.059	-0.058	0.337
8.059	-0.060	0.337
8.059	-0.060	0.337
8.059	-0.058	0.337
8.059	-0.058	0.337
8.060	-0.058	0.336
8.060	-0.058	0.336
8.060	-0.058	0.337
8.060	-0.058	0.337
8.060	-0.056	0.337
8.060	-0.056	0.337
8.060	-0.056	0.336
8.060	-0.056	0.336
8.060	-0.058	0.336
8.060	-0.058	0.336
8.061	-0.058	0.336
8.061	-0.058	0.336
8.061	-0.060	0.337
8.061	-0.060	0.337
8.061	-0.058	0.336
8.061	-0.058	0.336
8.061	-0.058	0.337
8.061	-0.058	0.337
8.061	-0.058	0.337
8.061	-0.058	0.337
8.062	-0.058	0.336
8.062	-0.058	0.336
8.062	-0.058	0.337
8.062	-0.058	0.337
8.062	-0.056	0.336
8.062	-0.056	0.336
8.062	-0.060	0.337
8.062	-0.060	0.337
8.062	-0.058	0.336
8.062	-0.058	0.336
8.063	-0.058	0.337
8.063	-0.058	0.337
8.063	-0.056	0.336
8.063	-0.056	0.336
8.063	-0.060	0.336
8.063	-0.060	0.336
8.063	-0.060	0.336
8.063	-0.060	0.336
8.063	-0.058	0.336
8.063	-0.058	0.336
8.064	-0.058	0.337
8.064	-0.058	0.337
8.064	-0.058	0.336
8.064	-0.058	0.336
8.064	-0.060	0.337
8.064	-0.060	0.337
8.064	-0.060	0.337
8.064	-0.060	0.337
8.064	-0.058	0.336
8.064	-0.058	0.336
8.065	-0.060	0.336
8.065	-0.060	0.336
8.065	-0.060	0.336
8.065	-0.060	0.336
8.065	-0.060	0.336
8.065	-0.060	0.336
8.065	-0.062	0.336
8.065	-0.062	0.336
8.065	-0.060	0.336
8.065	-0.060	0.336
8.066	-0.060	0.336
8.066	-0.060	0.336
8.066	-0.058	0.336
8.066	-0.058	0.336
8.066	-0.060	0.336
8.066	-0.060	0.336
8.066	-0.058	0.336
8.066	-0.058	0.336
8.066	-0.058	0.337
8.066	-0.058	0.337
8.067	-0.060	0.336
8.067	-0.060	0.336
8.067	-0.062	0.336
8.067	-0.062	0.336
8.067	-0.058	0.336
8.067	-0.058	0.336
8.067	-0.058	0.336
8.067	-0.058	0.336
8.067	-0.060	0.336
8.067	-0.060	0.336
8.068	-0.058	0.336
8.068	-0.058	0.336
8.068	-0.060	0.337
8.068	-0.060	0.337
8.068	-0.058	0.336
8.068	-0.058	0.336
8.068	-0.060	0.337
8.068	-0.060	0.337
8.068	-0.060	0.336
8.068	-0.060	0.336
8.069	-0.058	0.336
8.069	-0.058	0.336
8.069	-0.058	0.337
8.069	-0.058	0.337
8.069	-0.060	0.336
8.069	-0.060	0.336
8.069	-0.060	0.337
8.069	-0.060	0.337
8.069	-0.060	0.336
8.069	-0.060	0.336
8.070	-0.058	0.336
8.070	-0.058	0.336
8.070	-0.058	0.336
8.070	-0.058	0.336
8.070	-0.060	0.336
8.070	-0.060	0.336
8.070	-0.058	0.336
8.070	-0.058	0.336
8.070	-0.058	0.336
8.070	-0.058	0.336
8.071	-0.062	0.337
8.071	-0.062	0.337
8.071	-0.060	0.336
8.071	-0.060	0.336
8.071	-0.058	0.337
8.071	-0.058	0.337
8.071	-0.060	0.337
8.071	-0.060	0.337
8.071	-0.060	0.336
8.071	-0.060	0.336
8.072	-0.060	0.336
8.072	-0.060	0.336
8.072	-0.060	0.336
8.072	-0.060	0.336
8.072	-0.060	0.337
8.072	-0.060	0.337
8.072	-0.060	0.336
8.072	-0.060	0.336
8.072	-0.060	0.336
8.072	-0.060	0.336
8.073	-0.060	0.336
8.073	-0.060	0.336
8.073	-0.060	0.336
8.073	-0.060	0.336
8.073	-0.060	0.336
8.073	-0.060	0.336
8.073	-0.060	0.336
8.073	-0.060	0.336
8.073	-0.060	0.336
8.073	-0.060	0.336
8.074	-0.060	0.337
8.074	-0.060	0.337
8.074	-0.060	0.337
8.074	-0.060	0.337
8.074	-0.058	0.336
8.074	-0.058	0.336
8.074	-0.060	0.337
8.074	-0.060	0.337
8.074	-0.060	0.336
8.074	-0.060	0.336
8.075	-0.060	0.336
8.075	-0.060	0.336
8.075	-0.062	0.336
8.075	-0.062	0.336
8.075	-0.060	0.336
8.075	-0.060	0.336
8.075	-0.060	0.336
8.075	-0.060	0.336
8.075	-0.062	0.336
8.075	-0.062	0.336
8.076	-0.062	0.336
8.076	-0.062	0.336
8.076	-0.062	0.336
8.076	-0.062	0.336
8.076	-0.060	0.336
8.076	-0.060	0.336
8.076	-0.058	0.336
8.076	-0.058	0.336
8.076	-0.060	0.336
8.076	-0.060	0.336
8.077	-0.062	0.336
8.077	-0.062	0.336
8.077	-0.060	0.336
8.077	-0.060	0.336
8.077	-0.060	0.336
8.077	-0.060	0.336
8.077	-0.060	0.336
8.077	-0.060	0.336
8.077	-0.060	0.336
8.077	-0.060	0.336
8.078	-0.058	0.336
8.078	-0.058	0.336
8.078	-0.062	0.336
8.078	-0.062	0.336
8.078	-0.060	0.336
8.078	-0.060	0.336
8.078	-0.062	0.337
8.078	-0.062	0.337
8.078	-0.060	0.336
8.078	-0.060	0.336
8.079	-0.062	0.336
8.079	-0.062	0.336
8.079	-0.060	0.336
8.079	-0.060	0.336
8.079	-0.058	0.336
8.079	-0.058	0.336
8.079	-0.060	0.336
8.079	-0.060	0.336
8.079	-0.058	0.336
8.079	-0.058	0.336
8.080	-0.058	0.336
8.080	-0.058	0.336
8.080	-0.062	0.336
8.080	-0.062	0.336
8.080	-0.062	0.336
8.080	-0.062	0.336
8.080	-0.062	0.336
8.080	-0.062	0.336
8.080	-0.058	0.336
8.080	-0.058	0.336
8.081	-0.060	0.336
8.081	-0.060	0.336
8.081	-0.060	0.336
8.081	-0.060	0.336
8.081	-0.062	0.336
8.081	-0.062	0.336
8.081	-0.060	0.336
8.081	-0.060	0.336
8.081	-0.062	0.336
8.081	-0.062	0.336
8.082	-0.060	0.336
8.082	-0.060	0.336
8.082	-0.062	0.336
8.082	-0.062	0.336
8.082	-0.060	0.336
8.082	-0.060	0.336
8.082	-0.060	0.336
8.082	-0.060	0.336
8.082	-0.058	0.336
8.082	-0.058	0.336
8.083	-0.060	0.336
8.083	-0.060	0.336
8.083	-0.062	0.337
8.083	-0.062	0.337
8.083	-0.062	0.336
8.083	-0.062	0.336
8.083	-0.058	0.336
8.083	-0.058	0.336
8.083	-0.060	0.336
8.083	-0.060	0.336
8.084	-0.060	0.336
8.084	-0.060	0.336
8.084	-0.060	0.336
8.084	-0.060	0.336
8.084	-0.060	0.336
