7.689	-0.036	0.407
7.689	-0.036	0.407
7.689	-0.036	0.407
7.689	-0.032	0.408
7.689	-0.032	0.408
7.690	-0.034	0.407
7.690	-0.034	0.407
7.690	-0.038	0.408
7.690	-0.038	0.408
7.690	-0.034	0.408
7.690	-0.034	0.408
7.690	-0.034	0.407
7.690	-0.034	0.407
7.690	-0.034	0.407
7.690	-0.034	0.407
7.691	-0.036	0.408
7.691	-0.036	0.408
7.691	-0.036	0.407
7.691	-0.036	0.407
7.691	-0.034	0.408
7.691	-0.034	0.408
7.691	-0.032	0.407
7.691	-0.032	0.407
7.691	-0.036	0.408
7.691	-0.036	0.408
7.692	-0.034	0.408
7.692	-0.034	0.408
7.692	-0.034	0.408
7.692	-0.034	0.408
7.692	-0.036	0.407
7.692	-0.036	0.407
7.692	-0.034	0.407
7.692	-0.034	0.407
7.692	-0.034	0.408
7.692	-0.034	0.408
7.693	-0.034	0.407
7.693	-0.034	0.407
7.693	-0.034	0.407
7.693	-0.034	0.407
7.693	-0.034	0.407
7.693	-0.034	0.407
7.693	-0.034	0.408
7.693	-0.034	0.408
7.693	-0.034	0.407
7.693	-0.034	0.407
7.694	-0.036	0.407
7.694	-0.036	0.407
7.694	-0.036	0.407
7.694	-0.036	0.407
7.694	-0.036	0.407
7.694	-0.036	0.407
7.694	-0.036	0.407
7.694	-0.036	0.407
7.694	-0.034	0.408
7.694	-0.034	0.408
7.695	-0.036	0.408
7.695	-0.036	0.408
7.695	-0.034	0.408
7.695	-0.034	0.408
7.695	-0.036	0.408
7.695	-0.036	0.408
7.695	-0.036	0.407
7.695	-0.036	0.407
7.695	-0.036	0.408
7.695	-0.036	0.408
7.696	-0.036	0.408
7.696	-0.036	0.408
7.696	-0.034	0.408
7.696	-0.034	0.408
7.696	-0.034	0.407
7.696	-0.034	0.407
7.696	-0.036	0.407
7.696	-0.036	0.407
7.696	-0.036	0.407
7.696	-0.036	0.407
7.697	-0.036	0.407
7.697	-0.036	0.407
7.697	-0.034	0.408
7.697	-0.034	0.408
7.697	-0.034	0.408
7.697	-0.034	0.408
7.697	-0.036	0.407
7.697	-0.036	0.407
7.697	-0.032	0.407
7.697	-0.032	0.407
7.698	-0.034	0.407
7.698	-0.034	0.407
7.698	-0.036	0.408
7.698	-0.036	0.408
7.698	-0.036	0.407
7.698	-0.036	0.407
7.698	-0.034	0.407
7.698	-0.034	0.407
7.698	-0.034	0.407
7.698	-0.034	0.407
7.699	-0.034	0.407
7.699	-0.034	0.407
7.699	-0.036	0.407
7.699	-0.036	0.407
7.699	-0.036	0.407
7.699	-0.036	0.407
7.699	-0.038	0.407
7.699	-0.038	0.407
7.699	-0.036	0.407
7.699	-0.036	0.407
7.700	-0.034	0.408
7.700	-0.034	0.408
7.700	-0.036	0.407
7.700	-0.036	0.407
7.700	-0.036	0.407
7.700	-0.036	0.407
7.700	-0.036	0.407
7.700	-0.036	0.407
7.700	-0.034	0.407
7.700	-0.034	0.407
7.701	-0.036	0.408
7.701	-0.036	0.408
7.701	-0.036	0.407
7.701	-0.036	0.407
7.701	-0.034	0.407
7.701	-0.034	0.407
7.701	-0.036	0.407
7.701	-0.036	0.407
7.701	-0.036	0.407
7.701	-0.036	0.407
7.702	-0.034	0.407
7.702	-0.034	0.407
7.702	-0.034	0.407
7.702	-0.034	0.407
7.702	-0.036	0.407
7.702	-0.036	0.407
7.702	-0.036	0.407
7.702	-0.036	0.407
7.702	-0.036	0.407
7.702	-0.036	0.407
7.703	-0.036	0.406
7.703	-0.036	0.406
7.703	-0.034	0.407
7.703	-0.034	0.407
7.703	-0.034	0.407
7.703	-0.034	0.407
7.703	-0.036	0.407
7.703	-0.036	0.407
7.703	-0.036	0.407
7.703	-0.036	0.407
7.704	-0.036	0.407
7.704	-0.036	0.407
7.704	-0.036	0.407
7.704	-0.036	0.407
7.704	-0.034	0.408
7.704	-0.034	0.408
7.704	-0.034	0.408
7.704	-0.034	0.408
7.704	-0.034	0.406
7.704	-0.034	0.406
7.705	-0.036	0.407
7.705	-0.036	0.407
7.705	-0.038	0.407
7.705	-0.038	0.407
7.705	-0.038	0.407
7.705	-0.038	0.407
7.705	-0.034	0.407
7.705	-0.034	0.407
7.705	-0.034	0.407
7.705	-0.034	0.407
7.706	-0.036	0.407
7.706	-0.036	0.407
7.706	-0.036	0.407
7.706	-0.036	0.407
7.706	-0.036	0.407
7.706	-0.036	0.407
7.706	-0.036	0.407
7.706	-0.036	0.407
7.706	-0.038	0.407
7.706	-0.038	0.407
7.707	-0.036	0.407
7.707	-0.036	0.407
7.707	-0.036	0.407
7.707	-0.036	0.407
7.707	-0.038	0.407
7.707	-0.038	0.407
7.707	-0.034	0.407
7.707	-0.034	0.407
7.707	-0.038	0.407
7.707	-0.038	0.407
7.708	-0.036	0.406
7.708	-0.036	0.406
7.708	-0.036	0.407
7.708	-0.036	0.407
7.708	-0.036	0.407
7.708	-0.036	0.407
7.708	-0.038	0.407
7.708	-0.038	0.407
7.708	-0.036	0.407
7.708	-0.036	0.407
7.709	-0.036	0.406
7.709	-0.036	0.406
7.709	-0.036	0.406
7.709	-0.036	0.406
7.709	-0.036	0.407
7.709	-0.036	0.407
7.709	-0.036	0.407
7.709	-0.036	0.407
7.709	-0.032	0.407
7.709	-0.032	0.407
7.710	-0.034	0.407
7.710	-0.034	0.407
7.710	-0.038	0.407
7.710	-0.038	0.407
7.710	-0.036	0.406
7.710	-0.036	0.406
7.710	-0.036	0.407
7.710	-0.036	0.407
7.710	-0.036	0.407
7.710	-0.036	0.407
7.711	-0.036	0.406
7.711	-0.036	0.406
7.711	-0.036	0.407
7.711	-0.036	0.407
7.711	-0.036	0.406
7.711	-0.036	0.406
7.711	-0.036	0.407
7.711	-0.036	0.407
7.711	-0.036	0.407
7.711	-0.036	0.407
7.712	-0.038	0.407
7.712	-0.038	0.407
7.712	-0.038	0.407
7.712	-0.038	0.407
7.712	-0.036	0.406
7.712	-0.036	0.406
7.712	-0.036	0.407
7.712	-0.036	0.407
7.712	-0.038	0.407
7.712	-0.038	0.407
7.713	-0.034	0.407
7.713	-0.034	0.407
7.713	-0.038	0.406
7.713	-0.038	0.406
7.713	-0.034	0.406
7.713	-0.034	0.406
7.713	-0.036	0.407
7.713	-0.036	0.407
7.713	-0.036	0.406
7.713	-0.036	0.406
7.714	-0.038	0.407
7.714	-0.038	0.407
7.714	-0.036	0.406
7.714	-0.036	0.406
7.714	-0.038	0.406
7.714	-0.038	0.406
7.714	-0.036	0.407
7.714	-0.036	0.407
7.714	-0.036	0.406
7.714	-0.036	0.406
7.715	-0.034	0.406
7.715	-0.034	0.406
7.715	-0.036	0.406
7.715	-0.036	0.406
7.715	-0.036	0.406
7.715	-0.036	0.406
7.715	-0.036	0.406
7.715	-0.036	0.406
7.715	-0.038	0.406
7.715	-0.038	0.406
7.716	-0.038	0.406
7.716	-0.038	0.406
7.716	-0.038	0.406
7.716	-0.038	0.406
7.716	-0.036	0.406
7.716	-0.036	0.406
7.716	-0.038	0.406
7.716	-0.038	0.406
7.716	-0.036	0.407
7.716	-0.036	0.407
7.717	-0.036	0.406
7.717	-0.036	0.406
7.717	-0.036	0.406
7.717	-0.036	0.406
7.717	-0.036	0.406
7.717	-0.036	0.406
7.717	-0.036	0.406
7.717	-0.036	0.406
7.717	-0.036	0.406
7.717	-0.036	0.406
7.718	-0.038	0.407
7.718	-0.038	0.407
7.718	-0.036	0.406
7.718	-0.036	0.406
7.718	-0.038	0.406
7.718	-0.038	0.406
7.718	-0.036	0.406
7.718	-0.036	0.406
7.718	-0.036	0.406
7.718	-0.036	0.406
7.719	-0.034	0.406
7.719	-0.034	0.406
7.719	-0.038	0.406
7.719	-0.038	0.406
7.719	-0.036	0.406
7.719	-0.036	0.406
7.719	-0.036	0.406
7.719	-0.036	0.406
7.719	-0.036	0.406
7.719	-0.036	0.406
7.720	-0.038	0.406
7.720	-0.038	0.406
7.720	-0.036	0.407
7.720	-0.036	0.407
7.720	-0.036	0.407
7.720	-0.036	0.407
7.720	-0.038	0.406
7.720	-0.038	0.406
7.720	-0.038	0.406
7.720	-0.038	0.406
7.721	-0.036	0.407
7.721	-0.036	0.407
7.721	-0.036	0.406
7.721	-0.036	0.406
7.721	-0.038	0.405
7.721	-0.038	0.405
7.721	-0.036	0.406
7.721	-0.036	0.406
7.721	-0.034	0.406
7.721	-0.034	0.406
7.722	-0.038	0.406
7.722	-0.038	0.406
7.722	-0.038	0.406
7.722	-0.038	0.406
7.722	-0.038	0.406
7.722	-0.038	0.406
7.722	-0.038	0.406
7.722	-0.038	0.406
7.722	-0.038	0.406
7.722	-0.038	0.406
7.723	-0.038	0.405
7.723	-0.038	0.405
7.723	-0.038	0.406
7.723	-0.038	0.406
7.723	-0.038	0.406
7.723	-0.038	0.406
7.723	-0.036	0.406
7.723	-0.036	0.406
7.723	-0.038	0.406
7.723	-0.038	0.406
7.724	-0.038	0.406
7.724	-0.038	0.406
7.724	-0.036	0.406
7.724	-0.036	0.406
7.724	-0.036	0.406
7.724	-0.036	0.406
7.724	-0.036	0.406
7.724	-0.036	0.406
7.724	-0.038	0.405
7.724	-0.038	0.405
7.725	-0.036	0.406
7.725	-0.036	0.406
7.725	-0.038	0.405
7.725	-0.038	0.405
7.725	-0.036	0.405
7.725	-0.036	0.405
7.725	-0.036	0.405
7.725	-0.036	0.405
7.725	-0.038	0.405
7.725	-0.038	0.405
7.726	-0.038	0.406
7.726	-0.038	0.406
7.726	-0.038	0.406
7.726	-0.038	0.406
7.726	-0.036	0.405
7.726	-0.036	0.405
7.726	-0.036	0.406
7.726	-0.036	0.406
7.726	-0.038	0.405
7.726	-0.038	0.405
7.727	-0.038	0.405
7.727	-0.038	0.405
7.727	-0.036	0.406
7.727	-0.036	0.406
7.727	-0.038	0.405
7.727	-0.038	0.405
7.727	-0.040	0.405
7.727	-0.040	0.405
7.727	-0.036	0.406
7.727	-0.036	0.406
7.728	-0.038	0.406
7.728	-0.038	0.406
7.728	-0.036	0.406
7.728	-0.036	0.406
7.728	-0.036	0.406
7.728	-0.036	0.406
7.728	-0.038	0.405
7.728	-0.038	0.405
7.728	-0.036	0.406
7.728	-0.036	0.406
7.729	-0.038	0.405
7.729	-0.038	0.405
7.729	-0.036	0.405
7.729	-0.036	0.405
7.729	-0.038	0.406
7.729	-0.038	0.406
7.729	-0.038	0.406
7.729	-0.038	0.406
7.729	-0.036	0.406
7.729	-0.036	0.406
7.730	-0.036	0.405
7.730	-0.036	0.405
7.730	-0.038	0.406
7.730	-0.038	0.406
7.730	-0.036	0.405
7.730	-0.036	0.405
7.730	-0.038	0.405
7.730	-0.038	0.405
7.730	-0.038	0.406
7.730	-0.038	0.406
7.731	-0.038	0.405
7.731	-0.038	0.405
7.731	-0.038	0.405
7.731	-0.038	0.405
7.731	-0.038	0.405
7.731	-0.038	0.405
7.731	-0.038	0.405
7.731	-0.038	0.405
7.731	-0.038	0.405
7.731	-0.038	0.405
7.732	-0.036	0.405
7.732	-0.036	0.405
7.732	-0.038	0.405
7.732	-0.038	0.405
7.732	-0.038	0.405
7.732	-0.038	0.405
7.732	-0.038	0.405
7.732	-0.038	0.405
7.732	-0.038	0.405
7.732	-0.038	0.405
7.733	-0.036	0.406
7.733	-0.036	0.406
7.733	-0.040	0.405
7.733	-0.040	0.405
7.733	-0.038	0.406
7.733	-0.038	0.406
7.733	-0.038	0.405
7.733	-0.038	0.405
7.733	-0.036	0.405
7.733	-0.036	0.405
7.734	-0.036	0.405
7.734	-0.036	0.405
7.734	-0.038	0.405
7.734	-0.038	0.405
7.734	-0.038	0.405
7.734	-0.038	0.405
7.734	-0.036	0.405
7.734	-0.036	0.405
7.734	-0.038	0.405
7.734	-0.038	0.405
7.735	-0.038	0.405
7.735	-0.038	0.405
7.735	-0.038	0.405
7.735	-0.038	0.405
7.735	-0.040	0.405
7.735	-0.040	0.405
7.735	-0.038	0.405
7.735	-0.038	0.405
7.735	-0.038	0.405
7.735	-0.038	0.405
7.736	-0.038	0.406
7.736	-0.038	0.406
7.736	-0.036	0.405
7.736	-0.036	0.405
7.736	-0.036	0.405
7.736	-0.036	0.405
7.736	-0.038	0.405
7.736	-0.038	0.405
7.736	-0.042	0.405
7.736	-0.042	0.405
7.737	-0.036	0.405
7.737	-0.036	0.405
7.737	-0.038	0.406
7.737	-0.038	0.406
7.737	-0.038	0.406
7.737	-0.038	0.406
7.737	-0.038	0.406
7.737	-0.038	0.406
7.737	-0.038	0.405
7.737	-0.038	0.405
7.738	-0.038	0.405
7.738	-0.038	0.405
7.738	-0.036	0.405
7.738	-0.036	0.405
7.738	-0.038	0.405
7.738	-0.038	0.405
7.738	-0.038	0.405
7.738	-0.038	0.405
7.738	-0.038	0.404
7.738	-0.038	0.404
7.739	-0.040	0.404
7.739	-0.040	0.404
7.739	-0.036	0.405
7.739	-0.036	0.405
7.739	-0.038	0.405
7.739	-0.038	0.405
7.739	-0.036	0.405
7.739	-0.036	0.405
7.739	-0.040	0.404
7.739	-0.040	0.404
7.740	-0.038	0.405
7.740	-0.038	0.405
7.740	-0.036	0.405
7.740	-0.036	0.405
7.740	-0.038	0.405
7.740	-0.038	0.405
7.740	-0.038	0.404
7.740	-0.038	0.404
7.740	-0.038	0.405
7.740	-0.038	0.405
7.741	-0.040	0.404
7.741	-0.040	0.404
7.741	-0.038	0.405
7.741	-0.038	0.405
7.741	-0.036	0.405
7.741	-0.036	0.405
7.741	-0.038	0.405
7.741	-0.038	0.405
7.741	-0.038	0.405
7.741	-0.038	0.405
7.742	-0.038	0.405
7.742	-0.038	0.405
7.742	-0.038	0.404
7.742	-0.038	0.404
7.742	-0.038	0.405
7.742	-0.038	0.405
7.742	-0.038	0.405
7.742	-0.038	0.405
7.742	-0.038	0.405
7.742	-0.038	0.405
7.743	-0.038	0.405
7.743	-0.038	0.405
7.743	-0.038	0.405
7.743	-0.038	0.405
7.743	-0.040	0.404
7.743	-0.040	0.404
7.743	-0.038	0.404
7.743	-0.038	0.404
7.743	-0.038	0.405
7.743	-0.038	0.405
7.744	-0.038	0.404
7.744	-0.038	0.404
7.744	-0.038	0.404
7.744	-0.038	0.404
7.744	-0.038	0.404
7.744	-0.038	0.404
7.744	-0.040	0.405
7.744	-0.040	0.405
7.744	-0.038	0.404
7.744	-0.038	0.404
7.745	-0.038	0.404
7.745	-0.038	0.404
7.745	-0.036	0.404
7.745	-0.036	0.404
7.745	-0.040	0.404
7.745	-0.040	0.404
7.745	-0.038	0.404
7.745	-0.038	0.404
7.745	-0.038	0.404
7.745	-0.038	0.404
7.746	-0.038	0.404
7.746	-0.038	0.404
7.746	-0.042	0.404
7.746	-0.042	0.404
7.746	-0.040	0.405
7.746	-0.040	0.405
7.746	-0.038	0.405
7.746	-0.038	0.405
7.746	-0.038	0.404
7.746	-0.038	0.404
7.747	-0.038	0.404
7.747	-0.038	0.404
7.747	-0.038	0.404
7.747	-0.038	0.404
7.747	-0.042	0.404
7.747	-0.042	0.404
7.747	-0.038	0.405
7.747	-0.038	0.405
7.747	-0.038	0.404
7.747	-0.038	0.404
7.748	-0.038	0.404
7.748	-0.038	0.404
7.748	-0.038	0.404
7.748	-0.038	0.404
7.748	-0.038	0.404
7.748	-0.038	0.404
7.748	-0.038	0.404
7.748	-0.038	0.404
7.748	-0.038	0.404
7.748	-0.038	0.404
7.749	-0.038	0.404
7.749	-0.038	0.404
7.749	-0.038	0.404
7.749	-0.038	0.404
7.749	-0.038	0.404
7.749	-0.038	0.404
7.749	-0.038	0.404
7.749	-0.038	0.404
7.749	-0.038	0.404
7.749	-0.038	0.404
7.750	-0.038	0.404
7.750	-0.038	0.404
7.750	-0.038	0.404
7.750	-0.038	0.404
7.750	-0.042	0.404
7.750	-0.042	0.404
7.750	-0.040	0.404
7.750	-0.040	0.404
7.750	-0.038	0.404
7.750	-0.038	0.404
7.751	-0.038	0.404
7.751	-0.038	0.404
7.751	-0.038	0.404
7.751	-0.038	0.404
7.751	-0.040	0.404
7.751	-0.040	0.404
7.751	-0.038	0.404
7.751	-0.038	0.404
7.751	-0.040	0.404
7.751	-0.040	0.404
7.752	-0.040	0.404
7.752	-0.040	0.404
7.752	-0.038	0.404
7.752	-0.038	0.404
7.752	-0.038	0.404
7.752	-0.038	0.404
7.752	-0.038	0.404
7.752	-0.038	0.404
7.752	-0.038	0.404
7.752	-0.038	0.404
7.753	-0.038	0.404
7.753	-0.038	0.404
7.753	-0.038	0.404
7.753	-0.038	0.404
7.753	-0.038	0.404
7.753	-0.038	0.404
7.753	-0.038	0.404
7.753	-0.038	0.404
7.753	-0.038	0.404
7.753	-0.038	0.404
7.754	-0.042	0.404
7.754	-0.042	0.404
7.754	-0.038	0.404
7.754	-0.038	0.404
7.754	-0.040	0.404
7.754	-0.040	0.404
7.754	-0.038	0.404
7.754	-0.038	0.404
7.754	-0.038	0.404
7.754	-0.038	0.404
7.755	-0.038	0.404
7.755	-0.038	0.404
7.755	-0.038	0.404
7.755	-0.038	0.404
7.755	-0.040	0.404
7.755	-0.040	0.404
7.755	-0.038	0.404
7.755	-0.038	0.404
7.755	-0.038	0.404
7.755	-0.038	0.404
7.756	-0.040	0.404
7.756	-0.040	0.404
7.756	-0.040	0.404
7.756	-0.040	0.404
7.756	-0.038	0.404
7.756	-0.038	0.404
7.756	-0.040	0.404
7.756	-0.040	0.404
7.756	-0.038	0.404
7.756	-0.038	0.404
7.757	-0.038	0.404
7.757	-0.038	0.404
7.757	-0.038	0.404
7.757	-0.038	0.404
7.757	-0.038	0.404
7.757	-0.038	0.404
7.757	-0.038	0.404
7.757	-0.038	0.404
7.757	-0.040	0.403
7.757	-0.040	0.403
7.758	-0.038	0.404
7.758	-0.038	0.404
7.758	-0.038	0.404
7.758	-0.038	0.404
7.758	-0.038	0.404
7.758	-0.038	0.404
7.758	-0.040	0.404
7.758	-0.040	0.404
7.758	-0.038	0.404
7.758	-0.038	0.404
7.759	-0.040	0.404
7.759	-0.040	0.404
7.759	-0.042	0.403
7.759	-0.042	0.403
7.759	-0.040	0.403
7.759	-0.040	0.403
7.759	-0.038	0.404
7.759	-0.038	0.404
7.759	-0.038	0.404
7.759	-0.038	0.404
7.760	-0.042	0.403
7.760	-0.042	0.403
7.760	-0.042	0.404
7.760	-0.042	0.404
7.760	-0.038	0.404
7.760	-0.038	0.404
7.760	-0.042	0.404
7.760	-0.042	0.404
7.760	-0.040	0.404
7.760	-0.040	0.404
7.761	-0.038	0.404
7.761	-0.038	0.404
7.761	-0.038	0.404
7.761	-0.038	0.404
7.761	-0.038	0.404
7.761	-0.038	0.404
7.761	-0.038	0.404
7.761	-0.038	0.404
7.761	-0.040	0.404
7.761	-0.040	0.404
7.762	-0.038	0.403
7.762	-0.038	0.403
7.762	-0.038	0.403
7.762	-0.038	0.403
7.762	-0.038	0.404
7.762	-0.038	0.404
7.762	-0.042	0.404
7.762	-0.042	0.404
7.762	-0.042	0.403
7.762	-0.042	0.403
7.763	-0.040	0.404
7.763	-0.040	0.404
7.763	-0.042	0.404
7.763	-0.042	0.404
7.763	-0.038	0.404
7.763	-0.038	0.404
7.763	-0.038	0.404
7.763	-0.038	0.404
7.763	-0.040	0.403
7.763	-0.040	0.403
7.764	-0.038	0.403
7.764	-0.038	0.403
7.764	-0.042	0.404
7.764	-0.042	0.404
7.764	-0.038	0.403
7.764	-0.038	0.403
7.764	-0.042	0.403
7.764	-0.042	0.403
7.764	-0.040	0.404
7.764	-0.040	0.404
7.765	-0.042	0.403
7.765	-0.042	0.403
7.765	-0.040	0.403
7.765	-0.040	0.403
7.765	-0.038	0.403
7.765	-0.038	0.403
7.765	-0.038	0.403
7.765	-0.038	0.403
7.765	-0.040	0.403
7.765	-0.040	0.403
7.766	-0.040	0.404
7.766	-0.040	0.404
7.766	-0.038	0.403
7.766	-0.038	0.403
7.766	-0.040	0.404
7.766	-0.040	0.404
7.766	-0.042	0.403
7.766	-0.042	0.403
7.766	-0.038	0.404
7.766	-0.038	0.404
7.767	-0.042	0.403
7.767	-0.042	0.403
7.767	-0.040	0.403
7.767	-0.040	0.403
7.767	-0.040	0.403
7.767	-0.040	0.403
7.767	-0.038	0.403
7.767	-0.038	0.403
7.767	-0.042	0.402
7.767	-0.042	0.402
7.768	-0.042	0.402
7.768	-0.042	0.402
7.768	-0.040	0.402
7.768	-0.040	0.402
7.768	-0.040	0.403
7.768	-0.040	0.403
7.768	-0.040	0.402
7.768	-0.040	0.402
7.768	-0.038	0.403
7.768	-0.038	0.403
7.769	-0.040	0.403
7.769	-0.040	0.403
7.769	-0.042	0.403
7.769	-0.042	0.403
7.769	-0.040	0.402
7.769	-0.040	0.402
7.769	-0.042	0.402
7.769	-0.042	0.402
7.769	-0.038	0.403
7.769	-0.038	0.403
7.770	-0.040	0.402
7.770	-0.040	0.402
7.770	-0.040	0.403
7.770	-0.040	0.403
7.770	-0.038	0.403
7.770	-0.038	0.403
7.770	-0.042	0.402
7.770	-0.042	0.402
7.770	-0.040	0.403
7.770	-0.040	0.403
7.771	-0.042	0.403
7.771	-0.042	0.403
7.771	-0.042	0.403
7.771	-0.042	0.403
7.771	-0.040	0.402
7.771	-0.040	0.402
7.771	-0.038	0.403
7.771	-0.038	0.403
7.771	-0.040	0.402
7.771	-0.040	0.402
7.772	-0.040	0.402
7.772	-0.040	0.402
7.772	-0.042	0.403
7.772	-0.042	0.403
7.772	-0.042	0.402
7.772	-0.042	0.402
7.772	-0.038	0.403
7.772	-0.038	0.403
7.772	-0.040	0.402
7.772	-0.040	0.402
7.773	-0.040	0.403
7.773	-0.040	0.403
7.773	-0.042	0.402
7.773	-0.042	0.402
7.773	-0.040	0.402
7.773	-0.040	0.402
7.773	-0.040	0.402
7.773	-0.040	0.402
7.773	-0.038	0.403
7.773	-0.038	0.403
7.774	-0.042	0.402
7.774	-0.042	0.402
7.774	-0.040	0.402
7.774	-0.040	0.402
7.774	-0.038	0.403
7.774	-0.038	0.403
7.774	-0.042	0.402
7.774	-0.042	0.402
7.774	-0.042	0.402
7.774	-0.042	0.402
7.775	-0.040	0.402
7.775	-0.040	0.402
7.775	-0.042	0.402
7.775	-0.042	0.402
7.775	-0.042	0.402
7.775	-0.042	0.402
7.775	-0.040	0.403
7.775	-0.040	0.403
7.775	-0.040	0.402
7.775	-0.040	0.402
7.776	-0.042	0.402
7.776	-0.042	0.402
7.776	-0.038	0.402
7.776	-0.038	0.402
7.776	-0.040	0.402
7.776	-0.040	0.402
7.776	-0.042	0.402
7.776	-0.042	0.402
7.776	-0.042	0.402
7.776	-0.042	0.402
7.777	-0.040	0.402
7.777	-0.040	0.402
7.777	-0.038	0.402
7.777	-0.038	0.402
7.777	-0.040	0.402
7.777	-0.040	0.402
7.777	-0.040	0.402
7.777	-0.040	0.402
7.777	-0.042	0.401
7.777	-0.042	0.401
7.778	-0.040	0.402
7.778	-0.040	0.402
7.778	-0.040	0.402
7.778	-0.040	0.402
7.778	-0.040	0.401
7.778	-0.040	0.401
7.778	-0.040	0.402
7.778	-0.040	0.402
7.778	-0.042	0.401
7.778	-0.042	0.401
7.779	-0.040	0.400
7.779	-0.040	0.400
7.779	-0.042	0.401
7.779	-0.042	0.401
7.779	-0.042	0.401
7.779	-0.042	0.401
7.779	-0.040	0.401
7.779	-0.040	0.401
7.779	-0.042	0.401
7.779	-0.042	0.401
7.780	-0.042	0.401
7.780	-0.042	0.401
7.780	-0.042	0.401
7.780	-0.042	0.401
7.780	-0.042	0.401
7.780	-0.042	0.401
7.780	-0.042	0.402
7.780	-0.042	0.402
7.780	-0.042	0.401
7.780	-0.042	0.401
7.781	-0.040	0.400
7.781	-0.040	0.400
7.781	-0.042	0.402
7.781	-0.042	0.402
7.781	-0.040	0.400
7.781	-0.040	0.400
7.781	-0.040	0.401
7.781	-0.040	0.401
7.781	-0.042	0.401
7.781	-0.042	0.401
7.782	-0.040	0.401
7.782	-0.040	0.401
7.782	-0.038	0.401
7.782	-0.038	0.401
7.782	-0.042	0.401
7.782	-0.042	0.401
7.782	-0.042	0.400
7.782	-0.042	0.400
7.782	-0.042	0.400
7.782	-0.042	0.400
7.783	-0.044	0.401
7.783	-0.044	0.401
7.783	-0.040	0.400
7.783	-0.040	0.400
7.783	-0.042	0.400
7.783	-0.042	0.400
7.783	-0.038	0.401
7.783	-0.038	0.401
7.783	-0.038	0.400
7.783	-0.038	0.400
7.784	-0.038	0.400
7.784	-0.038	0.400
7.784	-0.042	0.400
7.784	-0.042	0.400
7.784	-0.040	0.400
7.784	-0.040	0.400
7.784	-0.042	0.401
7.784	-0.042	0.401
7.784	-0.038	0.400
7.784	-0.038	0.400
7.785	-0.038	0.401
7.785	-0.038	0.401
7.785	-0.040	0.400
7.785	-0.040	0.400
7.785	-0.042	0.400
7.785	-0.042	0.400
7.785	-0.042	0.400
7.785	-0.042	0.400
7.785	-0.042	0.400
7.785	-0.042	0.400
7.786	-0.040	0.400
7.786	-0.040	0.400
7.786	-0.042	0.400
7.786	-0.042	0.400
7.786	-0.040	0.400
7.786	-0.040	0.400
7.786	-0.042	0.400
7.786	-0.042	0.400
7.786	-0.042	0.400
7.786	-0.042	0.400
7.787	-0.040	0.400
7.787	-0.040	0.400
7.787	-0.042	0.400
7.787	-0.042	0.400
7.787	-0.042	0.400
7.787	-0.042	0.400
7.787	-0.042	0.400
7.787	-0.042	0.400
7.787	-0.042	0.400
7.787	-0.042	0.400
7.788	-0.040	0.400
7.788	-0.040	0.400
7.788	-0.042	0.400
7.788	-0.042	0.400
7.788	-0.042	0.400
7.788	-0.042	0.400
7.788	-0.042	0.400
7.788	-0.042	0.400
7.788	-0.040	0.400
7.788	-0.040	0.400
7.789	-0.042	0.400
7.789	-0.042	0.400
7.789	-0.042	0.400
7.789	-0.042	0.400
7.789	-0.042	0.400
7.789	-0.042	0.400
7.789	-0.042	0.400
7.789	-0.042	0.400
7.789	-0.040	0.400
7.789	-0.040	0.400
7.790	-0.042	0.399
7.790	-0.042	0.399
7.790	-0.042	0.400
7.790	-0.042	0.400
7.790	-0.040	0.399
7.790	-0.040	0.399
7.790	-0.040	0.399
7.790	-0.040	0.399
7.790	-0.040	0.399
7.790	-0.040	0.399
7.791	-0.040	0.400
7.791	-0.040	0.400
7.791	-0.042	0.399
7.791	-0.042	0.399
7.791	-0.042	0.400
7.791	-0.042	0.400
7.791	-0.040	0.399
7.791	-0.040	0.399
7.791	-0.040	0.400
7.791	-0.040	0.400
7.792	-0.042	0.399
7.792	-0.042	0.399
7.792	-0.040	0.399
7.792	-0.040	0.399
7.792	-0.040	0.399
7.792	-0.040	0.399
7.792	-0.040	0.399
7.792	-0.040	0.399
7.792	-0.040	0.399
7.792	-0.040	0.399
7.793	-0.042	0.399
7.793	-0.042	0.399
7.793	-0.042	0.399
7.793	-0.042	0.399
7.793	-0.042	0.398
7.793	-0.042	0.398
7.793	-0.042	0.399
7.793	-0.042	0.399
7.793	-0.042	0.399
7.793	-0.042	0.399
7.794	-0.044	0.397
7.794	-0.044	0.397
7.794	-0.042	0.398
7.794	-0.042	0.398
7.794	-0.040	0.399
7.794	-0.040	0.399
7.794	-0.038	0.398
7.794	-0.038	0.398
7.794	-0.042	0.398
7.794	-0.042	0.398
7.795	-0.042	0.397
7.795	-0.042	0.397
7.795	-0.040	0.398
7.795	-0.040	0.398
7.795	-0.040	0.398
7.795	-0.040	0.398
7.795	-0.042	0.398
7.795	-0.042	0.398
7.795	-0.042	0.398
7.795	-0.042	0.398
7.796	-0.042	0.398
7.796	-0.042	0.398
7.796	-0.042	0.398
7.796	-0.042	0.398
7.796	-0.042	0.398
7.796	-0.042	0.398
7.796	-0.038	0.398
7.796	-0.038	0.398
7.796	-0.042	0.397
7.796	-0.042	0.397
7.797	-0.042	0.397
7.797	-0.042	0.397
7.797	-0.042	0.397
7.797	-0.042	0.397
7.797	-0.042	0.396
7.797	-0.042	0.396
7.797	-0.040	0.396
7.797	-0.040	0.396
7.797	-0.040	0.396
7.797	-0.040	0.396
7.798	-0.042	0.396
7.798	-0.042	0.396
7.798	-0.042	0.397
7.798	-0.042	0.397
7.798	-0.040	0.396
7.798	-0.040	0.396
7.798	-0.042	0.397
7.798	-0.042	0.397
7.798	-0.044	0.396
7.798	-0.044	0.396
7.799	-0.042	0.396
7.799	-0.042	0.396
7.799	-0.042	0.397
7.799	-0.042	0.397
7.799	-0.042	0.397
7.799	-0.042	0.397
7.799	-0.042	0.396
7.799	-0.042	0.396
7.799	-0.042	0.396
7.799	-0.042	0.396
7.800	-0.040	0.396
7.800	-0.040	0.396
7.800	-0.040	0.396
7.800	-0.040	0.396
7.800	-0.042	0.396
7.800	-0.042	0.396
7.800	-0.042	0.396
7.800	-0.042	0.396
7.800	-0.040	0.396
7.800	-0.040	0.396
7.801	-0.044	0.396
7.801	-0.044	0.396
7.801	-0.042	0.396
7.801	-0.042	0.396
7.801	-0.042	0.396
7.801	-0.042	0.396
7.801	-0.042	0.396
7.801	-0.042	0.396
7.801	-0.042	0.395
7.801	-0.042	0.395
7.802	-0.044	0.396
7.802	-0.044	0.396
7.802	-0.040	0.396
7.802	-0.040	0.396
7.802	-0.042	0.396
7.802	-0.042	0.396
7.802	-0.044	0.396
7.802	-0.044	0.396
7.802	-0.042	0.396
7.802	-0.042	0.396
7.803	-0.042	0.395
7.803	-0.042	0.395
7.803	-0.044	0.395
7.803	-0.044	0.395
7.803	-0.042	0.395
7.803	-0.042	0.395
7.803	-0.044	0.396
7.803	-0.044	0.396
7.803	-0.042	0.395
7.803	-0.042	0.395
7.804	-0.040	0.395
7.804	-0.040	0.395
7.804	-0.042	0.396
7.804	-0.042	0.396
7.804	-0.042	0.395
7.804	-0.042	0.395
7.804	-0.042	0.395
7.804	-0.042	0.395
7.804	-0.042	0.395
7.804	-0.042	0.395
7.805	-0.042	0.395
7.805	-0.042	0.395
7.805	-0.042	0.395
7.805	-0.042	0.395
7.805	-0.042	0.395
7.805	-0.042	0.395
7.805	-0.042	0.394
7.805	-0.042	0.394
7.805	-0.042	0.394
7.805	-0.042	0.394
7.806	-0.044	0.394
7.806	-0.044	0.394
7.806	-0.042	0.394
7.806	-0.042	0.394
7.806	-0.042	0.394
7.806	-0.042	0.394
7.806	-0.040	0.394
7.806	-0.040	0.394
7.806	-0.042	0.394
7.806	-0.042	0.394
7.807	-0.044	0.394
7.807	-0.044	0.394
7.807	-0.044	0.394
7.807	-0.044	0.394
7.807	-0.042	0.393
7.807	-0.042	0.393
7.807	-0.044	0.394
7.807	-0.044	0.394
7.807	-0.042	0.394
7.807	-0.042	0.394
7.808	-0.044	0.394
7.808	-0.044	0.394
7.808	-0.044	0.394
7.808	-0.044	0.394
7.808	-0.042	0.394
7.808	-0.042	0.394
7.808	-0.042	0.394
7.808	-0.042	0.394
7.808	-0.042	0.393
7.808	-0.042	0.393
7.809	-0.044	0.393
7.809	-0.044	0.393
7.809	-0.042	0.393
7.809	-0.042	0.393
7.809	-0.042	0.393
7.809	-0.042	0.393
7.809	-0.040	0.393
7.809	-0.040	0.393
7.809	-0.044	0.392
7.809	-0.044	0.392
7.810	-0.046	0.393
7.810	-0.046	0.393
7.810	-0.042	0.392
7.810	-0.042	0.392
7.810	-0.044	0.392
7.810	-0.044	0.392
7.810	-0.042	0.392
7.810	-0.042	0.392
7.810	-0.042	0.392
7.810	-0.042	0.392
7.811	-0.044	0.392
7.811	-0.044	0.392
7.811	-0.042	0.392
7.811	-0.042	0.392
7.811	-0.042	0.392
7.811	-0.042	0.392
7.811	-0.042	0.392
7.811	-0.042	0.392
7.811	-0.044	0.392
7.811	-0.044	0.392
7.812	-0.042	0.392
7.812	-0.042	0.392
7.812	-0.040	0.392
7.812	-0.040	0.392
7.812	-0.044	0.392
7.812	-0.044	0.392
7.812	-0.040	0.392
7.812	-0.040	0.392
7.812	-0.042	0.392
7.812	-0.042	0.392
7.813	-0.042	0.392
7.813	-0.042	0.392
7.813	-0.044	0.392
7.813	-0.044	0.392
7.813	-0.042	0.392
7.813	-0.042	0.392
7.813	-0.042	0.392
7.813	-0.042	0.392
7.813	-0.044	0.392
7.813	-0.044	0.392
7.814	-0.044	0.391
7.814	-0.044	0.391
7.814	-0.042	0.391
7.814	-0.042	0.391
7.814	-0.046	0.391
7.814	-0.046	0.391
7.814	-0.042	0.391
7.814	-0.042	0.391
7.814	-0.042	0.390
7.814	-0.042	0.390
7.815	-0.044	0.390
7.815	-0.044	0.390
7.815	-0.042	0.390
7.815	-0.042	0.390
7.815	-0.042	0.390
7.815	-0.042	0.390
7.815	-0.042	0.390
7.815	-0.042	0.390
7.815	-0.046	0.390
7.815	-0.046	0.390
7.816	-0.044	0.390
7.816	-0.044	0.390
7.816	-0.044	0.389
7.816	-0.044	0.389
7.816	-0.044	0.390
7.816	-0.044	0.390
7.816	-0.044	0.389
7.816	-0.044	0.389
7.816	-0.042	0.390
7.816	-0.042	0.390
7.817	-0.044	0.389
7.817	-0.044	0.389
7.817	-0.042	0.389
7.817	-0.042	0.389
7.817	-0.042	0.389
7.817	-0.042	0.389
7.817	-0.042	0.389
7.817	-0.042	0.389
7.817	-0.044	0.389
7.817	-0.044	0.389
7.818	-0.044	0.389
7.818	-0.044	0.389
7.818	-0.042	0.389
7.818	-0.042	0.389
7.818	-0.042	0.388
7.818	-0.042	0.388
7.818	-0.042	0.389
7.818	-0.042	0.389
7.818	-0.042	0.389
7.818	-0.042	0.389
7.819	-0.042	0.389
7.819	-0.042	0.389
7.819	-0.040	0.389
7.819	-0.040	0.389
7.819	-0.044	0.389
7.819	-0.044	0.389
7.819	-0.042	0.388
7.819	-0.042	0.388
7.819	-0.044	0.388
7.819	-0.044	0.388
7.820	-0.044	0.388
7.820	-0.044	0.388
7.820	-0.044	0.388
7.820	-0.044	0.388
7.820	-0.044	0.388
7.820	-0.044	0.388
7.820	-0.044	0.388
7.820	-0.044	0.388
7.820	-0.042	0.388
7.820	-0.042	0.388
7.821	-0.042	0.388
7.821	-0.042	0.388
7.821	-0.044	0.387
7.821	-0.044	0.387
7.821	-0.044	0.387
7.821	-0.044	0.387
7.821	-0.044	0.388
7.821	-0.044	0.388
7.821	-0.044	0.387
7.821	-0.044	0.387
7.822	-0.044	0.387
7.822	-0.044	0.387
7.822	-0.042	0.387
7.822	-0.042	0.387
7.822	-0.044	0.387
7.822	-0.044	0.387
7.822	-0.044	0.387
7.822	-0.044	0.387
7.822	-0.044	0.386
7.822	-0.044	0.386
7.823	-0.042	0.386
7.823	-0.042	0.386
7.823	-0.044	0.387
7.823	-0.044	0.387
7.823	-0.044	0.387
7.823	-0.044	0.387
7.823	-0.044	0.386
7.823	-0.044	0.386
7.823	-0.044	0.386
7.823	-0.044	0.386
7.824	-0.042	0.387
7.824	-0.042	0.387
7.824	-0.044	0.386
7.824	-0.044	0.386
7.824	-0.044	0.386
7.824	-0.044	0.386
7.824	-0.046	0.386
7.824	-0.046	0.386
7.824	-0.042	0.386
7.824	-0.042	0.386
7.825	-0.042	0.386
7.825	-0.042	0.386
7.825	-0.042	0.385
7.825	-0.042	0.385
7.825	-0.044	0.385
7.825	-0.044	0.385
7.825	-0.044	0.385
7.825	-0.044	0.385
7.825	-0.042	0.385
7.825	-0.042	0.385
7.826	-0.044	0.385
7.826	-0.044	0.385
7.826	-0.042	0.384
7.826	-0.042	0.384
7.826	-0.042	0.385
7.826	-0.042	0.385
7.826	-0.046	0.384
7.826	-0.046	0.384
7.826	-0.046	0.384
7.826	-0.046	0.384
7.827	-0.046	0.384
7.827	-0.046	0.384
7.827	-0.042	0.385
7.827	-0.042	0.385
7.827	-0.042	0.384
7.827	-0.042	0.384
7.827	-0.042	0.384
7.827	-0.042	0.384
7.827	-0.044	0.384
7.827	-0.044	0.384
7.828	-0.044	0.384
7.828	-0.044	0.384
7.828	-0.046	0.383
7.828	-0.046	0.383
7.828	-0.042	0.384
7.828	-0.042	0.384
7.828	-0.042	0.384
7.828	-0.042	0.384
7.828	-0.044	0.384
7.828	-0.044	0.384
7.829	-0.044	0.384
7.829	-0.044	0.384
7.829	-0.042	0.384
7.829	-0.042	0.384
7.829	-0.042	0.383
7.829	-0.042	0.383
7.829	-0.044	0.383
7.829	-0.044	0.383
7.829	-0.044	0.383
7.829	-0.044	0.383
7.830	-0.044	0.383
7.830	-0.044	0.383
7.830	-0.046	0.383
7.830	-0.046	0.383
7.830	-0.042	0.383
7.830	-0.042	0.383
7.830	-0.044	0.382
7.830	-0.044	0.382
7.830	-0.046	0.382
7.830	-0.046	0.382
7.831	-0.046	0.381
7.831	-0.046	0.381
7.831	-0.046	0.382
7.831	-0.046	0.382
7.831	-0.044	0.381
7.831	-0.044	0.381
7.831	-0.044	0.381
7.831	-0.044	0.381
7.831	-0.044	0.380
7.831	-0.044	0.380
7.832	-0.044	0.381
7.832	-0.044	0.381
7.832	-0.044	0.380
7.832	-0.044	0.380
7.832	-0.044	0.381
7.832	-0.044	0.381
7.832	-0.044	0.380
7.832	-0.044	0.380
7.832	-0.044	0.381
7.832	-0.044	0.381
7.833	-0.044	0.380
7.833	-0.044	0.380
7.833	-0.042	0.380
7.833	-0.042	0.380
7.833	-0.046	0.380
7.833	-0.046	0.380
7.833	-0.044	0.380
7.833	-0.044	0.380
7.833	-0.044	0.380
7.833	-0.044	0.380
7.834	-0.042	0.380
7.834	-0.042	0.380
7.834	-0.044	0.380
7.834	-0.044	0.380
7.834	-0.046	0.380
7.834	-0.046	0.380
7.834	-0.044	0.380
7.834	-0.044	0.380
7.834	-0.046	0.379
7.834	-0.046	0.379
7.835	-0.044	0.380
7.835	-0.044	0.380
7.835	-0.046	0.380
7.835	-0.046	0.380
7.835	-0.046	0.380
7.835	-0.046	0.380
7.835	-0.046	0.380
7.835	-0.046	0.380
7.835	-0.042	0.379
7.835	-0.042	0.379
7.836	-0.044	0.379
7.836	-0.044	0.379
7.836	-0.046	0.379
7.836	-0.046	0.379
7.836	-0.044	0.379
7.836	-0.044	0.379
7.836	-0.046	0.378
7.836	-0.046	0.378
7.836	-0.042	0.379
7.836	-0.042	0.379
7.837	-0.044	0.379
7.837	-0.044	0.379
7.837	-0.046	0.378
7.837	-0.046	0.378
7.837	-0.044	0.379
7.837	-0.044	0.379
7.837	-0.046	0.378
7.837	-0.046	0.378
7.837	-0.044	0.378
7.837	-0.044	0.378
7.838	-0.046	0.377
7.838	-0.046	0.377
7.838	-0.044	0.378
7.838	-0.044	0.378
7.838	-0.046	0.378
7.838	-0.046	0.378
7.838	-0.046	0.377
7.838	-0.046	0.377
7.838	-0.044	0.378
7.838	-0.044	0.378
7.839	-0.044	0.378
7.839	-0.044	0.378
7.839	-0.044	0.378
7.839	-0.044	0.378
7.839	-0.044	0.377
7.839	-0.044	0.377
7.839	-0.046	0.377
7.839	-0.046	0.377
7.839	-0.044	0.377
7.839	-0.044	0.377
7.840	-0.044	0.377
7.840	-0.044	0.377
7.840	-0.044	0.377
7.840	-0.044	0.377
7.840	-0.044	0.376
7.840	-0.044	0.376
7.840	-0.046	0.377
7.840	-0.046	0.377
7.840	-0.044	0.377
7.840	-0.044	0.377
7.841	-0.044	0.377
7.841	-0.044	0.377
7.841	-0.046	0.376
7.841	-0.046	0.376
7.841	-0.046	0.376
7.841	-0.046	0.376
7.841	-0.046	0.377
7.841	-0.046	0.377
7.841	-0.044	0.376
7.841	-0.044	0.376
7.842	-0.044	0.376
7.842	-0.044	0.376
7.842	-0.046	0.376
7.842	-0.046	0.376
7.842	-0.046	0.376
7.842	-0.046	0.376
7.842	-0.046	0.376
7.842	-0.046	0.376
7.842	-0.044	0.376
7.842	-0.044	0.376
7.843	-0.044	0.375
7.843	-0.044	0.375
7.843	-0.044	0.376
7.843	-0.044	0.376
7.843	-0.046	0.376
7.843	-0.046	0.376
7.843	-0.046	0.376
7.843	-0.046	0.376
7.843	-0.042	0.375
7.843	-0.042	0.375
7.844	-0.046	0.375
7.844	-0.046	0.375
7.844	-0.046	0.375
7.844	-0.046	0.375
7.844	-0.042	0.375
7.844	-0.042	0.375
7.844	-0.044	0.375
7.844	-0.044	0.375
7.844	-0.044	0.375
7.844	-0.044	0.375
7.845	-0.046	0.375
7.845	-0.046	0.375
7.845	-0.046	0.374
7.845	-0.046	0.374
7.845	-0.044	0.374
7.845	-0.044	0.374
7.845	-0.046	0.374
7.845	-0.046	0.374
7.845	-0.046	0.374
7.845	-0.046	0.374
7.846	-0.044	0.374
7.846	-0.044	0.374
7.846	-0.044	0.374
7.846	-0.044	0.374
7.846	-0.046	0.373
7.846	-0.046	0.373
7.846	-0.046	0.373
7.846	-0.046	0.373
7.846	-0.046	0.374
7.846	-0.046	0.374
7.847	-0.044	0.373
7.847	-0.044	0.373
7.847	-0.046	0.373
7.847	-0.046	0.373
7.847	-0.046	0.373
7.847	-0.046	0.373
7.847	-0.046	0.373
7.847	-0.046	0.373
7.847	-0.044	0.372
7.847	-0.044	0.372
7.848	-0.046	0.373
7.848	-0.046	0.373
7.848	-0.046	0.372
7.848	-0.046	0.372
7.848	-0.046	0.372
7.848	-0.046	0.372
7.848	-0.044	0.372
7.848	-0.044	0.372
7.848	-0.046	0.372
7.848	-0.046	0.372
7.849	-0.044	0.372
7.849	-0.044	0.372
7.849	-0.046	0.371
7.849	-0.046	0.371
7.849	-0.044	0.372
7.849	-0.044	0.372
7.849	-0.044	0.372
7.849	-0.044	0.372
7.849	-0.046	0.372
7.849	-0.046	0.372
7.850	-0.044	0.372
7.850	-0.044	0.372
7.850	-0.046	0.372
7.850	-0.046	0.372
7.850	-0.046	0.371
7.850	-0.046	0.371
7.850	-0.046	0.371
7.850	-0.046	0.371
7.850	-0.044	0.371
7.850	-0.044	0.371
7.851	-0.046	0.371
7.851	-0.046	0.371
7.851	-0.046	0.372
7.851	-0.046	0.372
7.851	-0.046	0.371
7.851	-0.046	0.371
7.851	-0.046	0.371
7.851	-0.046	0.371
7.851	-0.046	0.370
7.851	-0.046	0.370
7.852	-0.044	0.371
7.852	-0.044	0.371
7.852	-0.046	0.371
7.852	-0.046	0.371
7.852	-0.044	0.370
7.852	-0.044	0.370
7.852	-0.044	0.370
7.852	-0.044	0.370
7.852	-0.042	0.371
7.852	-0.042	0.371
7.853	-0.046	0.370
7.853	-0.046	0.370
7.853	-0.044	0.370
7.853	-0.044	0.370
7.853	-0.046	0.370
7.853	-0.046	0.370
7.853	-0.044	0.371
7.853	-0.044	0.371
7.853	-0.046	0.370
7.853	-0.046	0.370
7.854	-0.046	0.370
7.854	-0.046	0.370
7.854	-0.046	0.369
7.854	-0.046	0.369
7.854	-0.046	0.369
7.854	-0.046	0.369
7.854	-0.046	0.370
7.854	-0.046	0.370
7.854	-0.046	0.369
7.854	-0.046	0.369
7.855	-0.046	0.369
7.855	-0.046	0.369
7.855	-0.046	0.370
7.855	-0.046	0.370
7.855	-0.046	0.369
7.855	-0.046	0.369
7.855	-0.046	0.369
7.855	-0.046	0.369
7.855	-0.046	0.368
7.855	-0.046	0.368
7.856	-0.044	0.369
7.856	-0.044	0.369
7.856	-0.046	0.369
7.856	-0.046	0.369
7.856	-0.046	0.368
7.856	-0.046	0.368
7.856	-0.046	0.369
7.856	-0.046	0.369
7.856	-0.046	0.368
7.856	-0.046	0.368
7.857	-0.046	0.369
7.857	-0.046	0.369
7.857	-0.046	0.368
7.857	-0.046	0.368
7.857	-0.044	0.368
7.857	-0.044	0.368
7.857	-0.046	0.369
7.857	-0.046	0.369
7.857	-0.046	0.368
7.857	-0.046	0.368
7.858	-0.046	0.368
7.858	-0.046	0.368
7.858	-0.044	0.368
7.858	-0.044	0.368
7.858	-0.046	0.368
7.858	-0.046	0.368
7.858	-0.044	0.368
7.858	-0.044	0.368
7.858	-0.046	0.368
7.858	-0.046	0.368
7.859	-0.046	0.368
7.859	-0.046	0.368
7.859	-0.046	0.368
7.859	-0.046	0.368
7.859	-0.046	0.368
7.859	-0.046	0.368
7.859	-0.044	0.368
7.859	-0.044	0.368
7.859	-0.044	0.368
7.859	-0.044	0.368
7.860	-0.046	0.368
7.860	-0.046	0.368
7.860	-0.046	0.368
7.860	-0.046	0.368
7.860	-0.046	0.368
7.860	-0.046	0.368
7.860	-0.046	0.368
7.860	-0.046	0.368
7.860	-0.046	0.368
7.860	-0.046	0.368
7.861	-0.046	0.368
7.861	-0.046	0.368
7.861	-0.046	0.368
7.861	-0.046	0.368
7.861	-0.046	0.368
7.861	-0.046	0.368
7.861	-0.050	0.368
7.861	-0.050	0.368
7.861	-0.046	0.368
7.861	-0.046	0.368
7.862	-0.046	0.368
7.862	-0.046	0.368
7.862	-0.046	0.368
7.862	-0.046	0.368
7.862	-0.046	0.368
7.862	-0.046	0.368
7.862	-0.048	0.368
7.862	-0.048	0.368
7.862	-0.046	0.368
7.862	-0.046	0.368
7.863	-0.044	0.368
7.863	-0.044	0.368
7.863	-0.046	0.368
7.863	-0.046	0.368
7.863	-0.046	0.368
7.863	-0.046	0.368
7.863	-0.046	0.368
7.863	-0.046	0.368
7.863	-0.046	0.368
7.863	-0.046	0.368
7.864	-0.046	0.368
7.864	-0.046	0.368
7.864	-0.046	0.368
7.864	-0.046	0.368
7.864	-0.046	0.368
7.864	-0.046	0.368
7.864	-0.046	0.368
7.864	-0.046	0.368
7.864	-0.046	0.368
7.864	-0.046	0.368
7.865	-0.046	0.368
7.865	-0.046	0.368
7.865	-0.046	0.368
7.865	-0.046	0.368
7.865	-0.046	0.368
7.865	-0.046	0.368
7.865	-0.046	0.368
7.865	-0.046	0.368
7.865	-0.046	0.368
7.865	-0.046	0.368
7.866	-0.046	0.368
7.866	-0.046	0.368
7.866	-0.046	0.367
7.866	-0.046	0.367
7.866	-0.046	0.367
7.866	-0.046	0.367
7.866	-0.046	0.368
7.866	-0.046	0.368
7.866	-0.046	0.368
7.866	-0.046	0.368
7.867	-0.046	0.367
7.867	-0.046	0.367
7.867	-0.046	0.368
7.867	-0.046	0.368
7.867	-0.046	0.367
7.867	-0.046	0.367
7.867	-0.044	0.366
7.867	-0.044	0.366
7.867	-0.046	0.366
7.867	-0.046	0.366
7.868	-0.046	0.366
7.868	-0.046	0.366
7.868	-0.046	0.366
7.868	-0.046	0.366
7.868	-0.046	0.365
7.868	-0.046	0.365
7.868	-0.046	0.365
7.868	-0.046	0.365
7.868	-0.046	0.364
7.868	-0.046	0.364
7.869	-0.044	0.365
7.869	-0.044	0.365
7.869	-0.046	0.364
7.869	-0.046	0.364
7.869	-0.046	0.364
7.869	-0.046	0.364
7.869	-0.046	0.365
7.869	-0.046	0.365
7.869	-0.046	0.364
7.869	-0.046	0.364
7.870	-0.046	0.364
7.870	-0.046	0.364
7.870	-0.046	0.364
7.870	-0.046	0.364
7.870	-0.046	0.364
7.870	-0.046	0.364
7.870	-0.048	0.364
7.870	-0.048	0.364
7.870	-0.046	0.364
7.870	-0.046	0.364
7.871	-0.048	0.364
7.871	-0.048	0.364
7.871	-0.046	0.364
7.871	-0.046	0.364
7.871	-0.046	0.364
7.871	-0.046	0.364
7.871	-0.046	0.364
7.871	-0.046	0.364
7.871	-0.046	0.364
7.871	-0.046	0.364
7.872	-0.046	0.364
7.872	-0.046	0.364
7.872	-0.048	0.364
7.872	-0.048	0.364
7.872	-0.050	0.364
7.872	-0.050	0.364
7.872	-0.046	0.364
7.872	-0.046	0.364
7.872	-0.046	0.364
7.872	-0.046	0.364
7.873	-0.046	0.364
7.873	-0.046	0.364
7.873	-0.046	0.364
7.873	-0.046	0.364
7.873	-0.046	0.363
7.873	-0.046	0.363
7.873	-0.044	0.364
7.873	-0.044	0.364
7.873	-0.046	0.364
7.873	-0.046	0.364
7.874	-0.050	0.363
7.874	-0.050	0.363
7.874	-0.046	0.364
7.874	-0.046	0.364
7.874	-0.046	0.364
7.874	-0.046	0.364
7.874	-0.046	0.364
7.874	-0.046	0.364
7.874	-0.046	0.364
7.874	-0.046	0.364
7.875	-0.046	0.365
7.875	-0.046	0.365
7.875	-0.046	0.365
7.875	-0.046	0.365
7.875	-0.046	0.365
7.875	-0.046	0.365
7.875	-0.046	0.364
7.875	-0.046	0.364
7.875	-0.046	0.365
7.875	-0.046	0.365
7.876	-0.046	0.366
7.876	-0.046	0.366
7.876	-0.046	0.366
7.876	-0.046	0.366
7.876	-0.046	0.367
7.876	-0.046	0.367
7.876	-0.046	0.368
7.876	-0.046	0.368
7.876	-0.048	0.368
7.876	-0.048	0.368
7.877	-0.046	0.368
7.877	-0.046	0.368
7.877	-0.046	0.368
7.877	-0.046	0.368
7.877	-0.046	0.368
7.877	-0.046	0.368
7.877	-0.046	0.368
7.877	-0.046	0.368
7.877	-0.048	0.368
7.877	-0.048	0.368
7.878	-0.046	0.368
7.878	-0.046	0.368
7.878	-0.048	0.369
7.878	-0.048	0.369
7.878	-0.046	0.370
7.878	-0.046	0.370
7.878	-0.048	0.370
7.878	-0.048	0.370
7.878	-0.046	0.370
7.878	-0.046	0.370
7.879	-0.046	0.370
7.879	-0.046	0.370
7.879	-0.046	0.371
7.879	-0.046	0.371
7.879	-0.050	0.371
7.879	-0.050	0.371
7.879	-0.046	0.371
7.879	-0.046	0.371
7.879	-0.046	0.371
7.879	-0.046	0.371
7.880	-0.046	0.370
7.880	-0.046	0.370
7.880	-0.046	0.371
7.880	-0.046	0.371
7.880	-0.046	0.371
7.880	-0.046	0.371
7.880	-0.050	0.371
7.880	-0.050	0.371
7.880	-0.046	0.370
7.880	-0.046	0.370
7.881	-0.046	0.370
7.881	-0.046	0.370
7.881	-0.050	0.369
7.881	-0.050	0.369
7.881	-0.046	0.369
7.881	-0.046	0.369
7.881	-0.046	0.369
7.881	-0.046	0.369
7.881	-0.048	0.368
7.881	-0.048	0.368
7.882	-0.048	0.369
7.882	-0.048	0.369
7.882	-0.046	0.368
7.882	-0.046	0.368
7.882	-0.050	0.369
7.882	-0.050	0.369
7.882	-0.050	0.369
7.882	-0.050	0.369
7.882	-0.046	0.369
7.882	-0.046	0.369
7.883	-0.046	0.368
7.883	-0.046	0.368
7.883	-0.046	0.369
7.883	-0.046	0.369
7.883	-0.046	0.368
7.883	-0.046	0.368
7.883	-0.046	0.369
7.883	-0.046	0.369
7.883	-0.048	0.369
7.883	-0.048	0.369
7.884	-0.048	0.369
7.884	-0.048	0.369
7.884	-0.046	0.369
7.884	-0.046	0.369
7.884	-0.046	0.369
7.884	-0.046	0.369
7.884	-0.046	0.369
7.884	-0.046	0.369
7.884	-0.046	0.369
7.884	-0.046	0.369
7.885	-0.046	0.369
7.885	-0.046	0.369
7.885	-0.050	0.368
7.885	-0.050	0.368
7.885	-0.046	0.370
7.885	-0.046	0.370
7.885	-0.046	0.368
7.885	-0.046	0.368
7.885	-0.046	0.369
7.885	-0.046	0.369
7.886	-0.050	0.369
7.886	-0.050	0.369
7.886	-0.046	0.369
7.886	-0.046	0.369
7.886	-0.046	0.369
7.886	-0.046	0.369
7.886	-0.046	0.370
7.886	-0.046	0.370
7.886	-0.046	0.370
7.886	-0.046	0.370
7.887	-0.048	0.370
7.887	-0.048	0.370
7.887	-0.046	0.370
7.887	-0.046	0.370
7.887	-0.050	0.369
7.887	-0.050	0.369
7.887	-0.046	0.371
7.887	-0.046	0.371
7.887	-0.046	0.370
7.887	-0.046	0.370
7.888	-0.050	0.371
7.888	-0.050	0.371
7.888	-0.048	0.371
7.888	-0.048	0.371
7.888	-0.046	0.370
7.888	-0.046	0.370
7.888	-0.048	0.371
7.888	-0.048	0.371
7.888	-0.046	0.371
7.888	-0.046	0.371
7.889	-0.050	0.371
7.889	-0.050	0.371
7.889	-0.046	0.371
7.889	-0.046	0.371
7.889	-0.046	0.371
7.889	-0.046	0.371
7.889	-0.046	0.371
7.889	-0.046	0.371
7.889	-0.046	0.371
7.889	-0.046	0.371
7.890	-0.050	0.371
7.890	-0.050	0.371
7.890	-0.046	0.371
7.890	-0.046	0.371
7.890	-0.050	0.371
7.890	-0.050	0.371
7.890	-0.048	0.371
7.890	-0.048	0.371
7.890	-0.048	0.372
7.890	-0.048	0.372
7.891	-0.050	0.371
7.891	-0.050	0.371
7.891	-0.050	0.371
7.891	-0.050	0.371
7.891	-0.048	0.372
7.891	-0.048	0.372
7.891	-0.050	0.371
7.891	-0.050	0.371
7.891	-0.050	0.372
7.891	-0.050	0.372
7.892	-0.046	0.372
7.892	-0.046	0.372
7.892	-0.050	0.372
7.892	-0.050	0.372
7.892	-0.050	0.372
7.892	-0.050	0.372
7.892	-0.046	0.373
7.892	-0.046	0.373
7.892	-0.048	0.372
7.892	-0.048	0.372
7.893	-0.044	0.374
7.893	-0.044	0.374
7.893	-0.048	0.373
7.893	-0.048	0.373
7.893	-0.050	0.374
7.893	-0.050	0.374
7.893	-0.050	0.374
7.893	-0.050	0.374
7.893	-0.048	0.375
7.893	-0.048	0.375
7.894	-0.046	0.374
7.894	-0.046	0.374
7.894	-0.048	0.374
7.894	-0.048	0.374
7.894	-0.046	0.375
7.894	-0.046	0.375
7.894	-0.050	0.375
7.894	-0.050	0.375
7.894	-0.048	0.376
7.894	-0.048	0.376
7.895	-0.050	0.375
7.895	-0.050	0.375
7.895	-0.050	0.375
7.895	-0.050	0.375
7.895	-0.046	0.375
7.895	-0.046	0.375
7.895	-0.046	0.376
7.895	-0.046	0.376
7.895	-0.046	0.376
7.895	-0.046	0.376
7.896	-0.048	0.376
7.896	-0.048	0.376
7.896	-0.046	0.375
7.896	-0.046	0.375
7.896	-0.046	0.375
7.896	-0.046	0.375
7.896	-0.046	0.376
7.896	-0.046	0.376
7.896	-0.050	0.374
7.896	-0.050	0.374
7.897	-0.050	0.374
7.897	-0.050	0.374
7.897	-0.050	0.372
7.897	-0.050	0.372
7.897	-0.050	0.374
7.897	-0.050	0.374
7.897	-0.046	0.373
7.897	-0.046	0.373
7.897	-0.046	0.372
7.897	-0.046	0.372
7.898	-0.050	0.372
7.898	-0.050	0.372
7.898	-0.046	0.372
7.898	-0.046	0.372
7.898	-0.050	0.371
7.898	-0.050	0.371
7.898	-0.046	0.371
7.898	-0.046	0.371
7.898	-0.048	0.371
7.898	-0.048	0.371
7.899	-0.048	0.370
7.899	-0.048	0.370
7.899	-0.046	0.370
7.899	-0.046	0.370
7.899	-0.050	0.370
7.899	-0.050	0.370
7.899	-0.046	0.370
7.899	-0.046	0.370
7.899	-0.048	0.370
7.899	-0.048	0.370
7.900	-0.046	0.369
7.900	-0.046	0.369
7.900	-0.046	0.370
7.900	-0.046	0.370
7.900	-0.046	0.369
7.900	-0.046	0.369
7.900	-0.050	0.369
7.900	-0.050	0.369
7.900	-0.050	0.369
7.900	-0.050	0.369
7.901	-0.048	0.368
7.901	-0.048	0.368
7.901	-0.050	0.369
7.901	-0.050	0.369
7.901	-0.050	0.368
7.901	-0.050	0.368
7.901	-0.048	0.368
7.901	-0.048	0.368
7.901	-0.052	0.368
7.901	-0.052	0.368
7.902	-0.050	0.369
7.902	-0.050	0.369
7.902	-0.048	0.368
7.902	-0.048	0.368
7.902	-0.048	0.368
7.902	-0.048	0.368
7.902	-0.046	0.368
7.902	-0.046	0.368
7.902	-0.050	0.368
7.902	-0.050	0.368
7.903	-0.046	0.369
7.903	-0.046	0.369
7.903	-0.050	0.368
7.903	-0.050	0.368
7.903	-0.050	0.368
7.903	-0.050	0.368
7.903	-0.050	0.368
7.903	-0.050	0.368
7.903	-0.050	0.368
7.903	-0.050	0.368
7.904	-0.050	0.369
7.904	-0.050	0.369
7.904	-0.050	0.368
7.904	-0.050	0.368
7.904	-0.050	0.368
7.904	-0.050	0.368
7.904	-0.050	0.368
7.904	-0.050	0.368
7.904	-0.046	0.369
7.904	-0.046	0.369
7.905	-0.052	0.370
7.905	-0.052	0.370
7.905	-0.048	0.369
7.905	-0.048	0.369
7.905	-0.048	0.370
7.905	-0.048	0.370
7.905	-0.050	0.370
7.905	-0.050	0.370
7.905	-0.046	0.369
7.905	-0.046	0.369
7.906	-0.046	0.370
7.906	-0.046	0.370
7.906	-0.050	0.369
7.906	-0.050	0.369
7.906	-0.050	0.370
7.906	-0.050	0.370
7.906	-0.050	0.370
7.906	-0.050	0.370
7.906	-0.048	0.371
7.906	-0.048	0.371
7.907	-0.050	0.370
7.907	-0.050	0.370
7.907	-0.050	0.371
7.907	-0.050	0.371
7.907	-0.046	0.371
7.907	-0.046	0.371
7.907	-0.050	0.371
7.907	-0.050	0.371
7.907	-0.052	0.371
7.907	-0.052	0.371
7.908	-0.046	0.372
7.908	-0.046	0.372
7.908	-0.048	0.371
7.908	-0.048	0.371
7.908	-0.050	0.372
7.908	-0.050	0.372
7.908	-0.050	0.372
7.908	-0.050	0.372
7.908	-0.046	0.372
7.908	-0.046	0.372
7.909	-0.050	0.372
7.909	-0.050	0.372
7.909	-0.048	0.372
7.909	-0.048	0.372
7.909	-0.048	0.372
7.909	-0.048	0.372
7.909	-0.050	0.372
7.909	-0.050	0.372
7.909	-0.052	0.373
7.909	-0.052	0.373
7.910	-0.046	0.373
7.910	-0.046	0.373
7.910	-0.048	0.373
7.910	-0.048	0.373
7.910	-0.052	0.373
7.910	-0.052	0.373
7.910	-0.052	0.373
7.910	-0.052	0.373
7.910	-0.046	0.374
7.910	-0.046	0.374
7.911	-0.048	0.374
7.911	-0.048	0.374
7.911	-0.050	0.374
7.911	-0.050	0.374
7.911	-0.052	0.373
7.911	-0.052	0.373
7.911	-0.050	0.374
7.911	-0.050	0.374
7.911	-0.050	0.374
7.911	-0.050	0.374
7.912	-0.048	0.374
7.912	-0.048	0.374
7.912	-0.048	0.374
7.912	-0.048	0.374
7.912	-0.050	0.374
7.912	-0.050	0.374
7.912	-0.048	0.374
7.912	-0.048	0.374
7.912	-0.050	0.374
7.912	-0.050	0.374
7.913	-0.050	0.373
7.913	-0.050	0.373
7.913	-0.050	0.372
7.913	-0.050	0.372
7.913	-0.050	0.373
7.913	-0.050	0.373
7.913	-0.050	0.372
7.913	-0.050	0.372
7.913	-0.050	0.372
7.913	-0.050	0.372
7.914	-0.050	0.372
7.914	-0.050	0.372
7.914	-0.050	0.372
7.914	-0.050	0.372
7.914	-0.050	0.372
7.914	-0.050	0.372
7.914	-0.050	0.371
7.914	-0.050	0.371
7.914	-0.050	0.372
7.914	-0.050	0.372
7.915	-0.050	0.371
7.915	-0.050	0.371
7.915	-0.050	0.371
7.915	-0.050	0.371
7.915	-0.046	0.371
7.915	-0.046	0.371
7.915	-0.050	0.371
7.915	-0.050	0.371
7.915	-0.050	0.371
7.915	-0.050	0.371
7.916	-0.050	0.370
7.916	-0.050	0.370
7.916	-0.050	0.371
7.916	-0.050	0.371
7.916	-0.050	0.371
7.916	-0.050	0.371
7.916	-0.052	0.371
7.916	-0.052	0.371
7.916	-0.050	0.370
7.916	-0.050	0.370
7.917	-0.050	0.370
7.917	-0.050	0.370
7.917	-0.050	0.370
7.917	-0.050	0.370
7.917	-0.048	0.371
7.917	-0.048	0.371
7.917	-0.050	0.370
7.917	-0.050	0.370
7.917	-0.050	0.371
7.917	-0.050	0.371
7.918	-0.052	0.370
7.918	-0.052	0.370
7.918	-0.050	0.371
7.918	-0.050	0.371
7.918	-0.048	0.370
7.918	-0.048	0.370
7.918	-0.052	0.370
7.918	-0.052	0.370
7.918	-0.046	0.370
7.918	-0.046	0.370
7.919	-0.050	0.370
7.919	-0.050	0.370
7.919	-0.050	0.370
7.919	-0.050	0.370
7.919	-0.048	0.371
7.919	-0.048	0.371
7.919	-0.052	0.370
7.919	-0.052	0.370
7.919	-0.052	0.370
7.919	-0.052	0.370
7.920	-0.050	0.371
7.920	-0.050	0.371
7.920	-0.052	0.370
7.920	-0.052	0.370
7.920	-0.052	0.371
7.920	-0.052	0.371
7.920	-0.050	0.371
7.920	-0.050	0.371
7.920	-0.052	0.371
7.920	-0.052	0.371
7.921	-0.048	0.371
7.921	-0.048	0.371
7.921	-0.050	0.371
7.921	-0.050	0.371
7.921	-0.052	0.371
7.921	-0.052	0.371
7.921	-0.050	0.371
7.921	-0.050	0.371
7.921	-0.048	0.371
7.921	-0.048	0.371
7.922	-0.050	0.371
7.922	-0.050	0.371
7.922	-0.048	0.371
7.922	-0.048	0.371
7.922	-0.050	0.371
7.922	-0.050	0.371
7.922	-0.052	0.371
7.922	-0.052	0.371
7.922	-0.050	0.371
7.922	-0.050	0.371
7.923	-0.050	0.371
7.923	-0.050	0.371
7.923	-0.050	0.371
7.923	-0.050	0.371
7.923	-0.050	0.371
7.923	-0.050	0.371
7.923	-0.050	0.372
7.923	-0.050	0.372
7.923	-0.050	0.371
7.923	-0.050	0.371
7.924	-0.050	0.371
7.924	-0.050	0.371
7.924	-0.052	0.372
7.924	-0.052	0.372
7.924	-0.050	0.371
7.924	-0.050	0.371
7.924	-0.050	0.371
7.924	-0.050	0.371
7.924	-0.052	0.371
7.924	-0.052	0.371
7.925	-0.050	0.372
7.925	-0.050	0.372
7.925	-0.050	0.371
7.925	-0.050	0.371
7.925	-0.050	0.371
7.925	-0.050	0.371
7.925	-0.050	0.372
7.925	-0.050	0.372
7.925	-0.052	0.372
7.925	-0.052	0.372
7.926	-0.052	0.372
7.926	-0.052	0.372
7.926	-0.048	0.371
7.926	-0.048	0.371
7.926	-0.052	0.372
7.926	-0.052	0.372
7.926	-0.050	0.372
7.926	-0.050	0.372
7.926	-0.052	0.372
7.926	-0.052	0.372
7.927	-0.050	0.372
7.927	-0.050	0.372
7.927	-0.052	0.372
7.927	-0.052	0.372
7.927	-0.050	0.372
7.927	-0.050	0.372
7.927	-0.050	0.372
7.927	-0.050	0.372
7.927	-0.052	0.372
7.927	-0.052	0.372
7.928	-0.050	0.372
7.928	-0.050	0.372
7.928	-0.052	0.372
7.928	-0.052	0.372
7.928	-0.050	0.372
7.928	-0.050	0.372
7.928	-0.050	0.372
7.928	-0.050	0.372
7.928	-0.050	0.373
7.928	-0.050	0.373
7.929	-0.050	0.372
7.929	-0.050	0.372
7.929	-0.050	0.373
7.929	-0.050	0.373
7.929	-0.048	0.373
7.929	-0.048	0.373
7.929	-0.052	0.372
7.929	-0.052	0.372
7.929	-0.050	0.373
7.929	-0.050	0.373
7.930	-0.052	0.373
7.930	-0.052	0.373
7.930	-0.050	0.373
7.930	-0.050	0.373
7.930	-0.048	0.373
7.930	-0.048	0.373
7.930	-0.050	0.373
7.930	-0.050	0.373
7.930	-0.052	0.373
7.930	-0.052	0.373
7.931	-0.050	0.373
7.931	-0.050	0.373
7.931	-0.050	0.374
7.931	-0.050	0.374
7.931	-0.050	0.373
7.931	-0.050	0.373
7.931	-0.050	0.374
7.931	-0.050	0.374
7.931	-0.052	0.374
7.931	-0.052	0.374
7.932	-0.050	0.374
7.932	-0.050	0.374
7.932	-0.052	0.374
7.932	-0.052	0.374
7.932	-0.050	0.374
7.932	-0.050	0.374
7.932	-0.050	0.374
7.932	-0.050	0.374
7.932	-0.052	0.375
7.932	-0.052	0.375
7.933	-0.050	0.374
7.933	-0.050	0.374
7.933	-0.052	0.375
7.933	-0.052	0.375
7.933	-0.054	0.375
7.933	-0.054	0.375
7.933	-0.050	0.375
7.933	-0.050	0.375
7.933	-0.052	0.375
7.933	-0.052	0.375
7.934	-0.050	0.375
7.934	-0.050	0.375
7.934	-0.052	0.376
7.934	-0.052	0.376
7.934	-0.052	0.375
7.934	-0.052	0.375
7.934	-0.050	0.376
7.934	-0.050	0.376
7.934	-0.054	0.376
7.934	-0.054	0.376
7.935	-0.052	0.376
7.935	-0.052	0.376
7.935	-0.052	0.376
7.935	-0.052	0.376
7.935	-0.052	0.376
7.935	-0.052	0.376
7.935	-0.050	0.376
7.935	-0.050	0.376
7.935	-0.052	0.376
7.935	-0.052	0.376
7.936	-0.052	0.376
7.936	-0.052	0.376
7.936	-0.052	0.376
7.936	-0.052	0.376
7.936	-0.054	0.376
7.936	-0.054	0.376
7.936	-0.052	0.376
7.936	-0.052	0.376
7.936	-0.052	0.376
7.936	-0.052	0.376
7.937	-0.052	0.376
7.937	-0.052	0.376
7.937	-0.050	0.376
7.937	-0.050	0.376
7.937	-0.050	0.376
7.937	-0.050	0.376
7.937	-0.050	0.376
7.937	-0.050	0.376
7.937	-0.050	0.376
7.937	-0.050	0.376
7.938	-0.052	0.376
7.938	-0.052	0.376
7.938	-0.050	0.376
7.938	-0.050	0.376
7.938	-0.052	0.376
7.938	-0.052	0.376
7.938	-0.052	0.376
7.938	-0.052	0.376
7.938	-0.052	0.377
7.938	-0.052	0.377
7.939	-0.052	0.377
7.939	-0.052	0.377
7.939	-0.052	0.377
7.939	-0.052	0.377
7.939	-0.052	0.377
7.939	-0.052	0.377
7.939	-0.054	0.376
7.939	-0.054	0.376
7.939	-0.054	0.376
7.939	-0.054	0.376
7.940	-0.052	0.376
7.940	-0.052	0.376
7.940	-0.050	0.377
7.940	-0.050	0.377
7.940	-0.052	0.377
7.940	-0.052	0.377
7.940	-0.054	0.377
7.940	-0.054	0.377
7.940	-0.052	0.377
7.940	-0.052	0.377
7.941	-0.052	0.378
7.941	-0.052	0.378
7.941	-0.052	0.377
7.941	-0.052	0.377
7.941	-0.052	0.377
7.941	-0.052	0.377
7.941	-0.052	0.378
7.941	-0.052	0.378
7.941	-0.052	0.378
7.941	-0.052	0.378
7.942	-0.052	0.378
7.942	-0.052	0.378
7.942	-0.052	0.378
7.942	-0.052	0.378
7.942	-0.052	0.379
7.942	-0.052	0.379
7.942	-0.052	0.377
7.942	-0.052	0.377
7.942	-0.052	0.378
7.942	-0.052	0.378
7.943	-0.050	0.378
7.943	-0.050	0.378
7.943	-0.052	0.378
7.943	-0.052	0.378
7.943	-0.052	0.379
7.943	-0.052	0.379
7.943	-0.052	0.379
7.943	-0.052	0.379
7.943	-0.052	0.379
7.943	-0.052	0.379
7.944	-0.052	0.379
7.944	-0.052	0.379
7.944	-0.052	0.380
7.944	-0.052	0.380
7.944	-0.052	0.379
7.944	-0.052	0.379
7.944	-0.052	0.380
7.944	-0.052	0.380
7.944	-0.052	0.380
7.944	-0.052	0.380
7.945	-0.052	0.379
7.945	-0.052	0.379
7.945	-0.052	0.380
7.945	-0.052	0.380
7.945	-0.050	0.380
7.945	-0.050	0.380
7.945	-0.050	0.380
7.945	-0.050	0.380
7.945	-0.052	0.380
7.945	-0.052	0.380
7.946	-0.054	0.380
7.946	-0.054	0.380
7.946	-0.052	0.380
7.946	-0.052	0.380
7.946	-0.052	0.380
7.946	-0.052	0.380
7.946	-0.052	0.380
7.946	-0.052	0.380
7.946	-0.052	0.380
7.946	-0.052	0.380
7.947	-0.052	0.380
7.947	-0.052	0.380
7.947	-0.052	0.380
7.947	-0.052	0.380
7.947	-0.052	0.381
7.947	-0.052	0.381
7.947	-0.054	0.380
7.947	-0.054	0.380
7.947	-0.052	0.381
7.947	-0.052	0.381
7.948	-0.052	0.381
7.948	-0.052	0.381
7.948	-0.052	0.381
7.948	-0.052	0.381
7.948	-0.050	0.381
7.948	-0.050	0.381
7.948	-0.052	0.381
7.948	-0.052	0.381
7.948	-0.054	0.382
7.948	-0.054	0.382
7.949	-0.052	0.382
7.949	-0.052	0.382
7.949	-0.048	0.381
7.949	-0.048	0.381
7.949	-0.052	0.381
7.949	-0.052	0.381
7.949	-0.052	0.381
7.949	-0.052	0.381
7.949	-0.052	0.382
7.949	-0.052	0.382
7.950	-0.052	0.382
7.950	-0.052	0.382
7.950	-0.050	0.383
7.950	-0.050	0.383
7.950	-0.054	0.382
7.950	-0.054	0.382
7.950	-0.054	0.382
7.950	-0.054	0.382
7.950	-0.052	0.383
7.950	-0.052	0.383
7.951	-0.052	0.383
7.951	-0.052	0.383
7.951	-0.052	0.383
7.951	-0.052	0.383
7.951	-0.052	0.382
7.951	-0.052	0.382
7.951	-0.052	0.383
7.951	-0.052	0.383
7.951	-0.052	0.383
7.951	-0.052	0.383
7.952	-0.052	0.383
7.952	-0.052	0.383
7.952	-0.052	0.383
7.952	-0.052	0.383
7.952	-0.052	0.383
7.952	-0.052	0.383
7.952	-0.052	0.384
7.952	-0.052	0.384
7.952	-0.054	0.384
7.952	-0.054	0.384
7.953	-0.052	0.384
7.953	-0.052	0.384
7.953	-0.052	0.384
7.953	-0.052	0.384
7.953	-0.052	0.384
7.953	-0.052	0.384
7.953	-0.054	0.383
7.953	-0.054	0.383
7.953	-0.054	0.383
7.953	-0.054	0.383
7.954	-0.052	0.384
7.954	-0.052	0.384
7.954	-0.052	0.384
7.954	-0.052	0.384
7.954	-0.054	0.384
7.954	-0.054	0.384
7.954	-0.052	0.384
7.954	-0.052	0.384
7.954	-0.054	0.384
7.954	-0.054	0.384
7.955	-0.052	0.384
7.955	-0.052	0.384
7.955	-0.054	0.384
7.955	-0.054	0.384
7.955	-0.054	0.385
7.955	-0.054	0.385
7.955	-0.054	0.384
7.955	-0.054	0.384
7.955	-0.054	0.384
7.955	-0.054	0.384
7.956	-0.054	0.384
7.956	-0.054	0.384
7.956	-0.050	0.384
7.956	-0.050	0.384
7.956	-0.054	0.384
7.956	-0.054	0.384
7.956	-0.052	0.384
7.956	-0.052	0.384
7.956	-0.054	0.384
7.956	-0.054	0.384
7.957	-0.052	0.384
7.957	-0.052	0.384
7.957	-0.052	0.384
7.957	-0.052	0.384
7.957	-0.052	0.385
7.957	-0.052	0.385
7.957	-0.052	0.385
7.957	-0.052	0.385
7.957	-0.052	0.385
7.957	-0.052	0.385
7.958	-0.054	0.385
7.958	-0.054	0.385
7.958	-0.052	0.386
7.958	-0.052	0.386
7.958	-0.054	0.385
7.958	-0.054	0.385
7.958	-0.054	0.385
7.958	-0.054	0.385
7.958	-0.054	0.385
7.958	-0.054	0.385
7.959	-0.052	0.386
7.959	-0.052	0.386
7.959	-0.054	0.385
7.959	-0.054	0.385
7.959	-0.052	0.386
7.959	-0.052	0.386
7.959	-0.054	0.385
7.959	-0.054	0.385
7.959	-0.052	0.386
7.959	-0.052	0.386
7.960	-0.054	0.386
7.960	-0.054	0.386
7.960	-0.052	0.386
7.960	-0.052	0.386
7.960	-0.050	0.386
7.960	-0.050	0.386
7.960	-0.052	0.387
7.960	-0.052	0.387
7.960	-0.052	0.387
7.960	-0.052	0.387
7.961	-0.054	0.386
7.961	-0.054	0.386
7.961	-0.052	0.387
7.961	-0.052	0.387
7.961	-0.054	0.387
7.961	-0.054	0.387
7.961	-0.054	0.386
7.961	-0.054	0.386
7.961	-0.054	0.386
7.961	-0.054	0.386
7.962	-0.054	0.387
7.962	-0.054	0.387
7.962	-0.052	0.387
7.962	-0.052	0.387
7.962	-0.054	0.387
7.962	-0.054	0.387
7.962	-0.054	0.387
7.962	-0.054	0.387
7.962	-0.054	0.387
7.962	-0.054	0.387
7.963	-0.054	0.387
7.963	-0.054	0.387
7.963	-0.054	0.387
7.963	-0.054	0.387
7.963	-0.054	0.388
7.963	-0.054	0.388
7.963	-0.052	0.387
7.963	-0.052	0.387
7.963	-0.054	0.388
7.963	-0.054	0.388
7.964	-0.052	0.388
7.964	-0.052	0.388
7.964	-0.054	0.388
7.964	-0.054	0.388
7.964	-0.050	0.388
7.964	-0.050	0.388
7.964	-0.052	0.389
7.964	-0.052	0.389
7.964	-0.052	0.388
7.964	-0.052	0.388
7.965	-0.054	0.388
7.965	-0.054	0.388
7.965	-0.052	0.388
7.965	-0.052	0.388
7.965	-0.054	0.388
7.965	-0.054	0.388
7.965	-0.052	0.388
7.965	-0.052	0.388
7.965	-0.052	0.388
7.965	-0.052	0.388
7.966	-0.052	0.388
7.966	-0.052	0.388
7.966	-0.054	0.389
7.966	-0.054	0.389
7.966	-0.052	0.389
7.966	-0.052	0.389
7.966	-0.052	0.389
7.966	-0.052	0.389
7.966	-0.052	0.389
7.966	-0.052	0.389
7.967	-0.052	0.388
7.967	-0.052	0.388
7.967	-0.054	0.389
7.967	-0.054	0.389
7.967	-0.052	0.389
7.967	-0.052	0.389
7.967	-0.056	0.389
7.967	-0.056	0.389
7.967	-0.054	0.389
7.967	-0.054	0.389
7.968	-0.054	0.389
7.968	-0.054	0.389
7.968	-0.052	0.389
7.968	-0.052	0.389
7.968	-0.054	0.390
7.968	-0.054	0.390
7.968	-0.054	0.390
7.968	-0.054	0.390
7.968	-0.054	0.391
7.968	-0.054	0.391
7.969	-0.054	0.389
7.969	-0.054	0.389
7.969	-0.052	0.390
7.969	-0.052	0.390
7.969	-0.056	0.390
7.969	-0.056	0.390
7.969	-0.054	0.390
7.969	-0.054	0.390
7.969	-0.052	0.391
7.969	-0.052	0.391
7.970	-0.054	0.390
7.970	-0.054	0.390
7.970	-0.054	0.390
7.970	-0.054	0.390
7.970	-0.052	0.390
7.970	-0.052	0.390
7.970	-0.052	0.391
7.970	-0.052	0.391
7.970	-0.054	0.390
7.970	-0.054	0.390
7.971	-0.054	0.390
7.971	-0.054	0.390
7.971	-0.052	0.390
7.971	-0.052	0.390
7.971	-0.054	0.391
7.971	-0.054	0.391
7.971	-0.054	0.390
7.971	-0.054	0.390
7.971	-0.054	0.391
7.971	-0.054	0.391
7.972	-0.052	0.391
7.972	-0.052	0.391
7.972	-0.054	0.391
7.972	-0.054	0.391
7.972	-0.054	0.391
7.972	-0.054	0.391
7.972	-0.052	0.391
7.972	-0.052	0.391
7.972	-0.052	0.391
7.972	-0.052	0.391
7.973	-0.054	0.392
7.973	-0.054	0.392
7.973	-0.052	0.392
7.973	-0.052	0.392
7.973	-0.052	0.391
7.973	-0.052	0.391
7.973	-0.052	0.392
7.973	-0.052	0.392
7.973	-0.054	0.392
7.973	-0.054	0.392
7.974	-0.054	0.392
7.974	-0.054	0.392
7.974	-0.052	0.391
7.974	-0.052	0.391
7.974	-0.054	0.392
7.974	-0.054	0.392
7.974	-0.054	0.391
7.974	-0.054	0.391
7.974	-0.054	0.392
7.974	-0.054	0.392
7.975	-0.054	0.392
7.975	-0.054	0.392
7.975	-0.052	0.392
7.975	-0.052	0.392
7.975	-0.054	0.392
7.975	-0.054	0.392
7.975	-0.054	0.392
7.975	-0.054	0.392
7.975	-0.056	0.392
7.975	-0.056	0.392
7.976	-0.054	0.392
7.976	-0.054	0.392
7.976	-0.052	0.392
7.976	-0.052	0.392
7.976	-0.054	0.392
7.976	-0.054	0.392
7.976	-0.052	0.392
7.976	-0.052	0.392
7.976	-0.054	0.392
7.976	-0.054	0.392
7.977	-0.054	0.392
7.977	-0.054	0.392
7.977	-0.056	0.392
7.977	-0.056	0.392
7.977	-0.054	0.392
7.977	-0.054	0.392
7.977	-0.054	0.392
7.977	-0.054	0.392
7.977	-0.054	0.392
7.977	-0.054	0.392
7.978	-0.056	0.392
7.978	-0.056	0.392
7.978	-0.054	0.392
7.978	-0.054	0.392
7.978	-0.054	0.392
7.978	-0.054	0.392
7.978	-0.052	0.393
7.978	-0.052	0.393
7.978	-0.054	0.392
7.978	-0.054	0.392
7.979	-0.054	0.393
7.979	-0.054	0.393
7.979	-0.054	0.393
7.979	-0.054	0.393
7.979	-0.054	0.393
7.979	-0.054	0.393
7.979	-0.054	0.392
7.979	-0.054	0.392
7.979	-0.052	0.393
7.979	-0.052	0.393
7.980	-0.056	0.393
7.980	-0.056	0.393
7.980	-0.054	0.393
7.980	-0.054	0.393
7.980	-0.052	0.392
7.980	-0.052	0.392
7.980	-0.054	0.394
7.980	-0.054	0.394
7.980	-0.054	0.393
7.980	-0.054	0.393
7.981	-0.054	0.393
7.981	-0.054	0.393
7.981	-0.054	0.393
7.981	-0.054	0.393
7.981	-0.054	0.394
7.981	-0.054	0.394
7.981	-0.054	0.394
7.981	-0.054	0.394
7.981	-0.054	0.394
7.981	-0.054	0.394
7.982	-0.054	0.393
7.982	-0.054	0.393
7.982	-0.054	0.393
7.982	-0.054	0.393
7.982	-0.054	0.393
7.982	-0.054	0.393
7.982	-0.054	0.394
7.982	-0.054	0.394
7.982	-0.054	0.394
7.982	-0.054	0.394
7.983	-0.054	0.394
7.983	-0.054	0.394
7.983	-0.054	0.394
7.983	-0.054	0.394
7.983	-0.054	0.394
7.983	-0.054	0.394
7.983	-0.054	0.395
7.983	-0.054	0.395
7.983	-0.054	0.394
7.983	-0.054	0.394
7.984	-0.054	0.394
7.984	-0.054	0.394
7.984	-0.054	0.394
7.984	-0.054	0.394
7.984	-0.054	0.394
7.984	-0.054	0.394
7.984	-0.052	0.394
7.984	-0.052	0.394
7.984	-0.054	0.394
7.984	-0.054	0.394
7.985	-0.054	0.395
7.985	-0.054	0.395
7.985	-0.054	0.395
7.985	-0.054	0.395
7.985	-0.054	0.395
7.985	-0.054	0.395
7.985	-0.054	0.394
7.985	-0.054	0.394
7.985	-0.052	0.395
7.985	-0.052	0.395
7.986	-0.054	0.395
7.986	-0.054	0.395
7.986	-0.054	0.395
7.986	-0.054	0.395
7.986	-0.054	0.396
7.986	-0.054	0.396
7.986	-0.054	0.395
7.986	-0.054	0.395
7.986	-0.054	0.396
7.986	-0.054	0.396
7.987	-0.054	0.396
7.987	-0.054	0.396
7.987	-0.056	0.395
7.987	-0.056	0.395
7.987	-0.054	0.396
7.987	-0.054	0.396
7.987	-0.054	0.396
7.987	-0.054	0.396
7.987	-0.054	0.395
7.987	-0.054	0.395
7.988	-0.054	0.396
7.988	-0.054	0.396
7.988	-0.054	0.396
7.988	-0.054	0.396
7.988	-0.052	0.396
7.988	-0.052	0.396
7.988	-0.054	0.396
7.988	-0.054	0.396
7.988	-0.058	0.396
7.988	-0.058	0.396
7.989	-0.054	0.396
7.989	-0.054	0.396
7.989	-0.058	0.396
7.989	-0.058	0.396
7.989	-0.054	0.396
7.989	-0.054	0.396
7.989	-0.054	0.396
7.989	-0.054	0.396
7.989	-0.052	0.396
7.989	-0.052	0.396
7.990	-0.052	0.396
7.990	-0.052	0.396
7.990	-0.054	0.396
7.990	-0.054	0.396
7.990	-0.054	0.396
7.990	-0.054	0.396
7.990	-0.056	0.396
7.990	-0.056	0.396
7.990	-0.054	0.396
7.990	-0.054	0.396
7.991	-0.054	0.396
7.991	-0.054	0.396
7.991	-0.054	0.395
7.991	-0.054	0.395
7.991	-0.054	0.396
7.991	-0.054	0.396
7.991	-0.054	0.396
7.991	-0.054	0.396
7.991	-0.054	0.396
7.991	-0.054	0.396
7.992	-0.054	0.396
7.992	-0.054	0.396
7.992	-0.054	0.396
7.992	-0.054	0.396
7.992	-0.054	0.396
7.992	-0.054	0.396
7.992	-0.054	0.396
7.992	-0.054	0.396
7.992	-0.054	0.396
7.992	-0.054	0.396
7.993	-0.054	0.396
7.993	-0.054	0.396
7.993	-0.054	0.396
7.993	-0.054	0.396
7.993	-0.054	0.396
7.993	-0.054	0.396
7.993	-0.054	0.396
7.993	-0.054	0.396
7.993	-0.052	0.396
7.993	-0.052	0.396
7.994	-0.056	0.396
7.994	-0.056	0.396
7.994	-0.054	0.396
7.994	-0.054	0.396
7.994	-0.054	0.396
7.994	-0.054	0.396
7.994	-0.054	0.396
7.994	-0.054	0.396
7.994	-0.054	0.397
7.994	-0.054	0.397
7.995	-0.056	0.396
7.995	-0.056	0.396
7.995	-0.054	0.396
7.995	-0.054	0.396
7.995	-0.054	0.396
7.995	-0.054	0.396
7.995	-0.054	0.396
7.995	-0.054	0.396
7.995	-0.054	0.396
7.995	-0.054	0.396
7.996	-0.054	0.396
7.996	-0.054	0.396
7.996	-0.054	0.397
7.996	-0.054	0.397
7.996	-0.054	0.396
7.996	-0.054	0.396
7.996	-0.056	0.396
7.996	-0.056	0.396
7.996	-0.054	0.396
7.996	-0.054	0.396
7.997	-0.056	0.396
7.997	-0.056	0.396
7.997	-0.054	0.396
7.997	-0.054	0.396
7.997	-0.054	0.397
7.997	-0.054	0.397
7.997	-0.054	0.396
7.997	-0.054	0.396
7.997	-0.054	0.397
7.997	-0.054	0.397
7.998	-0.054	0.396
7.998	-0.054	0.396
7.998	-0.054	0.396
7.998	-0.054	0.396
7.998	-0.054	0.397
7.998	-0.054	0.397
7.998	-0.058	0.396
7.998	-0.058	0.396
7.998	-0.054	0.397
7.998	-0.054	0.397
7.999	-0.054	0.397
7.999	-0.054	0.397
7.999	-0.056	0.397
7.999	-0.056	0.397
7.999	-0.054	0.396
7.999	-0.054	0.396
7.999	-0.056	0.397
7.999	-0.056	0.397
7.999	-0.056	0.397
7.999	-0.056	0.397
8.000	-0.054	0.397
8.000	-0.054	0.397
8.000	-0.052	0.397
8.000	-0.052	0.397
8.000	-0.054	0.397
8.000	-0.054	0.397
8.000	-0.056	0.398
8.000	-0.056	0.398
8.000	-0.056	0.397
8.000	-0.056	0.397
8.001	-0.054	0.397
8.001	-0.054	0.397
8.001	-0.054	0.397
8.001	-0.054	0.397
8.001	-0.054	0.397
8.001	-0.054	0.397
8.001	-0.054	0.397
8.001	-0.054	0.397
8.001	-0.054	0.397
8.001	-0.054	0.397
8.002	-0.056	0.397
8.002	-0.056	0.397
8.002	-0.054	0.397
8.002	-0.054	0.397
8.002	-0.054	0.397
8.002	-0.054	0.397
8.002	-0.056	0.398
8.002	-0.056	0.398
8.002	-0.054	0.397
8.002	-0.054	0.397
8.003	-0.054	0.398
8.003	-0.054	0.398
8.003	-0.056	0.398
8.003	-0.056	0.398
8.003	-0.054	0.398
8.003	-0.054	0.398
8.003	-0.056	0.398
8.003	-0.056	0.398
8.003	-0.056	0.398
8.003	-0.056	0.398
8.004	-0.054	0.398
8.004	-0.054	0.398
8.004	-0.058	0.397
8.004	-0.058	0.397
8.004	-0.058	0.398
8.004	-0.058	0.398
8.004	-0.054	0.397
8.004	-0.054	0.397
8.004	-0.054	0.399
8.004	-0.054	0.399
8.005	-0.054	0.398
8.005	-0.054	0.398
8.005	-0.054	0.397
8.005	-0.054	0.397
8.005	-0.056	0.398
8.005	-0.056	0.398
8.005	-0.058	0.397
8.005	-0.058	0.397
8.005	-0.054	0.398
8.005	-0.054	0.398
8.006	-0.054	0.398
8.006	-0.054	0.398
8.006	-0.054	0.398
8.006	-0.054	0.398
8.006	-0.054	0.398
8.006	-0.054	0.398
8.006	-0.054	0.398
8.006	-0.054	0.398
8.006	-0.054	0.398
8.006	-0.054	0.398
8.007	-0.058	0.398
8.007	-0.058	0.398
8.007	-0.054	0.398
8.007	-0.054	0.398
8.007	-0.054	0.398
8.007	-0.054	0.398
8.007	-0.054	0.398
8.007	-0.054	0.398
8.007	-0.054	0.398
8.007	-0.054	0.398
8.008	-0.054	0.398
8.008	-0.054	0.398
8.008	-0.058	0.399
8.008	-0.058	0.399
8.008	-0.054	0.398
8.008	-0.054	0.398
8.008	-0.054	0.398
8.008	-0.054	0.398
8.008	-0.054	0.399
8.008	-0.054	0.399
8.009	-0.054	0.397
8.009	-0.054	0.397
8.009	-0.054	0.398
8.009	-0.054	0.398
8.009	-0.054	0.398
8.009	-0.054	0.398
8.009	-0.056	0.398
8.009	-0.056	0.398
8.009	-0.054	0.399
8.009	-0.054	0.399
8.010	-0.056	0.398
8.010	-0.056	0.398
8.010	-0.054	0.397
8.010	-0.054	0.397
8.010	-0.058	0.398
8.010	-0.058	0.398
8.010	-0.056	0.398
8.010	-0.056	0.398
8.010	-0.056	0.399
8.010	-0.056	0.399
8.011	-0.056	0.398
8.011	-0.056	0.398
8.011	-0.056	0.398
8.011	-0.056	0.398
8.011	-0.054	0.398
8.011	-0.054	0.398
8.011	-0.054	0.398
8.011	-0.054	0.398
8.011	-0.058	0.398
8.011	-0.058	0.398
8.012	-0.058	0.399
8.012	-0.058	0.399
8.012	-0.056	0.398
8.012	-0.056	0.398
8.012	-0.058	0.399
8.012	-0.058	0.399
8.012	-0.058	0.398
8.012	-0.058	0.398
8.012	-0.058	0.398
8.012	-0.058	0.398
8.013	-0.060	0.399
8.013	-0.060	0.399
8.013	-0.058	0.398
8.013	-0.058	0.398
8.013	-0.054	0.397
8.013	-0.054	0.397
8.013	-0.054	0.398
8.013	-0.054	0.398
8.013	-0.058	0.398
8.013	-0.058	0.398
8.014	-0.056	0.398
8.014	-0.056	0.398
8.014	-0.056	0.398
8.014	-0.056	0.398
8.014	-0.058	0.398
8.014	-0.058	0.398
8.014	-0.056	0.398
8.014	-0.056	0.398
8.014	-0.058	0.398
8.014	-0.058	0.398
8.015	-0.058	0.399
8.015	-0.058	0.399
8.015	-0.056	0.399
8.015	-0.056	0.399
8.015	-0.058	0.398
8.015	-0.058	0.398
8.015	-0.056	0.398
8.015	-0.056	0.398
8.015	-0.058	0.398
8.015	-0.058	0.398
8.016	-0.056	0.398
8.016	-0.056	0.398
8.016	-0.058	0.398
8.016	-0.058	0.398
8.016	-0.058	0.399
8.016	-0.058	0.399
8.016	-0.054	0.399
8.016	-0.054	0.399
8.016	-0.054	0.399
8.016	-0.054	0.399
8.017	-0.056	0.398
8.017	-0.056	0.398
8.017	-0.058	0.398
8.017	-0.058	0.398
8.017	-0.056	0.398
8.017	-0.056	0.398
8.017	-0.056	0.399
8.017	-0.056	0.399
8.017	-0.058	0.398
8.017	-0.058	0.398
8.018	-0.058	0.399
8.018	-0.058	0.399
8.018	-0.058	0.399
8.018	-0.058	0.399
8.018	-0.058	0.398
8.018	-0.058	0.398
8.018	-0.056	0.398
8.018	-0.056	0.398
8.018	-0.056	0.399
8.018	-0.056	0.399
8.019	-0.056	0.399
8.019	-0.056	0.399
8.019	-0.058	0.399
8.019	-0.058	0.399
8.019	-0.054	0.399
8.019	-0.054	0.399
8.019	-0.058	0.399
8.019	-0.058	0.399
8.019	-0.054	0.398
8.019	-0.054	0.398
8.020	-0.054	0.399
8.020	-0.054	0.399
8.020	-0.054	0.399
8.020	-0.054	0.399
8.020	-0.058	0.398
8.020	-0.058	0.398
8.020	-0.058	0.399
8.020	-0.058	0.399
8.020	-0.056	0.398
8.020	-0.056	0.398
8.021	-0.054	0.399
8.021	-0.054	0.399
8.021	-0.058	0.399
8.021	-0.058	0.399
8.021	-0.058	0.399
8.021	-0.058	0.399
8.021	-0.054	0.399
8.021	-0.054	0.399
8.021	-0.056	0.398
8.021	-0.056	0.398
8.022	-0.054	0.399
8.022	-0.054	0.399
8.022	-0.056	0.398
8.022	-0.056	0.398
8.022	-0.058	0.398
8.022	-0.058	0.398
8.022	-0.054	0.399
8.022	-0.054	0.399
8.022	-0.054	0.399
8.022	-0.054	0.399
8.023	-0.058	0.400
8.023	-0.058	0.400
8.023	-0.058	0.399
8.023	-0.058	0.399
8.023	-0.054	0.398
8.023	-0.054	0.398
8.023	-0.054	0.399
8.023	-0.054	0.399
8.023	-0.056	0.398
8.023	-0.056	0.398
8.024	-0.056	0.398
8.024	-0.056	0.398
8.024	-0.058	0.398
8.024	-0.058	0.398
8.024	-0.054	0.399
8.024	-0.054	0.399
8.024	-0.058	0.398
8.024	-0.058	0.398
8.024	-0.058	0.398
8.024	-0.058	0.398
8.025	-0.058	0.398
8.025	-0.058	0.398
8.025	-0.056	0.398
8.025	-0.056	0.398
8.025	-0.058	0.398
8.025	-0.058	0.398
8.025	-0.058	0.399
8.025	-0.058	0.399
8.025	-0.058	0.400
8.025	-0.058	0.400
8.026	-0.058	0.398
8.026	-0.058	0.398
8.026	-0.058	0.399
8.026	-0.058	0.399
8.026	-0.058	0.399
8.026	-0.058	0.399
8.026	-0.058	0.399
8.026	-0.058	0.399
8.026	-0.058	0.398
8.026	-0.058	0.398
8.027	-0.058	0.398
8.027	-0.058	0.398
8.027	-0.056	0.399
8.027	-0.056	0.399
8.027	-0.058	0.399
8.027	-0.058	0.399
8.027	-0.054	0.399
8.027	-0.054	0.399
8.027	-0.056	0.399
8.027	-0.056	0.399
8.028	-0.058	0.398
8.028	-0.058	0.398
8.028	-0.058	0.399
8.028	-0.058	0.399
8.028	-0.058	0.399
8.028	-0.058	0.399
8.028	-0.056	0.399
8.028	-0.056	0.399
8.028	-0.058	0.399
8.028	-0.058	0.399
8.029	-0.058	0.398
8.029	-0.058	0.398
8.029	-0.058	0.399
8.029	-0.058	0.399
8.029	-0.058	0.399
8.029	-0.058	0.399
8.029	-0.058	0.398
8.029	-0.058	0.398
8.029	-0.058	0.398
8.029	-0.058	0.398
8.030	-0.056	0.399
8.030	-0.056	0.399
8.030	-0.056	0.398
8.030	-0.056	0.398
8.030	-0.058	0.399
8.030	-0.058	0.399
8.030	-0.058	0.399
8.030	-0.058	0.399
8.030	-0.056	0.398
8.030	-0.056	0.398
8.031	-0.058	0.399
8.031	-0.058	0.399
8.031	-0.058	0.398
8.031	-0.058	0.398
8.031	-0.058	0.398
8.031	-0.058	0.398
8.031	-0.058	0.398
8.031	-0.058	0.398
8.031	-0.056	0.398
8.031	-0.056	0.398
8.032	-0.056	0.399
8.032	-0.056	0.399
8.032	-0.058	0.397
8.032	-0.058	0.397
8.032	-0.054	0.398
8.032	-0.054	0.398
8.032	-0.056	0.398
8.032	-0.056	0.398
8.032	-0.060	0.399
8.032	-0.060	0.399
8.033	-0.056	0.398
8.033	-0.056	0.398
8.033	-0.058	0.398
8.033	-0.058	0.398
8.033	-0.058	0.398
8.033	-0.058	0.398
8.033	-0.058	0.398
8.033	-0.058	0.398
8.033	-0.058	0.398
8.033	-0.058	0.398
8.034	-0.056	0.398
8.034	-0.056	0.398
8.034	-0.058	0.398
8.034	-0.058	0.398
8.034	-0.058	0.398
8.034	-0.058	0.398
8.034	-0.058	0.398
8.034	-0.058	0.398
8.034	-0.058	0.399
8.034	-0.058	0.399
8.035	-0.058	0.398
8.035	-0.058	0.398
8.035	-0.054	0.398
8.035	-0.054	0.398
8.035	-0.058	0.399
8.035	-0.058	0.399
8.035	-0.058	0.398
8.035	-0.058	0.398
8.035	-0.058	0.399
8.035	-0.058	0.399
8.036	-0.054	0.398
8.036	-0.054	0.398
8.036	-0.058	0.398
8.036	-0.058	0.398
8.036	-0.058	0.398
8.036	-0.058	0.398
8.036	-0.058	0.399
8.036	-0.058	0.399
8.036	-0.056	0.398
8.036	-0.056	0.398
8.037	-0.058	0.398
8.037	-0.058	0.398
8.037	-0.056	0.399
8.037	-0.056	0.399
8.037	-0.060	0.397
8.037	-0.060	0.397
8.037	-0.058	0.398
8.037	-0.058	0.398
8.037	-0.058	0.399
8.037	-0.058	0.399
8.038	-0.058	0.398
8.038	-0.058	0.398
8.038	-0.058	0.398
8.038	-0.058	0.398
8.038	-0.058	0.398
8.038	-0.058	0.398
8.038	-0.060	0.398
8.038	-0.060	0.398
8.038	-0.058	0.398
8.038	-0.058	0.398
8.039	-0.054	0.398
8.039	-0.054	0.398
8.039	-0.058	0.397
8.039	-0.058	0.397
8.039	-0.058	0.397
8.039	-0.058	0.397
8.039	-0.058	0.398
8.039	-0.058	0.398
8.039	-0.054	0.398
8.039	-0.054	0.398
8.040	-0.058	0.399
8.040	-0.058	0.399
8.040	-0.058	0.398
8.040	-0.058	0.398
8.040	-0.054	0.398
8.040	-0.054	0.398
8.040	-0.058	0.397
8.040	-0.058	0.397
8.040	-0.060	0.399
8.040	-0.060	0.399
8.041	-0.058	0.399
8.041	-0.058	0.399
8.041	-0.058	0.398
8.041	-0.058	0.398
8.041	-0.058	0.398
8.041	-0.058	0.398
8.041	-0.058	0.397
8.041	-0.058	0.397
8.041	-0.058	0.398
8.041	-0.058	0.398
8.042	-0.058	0.398
8.042	-0.058	0.398
8.042	-0.058	0.397
8.042	-0.058	0.397
8.042	-0.058	0.398
8.042	-0.058	0.398
8.042	-0.058	0.399
8.042	-0.058	0.399
8.042	-0.060	0.398
8.042	-0.060	0.398
8.043	-0.058	0.398
8.043	-0.058	0.398
8.043	-0.060	0.397
8.043	-0.060	0.397
8.043	-0.060	0.398
8.043	-0.060	0.398
8.043	-0.058	0.398
8.043	-0.058	0.398
8.043	-0.058	0.397
8.043	-0.058	0.397
8.044	-0.058	0.398
8.044	-0.058	0.398
8.044	-0.056	0.398
8.044	-0.056	0.398
8.044	-0.060	0.398
8.044	-0.060	0.398
8.044	-0.058	0.397
8.044	-0.058	0.397
8.044	-0.058	0.398
8.044	-0.058	0.398
8.045	-0.058	0.398
8.045	-0.058	0.398
8.045	-0.060	0.398
8.045	-0.060	0.398
8.045	-0.058	0.398
8.045	-0.058	0.398
8.045	-0.058	0.398
8.045	-0.058	0.398
8.045	-0.058	0.397
8.045	-0.058	0.397
8.046	-0.058	0.397
8.046	-0.058	0.397
8.046	-0.058	0.398
8.046	-0.058	0.398
8.046	-0.060	0.398
8.046	-0.060	0.398
8.046	-0.058	0.398
8.046	-0.058	0.398
8.046	-0.058	0.397
8.046	-0.058	0.397
8.047	-0.058	0.398
8.047	-0.058	0.398
8.047	-0.058	0.398
8.047	-0.058	0.398
8.047	-0.058	0.398
8.047	-0.058	0.398
8.047	-0.058	0.397
8.047	-0.058	0.397
8.047	-0.058	0.397
8.047	-0.058	0.397
8.048	-0.058	0.398
8.048	-0.058	0.398
8.048	-0.058	0.397
8.048	-0.058	0.397
8.048	-0.058	0.398
8.048	-0.058	0.398
8.048	-0.058	0.397
8.048	-0.058	0.397
8.048	-0.056	0.397
8.048	-0.056	0.397
8.049	-0.060	0.397
8.049	-0.060	0.397
8.049	-0.054	0.397
8.049	-0.054	0.397
8.049	-0.056	0.397
8.049	-0.056	0.397
8.049	-0.058	0.397
8.049	-0.058	0.397
8.049	-0.060	0.397
8.049	-0.060	0.397
8.050	-0.058	0.397
8.050	-0.058	0.397
8.050	-0.058	0.397
8.050	-0.058	0.397
8.050	-0.058	0.396
8.050	-0.058	0.396
8.050	-0.058	0.398
8.050	-0.058	0.398
8.050	-0.058	0.397
8.050	-0.058	0.397
8.051	-0.056	0.398
8.051	-0.056	0.398
8.051	-0.060	0.397
8.051	-0.060	0.397
8.051	-0.058	0.398
8.051	-0.058	0.398
8.051	-0.060	0.398
8.051	-0.060	0.398
8.051	-0.058	0.397
8.051	-0.058	0.397
8.052	-0.058	0.398
8.052	-0.058	0.398
8.052	-0.056	0.397
8.052	-0.056	0.397
8.052	-0.058	0.398
8.052	-0.058	0.398
8.052	-0.058	0.398
8.052	-0.058	0.398
8.052	-0.056	0.397
8.052	-0.056	0.397
8.053	-0.060	0.398
8.053	-0.060	0.398
8.053	-0.058	0.397
8.053	-0.058	0.397
8.053	-0.060	0.397
8.053	-0.060	0.397
8.053	-0.060	0.396
8.053	-0.060	0.396
8.053	-0.060	0.397
8.053	-0.060	0.397
8.054	-0.058	0.397
8.054	-0.058	0.397
8.054	-0.058	0.397
8.054	-0.058	0.397
8.054	-0.058	0.397
8.054	-0.058	0.397
8.054	-0.060	0.398
8.054	-0.060	0.398
8.054	-0.058	0.397
8.054	-0.058	0.397
8.055	-0.058	0.397
8.055	-0.058	0.397
8.055	-0.058	0.396
8.055	-0.058	0.396
8.055	-0.060	0.397
8.055	-0.060	0.397
8.055	-0.060	0.396
8.055	-0.060	0.396
8.055	-0.060	0.398
8.055	-0.060	0.398
8.056	-0.058	0.396
8.056	-0.058	0.396
8.056	-0.060	0.396
8.056	-0.060	0.396
8.056	-0.060	0.397
8.056	-0.060	0.397
8.056	-0.060	0.397
8.056	-0.060	0.397
8.056	-0.058	0.397
8.056	-0.058	0.397
8.057	-0.058	0.397
8.057	-0.058	0.397
8.057	-0.058	0.396
8.057	-0.058	0.396
8.057	-0.058	0.396
8.057	-0.058	0.396
8.057	-0.058	0.397
8.057	-0.058	0.397
8.057	-0.060	0.397
8.057	-0.060	0.397
8.058	-0.062	0.397
8.058	-0.062	0.397
8.058	-0.060	0.396
8.058	-0.060	0.396
8.058	-0.060	0.397
8.058	-0.060	0.397
8.058	-0.058	0.397
8.058	-0.058	0.397
8.058	-0.058	0.397
8.058	-0.058	0.397
8.059	-0.058	0.396
8.059	-0.058	0.396
8.059	-0.060	0.396
8.059	-0.060	0.396
8.059	-0.060	0.397
8.059	-0.060	0.397
8.059	-0.062	0.397
8.059	-0.062	0.397
8.059	-0.060	0.397
8.059	-0.060	0.397
8.060	-0.058	0.397
8.060	-0.058	0.397
8.060	-0.060	0.397
8.060	-0.060	0.397
8.060	-0.058	0.397
8.060	-0.058	0.397
8.060	-0.060	0.396
8.060	-0.060	0.396
8.060	-0.060	0.396
8.060	-0.060	0.396
8.061	-0.060	0.397
8.061	-0.060	0.397
8.061	-0.060	0.398
8.061	-0.060	0.398
8.061	-0.060	0.396
8.061	-0.060	0.396
8.061	-0.060	0.397
8.061	-0.060	0.397
8.061	-0.060	0.396
8.061	-0.060	0.396
8.062	-0.058	0.397
8.062	-0.058	0.397
8.062	-0.060	0.396
8.062	-0.060	0.396
8.062	-0.058	0.396
8.062	-0.058	0.396
8.062	-0.060	0.398
8.062	-0.060	0.398
8.062	-0.058	0.396
8.062	-0.058	0.396
8.063	-0.060	0.397
8.063	-0.060	0.397
8.063	-0.060	0.397
8.063	-0.060	0.397
8.063	-0.060	0.396
8.063	-0.060	0.396
8.063	-0.058	0.396
8.063	-0.058	0.396
8.063	-0.056	0.397
8.063	-0.056	0.397
8.064	-0.060	0.397
8.064	-0.060	0.397
8.064	-0.060	0.396
8.064	-0.060	0.396
8.064	-0.058	0.397
8.064	-0.058	0.397
8.064	-0.060	0.397
8.064	-0.060	0.397
8.064	-0.058	0.396
8.064	-0.058	0.396
8.065	-0.060	0.396
8.065	-0.060	0.396
8.065	-0.060	0.397
8.065	-0.060	0.397
8.065	-0.060	0.396
8.065	-0.060	0.396
8.065	-0.060	0.397
8.065	-0.060	0.397
8.065	-0.060	0.396
8.065	-0.060	0.396
8.066	-0.060	0.397
8.066	-0.060	0.397
8.066	-0.060	0.397
8.066	-0.060	0.397
8.066	-0.060	0.397
8.066	-0.060	0.397
8.066	-0.060	0.396
8.066	-0.060	0.396
8.066	-0.060	0.398
8.066	-0.060	0.398
8.067	-0.060	0.396
8.067	-0.060	0.396
8.067	-0.060	0.396
8.067	-0.060	0.396
8.067	-0.060	0.397
8.067	-0.060	0.397
8.067	-0.060	0.397
8.067	-0.060	0.397
8.067	-0.058	0.398
8.067	-0.058	0.398
8.068	-0.062	0.396
8.068	-0.062	0.396
8.068	-0.060	0.397
8.068	-0.060	0.397
8.068	-0.062	0.397
8.068	-0.062	0.397
8.068	-0.060	0.397
8.068	-0.060	0.397
8.068	-0.060	0.397
8.068	-0.060	0.397
8.069	-0.060	0.398
8.069	-0.060	0.398
8.069	-0.058	0.396
8.069	-0.058	0.396
8.069	-0.062	0.397
8.069	-0.062	0.397
8.069	-0.060	0.396
8.069	-0.060	0.396
8.069	-0.062	0.397
8.069	-0.062	0.397
8.070	-0.062	0.397
8.070	-0.062	0.397
8.070	-0.060	0.396
8.070	-0.060	0.396
8.070	-0.062	0.396
8.070	-0.062	0.396
8.070	-0.060	0.397
8.070	-0.060	0.397
8.070	-0.062	0.396
8.070	-0.062	0.396
8.071	-0.062	0.397
8.071	-0.062	0.397
8.071	-0.062	0.396
8.071	-0.062	0.396
8.071	-0.058	0.397
8.071	-0.058	0.397
8.071	-0.062	0.396
8.071	-0.062	0.396
8.071	-0.060	0.398
8.071	-0.060	0.398
8.072	-0.060	0.397
8.072	-0.060	0.397
8.072	-0.058	0.397
8.072	-0.058	0.397
8.072	-0.060	0.396
8.072	-0.060	0.396
8.072	-0.062	0.397
8.072	-0.062	0.397
8.072	-0.060	0.396
8.072	-0.060	0.396
8.073	-0.060	0.396
8.073	-0.060	0.396
8.073	-0.060	0.396
8.073	-0.060	0.396
8.073	-0.060	0.397
8.073	-0.060	0.397
8.073	-0.060	0.396
8.073	-0.060	0.396
8.073	-0.060	0.397
8.073	-0.060	0.397
8.074	-0.058	0.397
8.074	-0.058	0.397
8.074	-0.060	0.397
8.074	-0.060	0.397
8.074	-0.058	0.397
8.074	-0.058	0.397
8.074	-0.058	0.398
8.074	-0.058	0.398
8.074	-0.058	0.397
8.074	-0.058	0.397
8.075	-0.058	0.397
8.075	-0.058	0.397
8.075	-0.062	0.396
8.075	-0.062	0.396
8.075	-0.060	0.397
8.075	-0.060	0.397
8.075	-0.060	0.396
8.075	-0.060	0.396
8.075	-0.058	0.396
8.075	-0.058	0.396
8.076	-0.060	0.396
8.076	-0.060	0.396
8.076	-0.062	0.397
8.076	-0.062	0.397
8.076	-0.062	0.396
8.076	-0.062	0.396
8.076	-0.060	0.397
8.076	-0.060	0.397
8.076	-0.060	0.397
8.076	-0.060	0.397
8.077	-0.062	0.396
8.077	-0.062	0.396
8.077	-0.062	0.396
8.077	-0.062	0.396
8.077	-0.058	0.396
8.077	-0.058	0.396
8.077	-0.060	0.397
8.077	-0.060	0.397
8.077	-0.062	0.396
8.077	-0.062	0.396
8.078	-0.060	0.397
8.078	-0.060	0.397
8.078	-0.062	0.398
8.078	-0.062	0.398
8.078	-0.062	0.396
8.078	-0.062	0.396
8.078	-0.062	0.396
8.078	-0.062	0.396
8.078	-0.062	0.397
8.078	-0.062	0.397
8.079	-0.060	0.396
8.079	-0.060	0.396
8.079	-0.060	0.397
8.079	-0.060	0.397
8.079	-0.062	0.397
8.079	-0.062	0.397
8.079	-0.062	0.396
8.079	-0.062	0.396
8.079	-0.060	0.398
8.079	-0.060	0.398
8.080	-0.060	0.397
8.080	-0.060	0.397
8.080	-0.060	0.396
8.080	-0.060	0.396
8.080	-0.062	0.396
8.080	-0.062	0.396
8.080	-0.062	0.397
8.080	-0.062	0.397
8.080	-0.064	0.396
8.080	-0.064	0.396
8.081	-0.062	0.397
8.081	-0.062	0.397
8.081	-0.062	0.396
8.081	-0.062	0.396
8.081	-0.062	0.397
8.081	-0.062	0.397
8.081	-0.060	0.396
8.081	-0.060	0.396
8.081	-0.062	0.396
8.081	-0.062	0.396
8.082	-0.062	0.397
8.082	-0.062	0.397
8.082	-0.058	0.397
8.082	-0.058	0.397
8.082	-0.062	0.396
8.082	-0.062	0.396
8.082	-0.060	0.397
8.082	-0.060	0.397
8.082	-0.060	0.397
8.082	-0.060	0.397
8.083	-0.060	0.397
8.083	-0.060	0.397
8.083	-0.062	0.396
8.083	-0.062	0.396
8.083	-0.062	0.396
8.083	-0.062	0.396
8.083	-0.060	0.396
8.083	-0.060	0.396
8.083	-0.060	0.397
8.083	-0.060	0.397
8.084	-0.060	0.397
8.084	-0.060	0.397
8.084	-0.060	0.397
8.084	-0.060	0.397
8.084	-0.060	0.396
8.084	-0.060	0.396
8.084	-0.062	0.396
8.084	-0.062	0.396
8.084	-0.060	0.396
8.084	-0.060	0.396
8.085	-0.062	0.397
8.085	-0.062	0.397
8.085	-0.060	0.397
8.085	-0.060	0.397
8.085	-0.060	0.397
8.085	-0.060	0.397
8.085	-0.060	0.396
8.085	-0.060	0.396
8.085	-0.060	0.396
8.085	-0.060	0.396
8.086	-0.060	0.397
8.086	-0.060	0.397
8.086	-0.062	0.396
8.086	-0.062	0.396
8.086	-0.060	0.396
8.086	-0.060	0.396
8.086	-0.060	0.397
8.086	-0.060	0.397
8.086	-0.062	0.397
8.086	-0.062	0.397
8.087	-0.062	0.397
8.087	-0.062	0.397
8.087	-0.062	0.396
8.087	-0.062	0.396
8.087	-0.060	0.397
8.087	-0.060	0.397
8.087	-0.062	0.397
8.087	-0.062	0.397
8.087	-0.062	0.397
8.087	-0.062	0.397
8.088	-0.060	0.397
8.088	-0.060	0.397
8.088	-0.062	0.396
8.088	-0.062	0.396
8.088	-0.062	0.396
8.088	-0.062	0.396
8.088	-0.062	0.396
8.088	-0.062	0.396
8.088	-0.062	0.396
8.088	-0.062	0.396
8.089	-0.062	0.397
8.089	-0.062	0.397
8.089	-0.062	0.396
8.089	-0.062	0.396
8.089	-0.058	0.396
