-2.720	0.240	0.080
-2.718	0.240	0.080
-2.716	0.240	0.080
-2.714	0.240	0.040
-2.712	0.240	0.040
-2.710	0.200	0.060
-2.708	0.200	0.060
-2.706	0.240	0.040
-2.704	0.240	0.040
-2.702	0.280	0.040
-2.700	0.280	0.040
-2.698	0.280	0.040
-2.696	0.280	0.040
-2.694	0.200	0.060
-2.692	0.200	0.060
-2.690	0.240	0.040
-2.688	0.240	0.040
-2.686	0.160	0.060
-2.684	0.160	0.060
-2.682	0.200	0.060
-2.680	0.200	0.060
-2.678	0.200	0.040
-2.676	0.200	0.040
-2.674	0.200	0.040
-2.672	0.200	0.040
-2.670	0.200	0.080
-2.668	0.200	0.080
-2.666	0.200	0.060
-2.664	0.200	0.060
-2.662	0.200	0.040
-2.660	0.200	0.040
-2.658	0.120	0.040
-2.656	0.120	0.040
-2.654	0.160	0.060
-2.652	0.160	0.060
-2.650	0.200	0.020
-2.648	0.200	0.020
-2.646	0.160	0.060
-2.644	0.160	0.060
-2.642	0.120	0.060
-2.640	0.120	0.060
-2.638	0.160	0.040
-2.636	0.160	0.040
-2.634	0.160	0.060
-2.632	0.160	0.060
-2.630	0.160	0.040
-2.628	0.160	0.040
-2.626	0.120	0.020
-2.624	0.120	0.020
-2.622	0.160	0.040
-2.620	0.160	0.040
-2.618	0.120	0.060
-2.616	0.120	0.060
-2.614	0.120	0.040
-2.612	0.120	0.040
-2.610	0.080	0.040
-2.608	0.080	0.040
-2.606	0.080	0.060
-2.604	0.080	0.060
-2.602	0.080	0.060
-2.600	0.080	0.060
-2.598	0.080	0.040
-2.596	0.080	0.040
-2.594	0.080	0.040
-2.592	0.080	0.040
-2.590	0.080	0.060
-2.588	0.080	0.060
-2.586	0.080	0.040
-2.584	0.080	0.040
-2.582	0.080	0.040
-2.580	0.080	0.040
-2.578	0.040	0.040
-2.576	0.040	0.040
-2.574	0.080	0.040
-2.572	0.080	0.040
-2.570	0.080	0.040
-2.568	0.080	0.040
-2.566	0.080	0.040
-2.564	0.080	0.040
-2.562	0.080	0.060
-2.560	0.080	0.060
-2.558	0.040	0.040
-2.556	0.040	0.040
-2.554	0.040	0.040
-2.552	0.040	0.040
-2.550	0.040	0.040
-2.548	0.040	0.040
-2.546	0.000	0.040
-2.544	0.000	0.040
-2.542	0.040	0.040
-2.540	0.040	0.040
-2.538	0.000	0.040
-2.536	0.000	0.040
-2.534	0.000	0.040
-2.532	0.000	0.040
-2.530	0.000	0.040
-2.528	0.000	0.040
-2.526	0.000	0.040
-2.524	0.000	0.040
-2.522	-0.040	0.040
-2.520	-0.040	0.040
-2.518	-0.040	0.040
-2.516	-0.040	0.040
-2.514	0.000	0.040
-2.512	0.000	0.040
-2.510	0.000	0.040
-2.508	0.000	0.040
-2.506	-0.040	0.020
-2.504	-0.040	0.020
-2.502	-0.040	0.040
-2.500	-0.040	0.040
-2.498	0.000	0.060
-2.496	0.000	0.060
-2.494	-0.040	0.040
-2.492	-0.040	0.040
-2.490	-0.080	0.020
-2.488	-0.080	0.020
-2.486	-0.080	0.040
-2.484	-0.080	0.040
-2.482	-0.040	0.040
-2.480	-0.040	0.040
-2.478	-0.080	0.020
-2.476	-0.080	0.020
-2.474	-0.040	0.040
-2.472	-0.040	0.040
-2.470	-0.120	0.060
-2.468	-0.120	0.060
-2.466	-0.080	0.040
-2.464	-0.080	0.040
-2.462	-0.120	0.040
-2.460	-0.120	0.040
-2.458	-0.120	0.020
-2.456	-0.120	0.020
-2.454	-0.120	0.040
-2.452	-0.120	0.040
-2.450	-0.120	0.040
-2.448	-0.120	0.040
-2.446	-0.120	0.040
-2.444	-0.120	0.040
-2.442	-0.120	0.040
-2.440	-0.120	0.040
-2.438	-0.120	0.040
-2.436	-0.120	0.040
-2.434	-0.200	0.040
-2.432	-0.200	0.040
-2.430	-0.120	0.040
-2.428	-0.120	0.040
-2.426	-0.120	0.040
-2.424	-0.120	0.040
-2.422	-0.120	0.040
-2.420	-0.120	0.040
-2.418	-0.120	0.040
-2.416	-0.120	0.040
-2.414	-0.120	0.020
-2.412	-0.120	0.020
-2.410	-0.160	0.040
-2.408	-0.160	0.040
-2.406	-0.200	0.060
-2.404	-0.200	0.060
-2.402	-0.200	0.040
-2.400	-0.200	0.040
-2.398	-0.160	0.040
-2.396	-0.160	0.040
-2.394	-0.200	0.040
-2.392	-0.200	0.040
-2.390	-0.200	0.040
-2.388	-0.200	0.040
-2.386	-0.200	0.040
-2.384	-0.200	0.040
-2.382	-0.200	0.040
-2.380	-0.200	0.040
-2.378	-0.160	0.040
-2.376	-0.160	0.040
-2.374	-0.240	0.040
-2.372	-0.240	0.040
-2.370	-0.200	0.040
-2.368	-0.200	0.040
-2.366	-0.160	0.040
-2.364	-0.160	0.040
-2.362	-0.200	0.020
-2.360	-0.200	0.020
-2.358	-0.200	0.020
-2.356	-0.200	0.020
-2.354	-0.240	0.020
-2.352	-0.240	0.020
-2.350	-0.280	0.040
-2.348	-0.280	0.040
-2.346	-0.240	0.040
-2.344	-0.240	0.040
-2.342	-0.280	0.040
-2.340	-0.280	0.040
-2.338	-0.280	0.040
-2.336	-0.280	0.040
-2.334	-0.280	0.040
-2.332	-0.280	0.040
-2.330	-0.320	0.040
-2.328	-0.320	0.040
-2.326	-0.240	0.020
-2.324	-0.240	0.020
-2.322	-0.280	0.040
-2.320	-0.280	0.040
-2.318	-0.280	0.040
-2.316	-0.280	0.040
-2.314	-0.280	0.040
-2.312	-0.280	0.040
-2.310	-0.320	0.020
-2.308	-0.320	0.020
-2.306	-0.280	0.020
-2.304	-0.280	0.020
-2.302	-0.280	0.020
-2.300	-0.280	0.020
-2.298	-0.320	0.040
-2.296	-0.320	0.040
-2.294	-0.320	0.040
-2.292	-0.320	0.040
-2.290	-0.360	0.000
-2.288	-0.360	0.000
-2.286	-0.280	0.040
-2.284	-0.280	0.040
-2.282	-0.320	0.040
-2.280	-0.320	0.040
-2.278	-0.360	0.040
-2.276	-0.360	0.040
-2.274	-0.360	0.020
-2.272	-0.360	0.020
-2.270	-0.320	0.020
-2.268	-0.320	0.020
-2.266	-0.360	0.040
-2.264	-0.360	0.040
-2.262	-0.360	0.020
-2.260	-0.360	0.020
-2.258	-0.360	0.020
-2.256	-0.360	0.020
-2.254	-0.360	0.040
-2.252	-0.360	0.040
-2.250	-0.360	0.020
-2.248	-0.360	0.020
-2.246	-0.360	0.040
-2.244	-0.360	0.040
-2.242	-0.400	0.020
-2.240	-0.400	0.020
-2.238	-0.320	0.020
-2.236	-0.320	0.020
-2.234	-0.400	0.040
-2.232	-0.400	0.040
-2.230	-0.400	0.040
-2.228	-0.400	0.040
-2.226	-0.360	0.020
-2.224	-0.360	0.020
-2.222	-0.440	0.020
-2.220	-0.440	0.020
-2.218	-0.400	0.020
-2.216	-0.400	0.020
-2.214	-0.400	0.020
-2.212	-0.400	0.020
-2.210	-0.440	0.020
-2.208	-0.440	0.020
-2.206	-0.440	0.020
-2.204	-0.440	0.020
-2.202	-0.400	0.040
-2.200	-0.400	0.040
-2.198	-0.400	0.020
-2.196	-0.400	0.020
-2.194	-0.400	0.040
-2.192	-0.400	0.040
-2.190	-0.520	0.040
-2.188	-0.520	0.040
-2.186	-0.480	0.040
-2.184	-0.480	0.040
-2.182	-0.440	0.020
-2.180	-0.440	0.020
-2.178	-0.480	0.020
-2.176	-0.480	0.020
-2.174	-0.480	0.040
-2.172	-0.480	0.040
-2.170	-0.520	0.040
-2.168	-0.520	0.040
-2.166	-0.480	0.040
-2.164	-0.480	0.040
-2.162	-0.520	0.040
-2.160	-0.520	0.040
-2.158	-0.480	0.020
-2.156	-0.480	0.020
-2.154	-0.520	0.020
-2.152	-0.520	0.020
-2.150	-0.520	0.040
-2.148	-0.520	0.040
-2.146	-0.520	0.040
-2.144	-0.520	0.040
-2.142	-0.480	0.040
-2.140	-0.480	0.040
-2.138	-0.520	0.020
-2.136	-0.520	0.020
-2.134	-0.600	0.040
-2.132	-0.600	0.040
-2.130	-0.520	0.020
-2.128	-0.520	0.020
-2.126	-0.520	0.020
-2.124	-0.520	0.020
-2.122	-0.560	0.040
-2.120	-0.560	0.040
-2.118	-0.520	0.040
-2.116	-0.520	0.040
-2.114	-0.520	0.020
-2.112	-0.520	0.020
-2.110	-0.560	0.040
-2.108	-0.560	0.040
-2.106	-0.520	0.040
-2.104	-0.520	0.040
-2.102	-0.520	0.020
-2.100	-0.520	0.020
-2.098	-0.600	0.020
-2.096	-0.600	0.020
-2.094	-0.560	0.040
-2.092	-0.560	0.040
-2.090	-0.560	0.020
-2.088	-0.560	0.020
-2.086	-0.600	0.040
-2.084	-0.600	0.040
-2.082	-0.600	0.020
-2.080	-0.600	0.020
-2.078	-0.560	0.040
-2.076	-0.560	0.040
-2.074	-0.600	0.040
-2.072	-0.600	0.040
-2.070	-0.600	0.020
-2.068	-0.600	0.020
-2.066	-0.600	0.020
-2.064	-0.600	0.020
-2.062	-0.640	0.020
-2.060	-0.640	0.020
-2.058	-0.640	0.020
-2.056	-0.640	0.020
-2.054	-0.640	0.040
-2.052	-0.640	0.040
-2.050	-0.600	0.040
-2.048	-0.600	0.040
-2.046	-0.640	0.000
-2.044	-0.640	0.000
-2.042	-0.640	0.040
-2.040	-0.640	0.040
-2.038	-0.640	0.020
-2.036	-0.640	0.020
-2.034	-0.640	0.040
-2.032	-0.640	0.040
-2.030	-0.680	0.040
-2.028	-0.680	0.040
-2.026	-0.720	0.020
-2.024	-0.720	0.020
-2.022	-0.680	0.020
-2.020	-0.680	0.020
-2.018	-0.640	0.020
-2.016	-0.640	0.020
-2.014	-0.720	0.040
-2.012	-0.720	0.040
-2.010	-0.720	0.020
-2.008	-0.720	0.020
-2.006	-0.680	0.040
-2.004	-0.680	0.040
-2.002	-0.680	0.040
-2.000	-0.680	0.040
-1.998	-0.680	0.040
-1.996	-0.680	0.040
-1.994	-0.680	0.040
-1.992	-0.680	0.040
-1.990	-0.680	0.040
-1.988	-0.680	0.040
-1.986	-0.720	0.040
-1.984	-0.720	0.040
-1.982	-0.760	0.040
-1.980	-0.760	0.040
-1.978	-0.760	0.020
-1.976	-0.760	0.020
-1.974	-0.680	0.020
-1.972	-0.680	0.020
-1.970	-0.760	0.040
-1.968	-0.760	0.040
-1.966	-0.720	0.040
-1.964	-0.720	0.040
-1.962	-0.720	0.020
-1.960	-0.720	0.020
-1.958	-0.720	0.020
-1.956	-0.720	0.020
-1.954	-0.760	0.020
-1.952	-0.760	0.020
-1.950	-0.720	0.020
-1.948	-0.720	0.020
-1.946	-0.760	0.000
-1.944	-0.760	0.000
-1.942	-0.760	0.040
-1.940	-0.760	0.040
-1.938	-0.760	0.040
-1.936	-0.760	0.040
-1.934	-0.760	0.020
-1.932	-0.760	0.020
-1.930	-0.760	0.020
-1.928	-0.760	0.020
-1.926	-0.840	0.000
-1.924	-0.840	0.000
-1.922	-0.840	0.040
-1.920	-0.840	0.040
-1.918	-0.840	0.040
-1.916	-0.840	0.040
-1.914	-0.800	0.020
-1.912	-0.800	0.020
-1.910	-0.800	0.020
-1.908	-0.800	0.020
-1.906	-0.840	0.040
-1.904	-0.840	0.040
-1.902	-0.840	0.020
-1.900	-0.840	0.020
-1.898	-0.840	0.020
-1.896	-0.840	0.020
-1.894	-0.840	0.040
-1.892	-0.840	0.040
-1.890	-0.760	0.020
-1.888	-0.760	0.020
-1.886	-0.840	0.020
-1.884	-0.840	0.020
-1.882	-0.840	0.020
-1.880	-0.840	0.020
-1.878	-0.880	0.020
-1.876	-0.880	0.020
-1.874	-0.920	0.000
-1.872	-0.920	0.000
-1.870	-0.880	0.000
-1.868	-0.880	0.000
-1.866	-0.840	0.040
-1.864	-0.840	0.040
-1.862	-0.920	0.020
-1.860	-0.920	0.020
-1.858	-0.880	0.020
-1.856	-0.880	0.020
-1.854	-0.920	0.020
-1.852	-0.920	0.020
-1.850	-0.920	0.020
-1.848	-0.920	0.020
-1.846	-0.880	0.020
-1.844	-0.880	0.020
-1.842	-0.920	0.020
-1.840	-0.920	0.020
-1.838	-0.880	0.040
-1.836	-0.880	0.040
-1.834	-0.960	0.020
-1.832	-0.960	0.020
-1.830	-0.920	0.020
-1.828	-0.920	0.020
-1.826	-0.920	0.040
-1.824	-0.920	0.040
-1.822	-0.960	0.000
-1.820	-0.960	0.000
-1.818	-0.920	0.040
-1.816	-0.920	0.040
-1.814	-1.000	0.040
-1.812	-1.000	0.040
-1.810	-0.920	0.040
-1.808	-0.920	0.040
-1.806	-0.960	0.040
-1.804	-0.960	0.040
-1.802	-0.960	0.020
-1.800	-0.960	0.020
-1.798	-0.920	0.020
-1.796	-0.920	0.020
-1.794	-1.000	0.020
-1.792	-1.000	0.020
-1.790	-1.000	0.020
-1.788	-1.000	0.020
-1.786	-0.960	0.020
-1.784	-0.960	0.020
-1.782	-1.000	0.020
-1.780	-1.000	0.020
-1.778	-1.000	0.020
-1.776	-1.000	0.020
-1.774	-1.000	0.000
-1.772	-1.000	0.000
-1.770	-1.000	0.020
-1.768	-1.000	0.020
-1.766	-1.040	0.040
-1.764	-1.040	0.040
-1.762	-1.000	0.040
-1.760	-1.000	0.040
-1.758	-1.000	0.000
-1.756	-1.000	0.000
-1.754	-1.000	0.040
-1.752	-1.000	0.040
-1.750	-1.080	0.020
-1.748	-1.080	0.020
-1.746	-1.000	0.020
-1.744	-1.000	0.020
-1.742	-1.080	0.040
-1.740	-1.080	0.040
-1.738	-1.000	0.020
-1.736	-1.000	0.020
-1.734	-1.040	0.020
-1.732	-1.040	0.020
-1.730	-1.040	0.000
-1.728	-1.040	0.000
-1.726	-1.040	0.020
-1.724	-1.040	0.020
-1.722	-1.080	0.040
-1.720	-1.080	0.040
-1.718	-1.080	0.020
-1.716	-1.080	0.020
-1.714	-1.080	0.020
-1.712	-1.080	0.020
-1.710	-1.040	0.040
-1.708	-1.040	0.040
-1.706	-1.080	0.020
-1.704	-1.080	0.020
-1.702	-1.080	0.020
-1.700	-1.080	0.020
-1.698	-1.080	0.020
-1.696	-1.080	0.020
-1.694	-1.080	0.020
-1.692	-1.080	0.020
-1.690	-1.160	0.020
-1.688	-1.160	0.020
-1.686	-1.120	0.020
-1.684	-1.120	0.020
-1.682	-1.120	0.020
-1.680	-1.120	0.020
-1.678	-1.120	0.020
-1.676	-1.120	0.020
-1.674	-1.120	0.040
-1.672	-1.120	0.040
-1.670	-1.120	0.020
-1.668	-1.120	0.020
-1.666	-1.160	0.040
-1.664	-1.160	0.040
-1.662	-1.160	0.020
-1.660	-1.160	0.020
-1.658	-1.160	0.040
-1.656	-1.160	0.040
-1.654	-1.160	0.020
-1.652	-1.160	0.020
-1.650	-1.160	0.020
-1.648	-1.160	0.020
-1.646	-1.200	0.040
-1.644	-1.200	0.040
-1.642	-1.160	0.020
-1.640	-1.160	0.020
-1.638	-1.200	0.020
-1.636	-1.200	0.020
-1.634	-1.200	0.040
-1.632	-1.200	0.040
-1.630	-1.240	0.020
-1.628	-1.240	0.020
-1.626	-1.160	0.060
-1.624	-1.160	0.060
-1.622	-1.200	0.020
-1.620	-1.200	0.020
-1.618	-1.200	0.020
-1.616	-1.200	0.020
-1.614	-1.160	0.020
-1.612	-1.160	0.020
-1.610	-1.240	0.020
-1.608	-1.240	0.020
-1.606	-1.240	0.040
-1.604	-1.240	0.040
-1.602	-1.200	0.020
-1.600	-1.200	0.020
-1.598	-1.280	0.020
-1.596	-1.280	0.020
-1.594	-1.240	0.020
-1.592	-1.240	0.020
-1.590	-1.240	0.020
-1.588	-1.240	0.020
-1.586	-1.240	0.040
-1.584	-1.240	0.040
-1.582	-1.280	0.000
-1.580	-1.280	0.000
-1.578	-1.240	0.020
-1.576	-1.240	0.020
-1.574	-1.240	0.020
-1.572	-1.240	0.020
-1.570	-1.240	0.040
-1.568	-1.240	0.040
-1.566	-1.240	0.020
-1.564	-1.240	0.020
-1.562	-1.280	0.020
-1.560	-1.280	0.020
-1.558	-1.280	0.040
-1.556	-1.280	0.040
-1.554	-1.280	0.040
-1.552	-1.280	0.040
-1.550	-1.240	0.020
-1.548	-1.240	0.020
-1.546	-1.320	0.040
-1.544	-1.320	0.040
-1.542	-1.320	0.040
-1.540	-1.320	0.040
-1.538	-1.320	0.000
-1.536	-1.320	0.000
-1.534	-1.320	0.020
-1.532	-1.320	0.020
-1.530	-1.360	0.040
-1.528	-1.360	0.040
-1.526	-1.360	0.020
-1.524	-1.360	0.020
-1.522	-1.360	0.020
-1.520	-1.360	0.020
-1.518	-1.360	0.020
-1.516	-1.360	0.020
-1.514	-1.400	0.020
-1.512	-1.400	0.020
-1.510	-1.320	0.040
-1.508	-1.320	0.040
-1.506	-1.360	0.020
-1.504	-1.360	0.020
-1.502	-1.360	0.040
-1.500	-1.360	0.040
-1.498	-1.440	0.020
-1.496	-1.440	0.020
-1.494	-1.400	0.040
-1.492	-1.400	0.040
-1.490	-1.400	0.040
-1.488	-1.400	0.040
-1.486	-1.400	0.020
-1.484	-1.400	0.020
-1.482	-1.400	0.040
-1.480	-1.400	0.040
-1.478	-1.400	0.020
-1.476	-1.400	0.020
-1.474	-1.400	0.020
-1.472	-1.400	0.020
-1.470	-1.400	0.020
-1.468	-1.400	0.020
-1.466	-1.400	0.040
-1.464	-1.400	0.040
-1.462	-1.400	0.040
-1.460	-1.400	0.040
-1.458	-1.440	0.020
-1.456	-1.440	0.020
-1.454	-1.400	0.040
-1.452	-1.400	0.040
-1.450	-1.440	0.020
-1.448	-1.440	0.020
-1.446	-1.440	0.020
-1.444	-1.440	0.020
-1.442	-1.440	0.020
-1.440	-1.440	0.020
-1.438	-1.400	0.020
-1.436	-1.400	0.020
-1.434	-1.440	0.040
-1.432	-1.440	0.040
-1.430	-1.480	0.040
-1.428	-1.480	0.040
-1.426	-1.480	0.040
-1.424	-1.480	0.040
-1.422	-1.480	0.040
-1.420	-1.480	0.040
-1.418	-1.520	0.040
-1.416	-1.520	0.040
-1.414	-1.480	0.040
-1.412	-1.480	0.040
-1.410	-1.520	0.040
-1.408	-1.520	0.040
-1.406	-1.520	0.040
-1.404	-1.520	0.040
-1.402	-1.480	0.040
-1.400	-1.480	0.040
-1.398	-1.480	0.040
-1.396	-1.480	0.040
-1.394	-1.480	0.040
-1.392	-1.480	0.040
-1.390	-1.480	0.080
-1.388	-1.480	0.080
-1.386	-1.520	0.060
-1.384	-1.520	0.060
-1.382	-1.520	0.100
-1.380	-1.520	0.100
-1.378	-1.520	0.160
-1.376	-1.520	0.160
-1.374	-1.520	0.360
-1.372	-1.520	0.360
-1.370	-1.520	0.500
-1.368	-1.520	0.820
-1.366	-1.560	0.640
-1.364	-1.560	0.980
-1.362	-1.560	0.900
-1.360	-1.560	1.480
-1.358	-1.560	1.400
-1.356	-1.560	1.880
-1.354	-1.560	1.760
-1.352	-1.560	1.760
-1.350	-1.520	1.840
-1.348	-1.520	1.840
-1.346	-1.560	1.720
-1.344	-1.560	1.960
-1.342	-1.560	1.800
-1.340	-1.560	2.280
-1.338	-1.560	2.120
-1.336	-1.560	2.360
-1.334	-1.600	2.300
-1.332	-1.600	2.080
-1.330	-1.560	2.120
-1.328	-1.560	1.880
-1.326	-1.600	1.940
-1.324	-1.600	1.540
-1.322	-1.560	1.560
-1.320	-1.560	1.560
-1.318	-1.600	1.480
-1.316	-1.600	1.480
-1.314	-1.600	1.460
-1.312	-1.600	1.460
-1.310	-1.640	1.340
-1.308	-1.640	1.340
-1.306	-1.600	1.220
-1.304	-1.600	1.220
-1.302	-1.600	1.060
-1.300	-1.600	1.060
-1.298	-1.640	1.040
-1.296	-1.640	1.040
-1.294	-1.560	1.000
-1.292	-1.560	1.000
-1.290	-1.640	0.960
-1.288	-1.640	0.960
-1.286	-1.640	0.920
-1.284	-1.640	0.920
-1.282	-1.640	0.840
-1.280	-1.640	0.840
-1.278	-1.640	0.860
-1.276	-1.640	0.860
-1.274	-1.640	0.760
-1.272	-1.640	0.760
-1.270	-1.720	0.700
-1.268	-1.720	0.700
-1.266	-1.680	0.680
-1.264	-1.680	0.680
-1.262	-1.680	0.600
-1.260	-1.680	0.600
-1.258	-1.680	0.600
-1.256	-1.680	0.600
-1.254	-1.720	0.520
-1.252	-1.720	0.520
-1.250	-1.720	0.480
-1.248	-1.720	0.480
-1.246	-1.680	0.440
-1.244	-1.680	0.440
-1.242	-1.720	0.440
-1.240	-1.720	0.440
-1.238	-1.720	0.420
-1.236	-1.720	0.420
-1.234	-1.720	0.420
-1.232	-1.720	0.420
-1.230	-1.800	0.400
-1.228	-1.800	0.400
-1.226	-1.720	0.360
-1.224	-1.720	0.360
-1.222	-1.760	0.360
-1.220	-1.760	0.360
-1.218	-1.720	0.360
-1.216	-1.720	0.360
-1.214	-1.720	0.320
-1.212	-1.720	0.320
-1.210	-1.760	0.320
-1.208	-1.760	0.320
-1.206	-1.720	0.300
-1.204	-1.720	0.300
-1.202	-1.760	0.320
-1.200	-1.760	0.320
-1.198	-1.720	0.320
-1.196	-1.720	0.320
-1.194	-1.720	0.340
-1.192	-1.720	0.340
-1.190	-1.720	0.340
-1.188	-1.720	0.340
-1.186	-1.760	0.340
-1.184	-1.760	0.340
-1.182	-1.760	0.340
-1.180	-1.760	0.340
-1.178	-1.720	0.340
-1.176	-1.720	0.340
-1.174	-1.720	0.360
-1.172	-1.720	0.360
-1.170	-1.680	0.360
-1.168	-1.680	0.360
-1.166	-1.720	0.380
-1.164	-1.720	0.380
-1.162	-1.640	0.400
-1.160	-1.640	0.400
-1.158	-1.680	0.380
-1.156	-1.680	0.380
-1.154	-1.680	0.420
-1.152	-1.680	0.420
-1.150	-1.680	0.420
-1.148	-1.680	0.420
-1.146	-1.680	0.440
-1.144	-1.680	0.440
-1.142	-1.680	0.440
-1.140	-1.680	0.440
-1.138	-1.640	0.440
-1.136	-1.640	0.440
-1.134	-1.640	0.500
-1.132	-1.640	0.500
-1.130	-1.640	0.520
-1.128	-1.640	0.520
-1.126	-1.640	0.540
-1.124	-1.640	0.540
-1.122	-1.640	0.580
-1.120	-1.640	0.580
-1.118	-1.640	0.600
-1.116	-1.640	0.600
-1.114	-1.680	0.640
-1.112	-1.680	0.640
-1.110	-1.640	0.680
-1.108	-1.640	0.680
-1.106	-1.640	0.680
-1.104	-1.640	0.680
-1.102	-1.600	0.760
-1.100	-1.600	0.760
-1.098	-1.640	0.800
-1.096	-1.640	0.800
-1.094	-1.560	0.840
-1.092	-1.560	0.840
-1.090	-1.640	0.860
-1.088	-1.640	0.860
-1.086	-1.560	0.900
-1.084	-1.560	0.900
-1.082	-1.600	0.940
-1.080	-1.600	0.940
-1.078	-1.600	0.980
-1.076	-1.600	0.980
-1.074	-1.560	0.980
-1.072	-1.560	0.980
-1.070	-1.560	0.980
-1.068	-1.560	0.980
-1.066	-1.600	1.040
-1.064	-1.600	1.040
-1.062	-1.560	1.060
-1.060	-1.560	1.060
-1.058	-1.560	1.120
-1.056	-1.560	1.120
-1.054	-1.520	1.200
-1.052	-1.520	1.200
-1.050	-1.560	1.320
-1.048	-1.560	1.320
-1.046	-1.520	1.480
-1.044	-1.520	1.480
-1.042	-1.520	1.480
-1.040	-1.520	1.480
-1.038	-1.520	1.480
-1.036	-1.520	1.480
-1.034	-1.520	1.560
-1.032	-1.520	1.940
-1.030	-1.560	1.880
-1.028	-1.560	1.880
-1.026	-1.560	2.060
-1.024	-1.560	2.060
-1.022	-1.520	2.120
-1.020	-1.520	2.340
-1.018	-1.520	2.320
-1.016	-1.520	2.320
-1.014	-1.520	2.240
-1.012	-1.520	1.940
-1.010	-1.480	1.960
-1.008	-1.480	1.740
-1.006	-1.480	1.760
-1.004	-1.480	1.760
-1.002	-1.480	1.720
-1.000	-1.480	1.720
-0.998	-1.480	1.760
-0.996	-1.480	1.760
-0.994	-1.440	1.880
-0.992	-1.440	1.380
-0.990	-1.440	1.560
-0.988	-1.440	1.160
-0.986	-1.480	1.380
-0.984	-1.480	0.860
-0.982	-1.480	0.960
-0.980	-1.480	0.600
-0.978	-1.480	0.820
-0.976	-1.480	0.500
-0.974	-1.480	0.580
-0.972	-1.480	0.580
-0.970	-1.440	0.400
-0.968	-1.440	0.180
-0.966	-1.400	0.220
-0.964	-1.400	0.220
-0.962	-1.400	0.140
-0.960	-1.400	0.140
-0.958	-1.400	0.120
-0.956	-1.400	0.120
-0.954	-1.360	0.080
-0.952	-1.360	0.080
-0.950	-1.440	0.040
-0.948	-1.440	0.040
-0.946	-1.400	0.060
-0.944	-1.400	0.060
-0.942	-1.400	0.040
-0.940	-1.400	0.040
-0.938	-1.400	0.060
-0.936	-1.400	0.060
-0.934	-1.400	0.040
-0.932	-1.400	0.040
-0.930	-1.360	0.040
-0.928	-1.360	0.040
-0.926	-1.360	0.040
-0.924	-1.360	0.040
-0.922	-1.360	0.040
-0.920	-1.360	0.040
-0.918	-1.360	0.040
-0.916	-1.360	0.040
-0.914	-1.360	0.040
-0.912	-1.360	0.040
-0.910	-1.320	0.040
-0.908	-1.320	0.040
-0.906	-1.360	0.040
-0.904	-1.360	0.040
-0.902	-1.360	0.020
-0.900	-1.360	0.020
-0.898	-1.320	0.020
-0.896	-1.320	0.020
-0.894	-1.360	0.040
-0.892	-1.360	0.040
-0.890	-1.280	0.040
-0.888	-1.280	0.040
-0.886	-1.360	0.040
-0.884	-1.360	0.040
-0.882	-1.320	0.040
-0.880	-1.320	0.040
-0.878	-1.320	0.040
-0.876	-1.320	0.040
-0.874	-1.320	0.040
-0.872	-1.320	0.040
-0.870	-1.280	0.040
-0.868	-1.280	0.040
-0.866	-1.280	0.040
-0.864	-1.280	0.040
-0.862	-1.320	0.040
-0.860	-1.320	0.040
-0.858	-1.280	0.020
-0.856	-1.280	0.020
-0.854	-1.280	0.040
-0.852	-1.280	0.040
-0.850	-1.320	0.040
-0.848	-1.320	0.040
-0.846	-1.280	0.020
-0.844	-1.280	0.020
-0.842	-1.280	0.040
-0.840	-1.280	0.040
-0.838	-1.240	0.020
-0.836	-1.240	0.020
-0.834	-1.240	0.020
-0.832	-1.240	0.020
-0.830	-1.240	0.020
-0.828	-1.240	0.020
-0.826	-1.280	0.040
-0.824	-1.280	0.040
-0.822	-1.240	0.020
-0.820	-1.240	0.020
-0.818	-1.240	0.020
-0.816	-1.240	0.020
-0.814	-1.240	0.020
-0.812	-1.240	0.020
-0.810	-1.240	0.020
-0.808	-1.240	0.020
-0.806	-1.200	0.020
-0.804	-1.200	0.020
-0.802	-1.200	0.020
-0.800	-1.200	0.020
-0.798	-1.160	0.040
-0.796	-1.160	0.040
-0.794	-1.240	0.020
-0.792	-1.240	0.020
-0.790	-1.240	0.020
-0.788	-1.240	0.020
-0.786	-1.240	0.020
-0.784	-1.240	0.020
-0.782	-1.200	0.040
-0.780	-1.200	0.040
-0.778	-1.200	0.020
-0.776	-1.200	0.020
-0.774	-1.200	0.020
-0.772	-1.200	0.020
-0.770	-1.160	0.040
-0.768	-1.160	0.040
-0.766	-1.160	0.020
-0.764	-1.160	0.020
-0.762	-1.160	0.020
-0.760	-1.160	0.020
-0.758	-1.160	0.040
-0.756	-1.160	0.040
-0.754	-1.160	0.020
-0.752	-1.160	0.020
-0.750	-1.160	0.020
-0.748	-1.160	0.020
-0.746	-1.160	0.020
-0.744	-1.160	0.020
-0.742	-1.160	0.020
-0.740	-1.160	0.020
-0.738	-1.160	0.020
-0.736	-1.160	0.020
-0.734	-1.160	0.000
-0.732	-1.160	0.000
-0.730	-1.080	0.040
-0.728	-1.080	0.040
-0.726	-1.080	0.020
-0.724	-1.080	0.020
-0.722	-1.080	0.020
-0.720	-1.080	0.020
-0.718	-1.160	0.020
-0.716	-1.160	0.020
-0.714	-1.080	0.040
-0.712	-1.080	0.040
-0.710	-1.120	0.000
-0.708	-1.120	0.000
-0.706	-1.040	0.020
-0.704	-1.040	0.020
-0.702	-1.080	0.020
-0.700	-1.080	0.020
-0.698	-1.080	0.020
-0.696	-1.080	0.020
-0.694	-1.080	0.040
-0.692	-1.080	0.040
-0.690	-1.080	0.040
-0.688	-1.080	0.040
-0.686	-1.040	0.020
-0.684	-1.040	0.020
-0.682	-1.000	0.040
-0.680	-1.000	0.040
-0.678	-1.040	0.040
-0.676	-1.040	0.040
-0.674	-1.040	0.020
-0.672	-1.040	0.020
-0.670	-1.040	0.020
-0.668	-1.040	0.020
-0.666	-1.000	0.020
-0.664	-1.000	0.020
-0.662	-1.000	0.040
-0.660	-1.000	0.040
-0.658	-1.040	0.020
-0.656	-1.040	0.020
-0.654	-1.000	0.040
-0.652	-1.000	0.040
-0.650	-1.040	0.000
-0.648	-1.040	0.000
-0.646	-1.000	0.040
-0.644	-1.000	0.040
-0.642	-1.000	0.020
-0.640	-1.000	0.020
-0.638	-1.000	0.020
-0.636	-1.000	0.020
-0.634	-1.000	0.020
-0.632	-1.000	0.020
-0.630	-0.960	0.040
-0.628	-0.960	0.040
-0.626	-1.000	0.020
-0.624	-1.000	0.020
-0.622	-1.000	0.020
-0.620	-1.000	0.020
-0.618	-0.960	0.020
-0.616	-0.960	0.020
-0.614	-1.000	0.020
-0.612	-1.000	0.020
-0.610	-1.000	0.020
-0.608	-1.000	0.020
-0.606	-0.960	0.020
-0.604	-0.960	0.020
-0.602	-0.960	0.040
-0.600	-0.960	0.040
-0.598	-0.920	0.020
-0.596	-0.920	0.020
-0.594	-0.960	0.020
-0.592	-0.960	0.020
-0.590	-0.960	0.020
-0.588	-0.960	0.020
-0.586	-0.920	0.020
-0.584	-0.920	0.020
-0.582	-0.960	0.020
-0.580	-0.960	0.020
-0.578	-0.920	0.020
-0.576	-0.920	0.020
-0.574	-0.920	0.040
-0.572	-0.920	0.040
-0.570	-0.920	0.020
-0.568	-0.920	0.020
-0.566	-0.840	0.000
-0.564	-0.840	0.000
-0.562	-0.920	0.020
-0.560	-0.920	0.020
-0.558	-0.920	0.020
-0.556	-0.920	0.020
-0.554	-0.880	0.040
-0.552	-0.880	0.040
-0.550	-0.920	0.020
-0.548	-0.920	0.020
-0.546	-0.880	0.040
-0.544	-0.880	0.040
-0.542	-0.880	0.020
-0.540	-0.880	0.020
-0.538	-0.840	0.020
-0.536	-0.840	0.020
-0.534	-0.920	0.040
-0.532	-0.920	0.040
-0.530	-0.840	0.020
-0.528	-0.840	0.020
-0.526	-0.840	0.020
-0.524	-0.840	0.020
-0.522	-0.840	0.040
-0.520	-0.840	0.040
-0.518	-0.840	0.020
-0.516	-0.840	0.020
-0.514	-0.840	0.000
-0.512	-0.840	0.000
-0.510	-0.840	0.040
-0.508	-0.840	0.040
-0.506	-0.800	0.040
-0.504	-0.800	0.040
-0.502	-0.760	0.040
-0.500	-0.760	0.040
-0.498	-0.840	0.040
-0.496	-0.840	0.040
-0.494	-0.760	0.020
-0.492	-0.760	0.020
-0.490	-0.800	0.000
-0.488	-0.800	0.000
-0.486	-0.840	0.020
-0.484	-0.840	0.020
-0.482	-0.800	0.000
-0.480	-0.800	0.000
-0.478	-0.800	0.020
-0.476	-0.800	0.020
-0.474	-0.760	0.020
-0.472	-0.760	0.020
-0.470	-0.760	0.020
-0.468	-0.760	0.020
-0.466	-0.720	0.040
-0.464	-0.720	0.040
-0.462	-0.760	0.000
-0.460	-0.760	0.000
-0.458	-0.720	0.020
-0.456	-0.720	0.020
-0.454	-0.760	0.020
-0.452	-0.760	0.020
-0.450	-0.760	0.020
-0.448	-0.760	0.020
-0.446	-0.680	0.020
-0.444	-0.680	0.020
-0.442	-0.720	0.020
-0.440	-0.720	0.020
-0.438	-0.720	0.040
-0.436	-0.720	0.040
-0.434	-0.720	0.020
-0.432	-0.720	0.020
-0.430	-0.680	0.020
-0.428	-0.680	0.020
-0.426	-0.720	0.020
-0.424	-0.720	0.020
-0.422	-0.760	0.020
-0.420	-0.760	0.020
-0.418	-0.720	0.020
-0.416	-0.720	0.020
-0.414	-0.720	0.040
-0.412	-0.720	0.040
-0.410	-0.680	0.040
-0.408	-0.680	0.040
-0.406	-0.640	0.020
-0.404	-0.640	0.020
-0.402	-0.720	0.040
-0.400	-0.720	0.040
-0.398	-0.720	0.020
-0.396	-0.720	0.020
-0.394	-0.680	0.020
-0.392	-0.680	0.020
-0.390	-0.680	0.020
-0.388	-0.680	0.020
-0.386	-0.680	0.040
-0.384	-0.680	0.040
-0.382	-0.640	0.020
-0.380	-0.640	0.020
-0.378	-0.640	0.040
-0.376	-0.640	0.040
-0.374	-0.640	0.020
-0.372	-0.640	0.020
-0.370	-0.640	0.040
-0.368	-0.640	0.040
-0.366	-0.600	0.020
-0.364	-0.600	0.020
-0.362	-0.640	0.040
-0.360	-0.640	0.040
-0.358	-0.600	0.020
-0.356	-0.600	0.020
-0.354	-0.640	0.040
-0.352	-0.640	0.040
-0.350	-0.600	0.040
-0.348	-0.600	0.040
-0.346	-0.600	0.020
-0.344	-0.600	0.020
-0.342	-0.600	0.020
-0.340	-0.600	0.020
-0.338	-0.560	0.020
-0.336	-0.560	0.020
-0.334	-0.560	0.020
-0.332	-0.560	0.020
-0.330	-0.560	0.020
-0.328	-0.560	0.020
-0.326	-0.520	0.020
-0.324	-0.520	0.020
-0.322	-0.600	0.040
-0.320	-0.600	0.040
-0.318	-0.560	0.020
-0.316	-0.560	0.020
-0.314	-0.520	0.020
-0.312	-0.520	0.020
-0.310	-0.520	0.040
-0.308	-0.520	0.040
-0.306	-0.520	0.020
-0.304	-0.520	0.020
-0.302	-0.520	0.040
-0.300	-0.520	0.040
-0.298	-0.520	0.020
-0.296	-0.520	0.020
-0.294	-0.520	0.020
-0.292	-0.520	0.020
-0.290	-0.520	0.040
-0.288	-0.520	0.040
-0.286	-0.520	0.020
-0.284	-0.520	0.020
-0.282	-0.520	0.020
-0.280	-0.520	0.020
-0.278	-0.520	0.040
-0.276	-0.520	0.040
-0.274	-0.480	0.020
-0.272	-0.480	0.020
-0.270	-0.520	0.040
-0.268	-0.520	0.040
-0.266	-0.520	0.020
-0.264	-0.520	0.020
-0.262	-0.440	0.020
-0.260	-0.440	0.020
-0.258	-0.480	0.040
-0.256	-0.480	0.040
-0.254	-0.480	0.020
-0.252	-0.480	0.020
-0.250	-0.480	0.020
-0.248	-0.480	0.020
-0.246	-0.480	0.040
-0.244	-0.480	0.040
-0.242	-0.480	0.020
-0.240	-0.480	0.020
-0.238	-0.440	0.040
-0.236	-0.440	0.040
-0.234	-0.480	0.000
-0.232	-0.480	0.000
-0.230	-0.440	0.020
-0.228	-0.440	0.020
-0.226	-0.440	0.020
-0.224	-0.440	0.020
-0.222	-0.440	0.040
-0.220	-0.440	0.040
-0.218	-0.440	0.020
-0.216	-0.440	0.020
-0.214	-0.400	0.040
-0.212	-0.400	0.040
-0.210	-0.440	0.000
-0.208	-0.440	0.000
-0.206	-0.360	0.020
-0.204	-0.360	0.020
-0.202	-0.440	0.040
-0.200	-0.440	0.040
-0.198	-0.360	0.020
-0.196	-0.360	0.020
-0.194	-0.400	0.020
-0.192	-0.400	0.020
-0.190	-0.360	0.040
-0.188	-0.360	0.040
-0.186	-0.400	0.020
-0.184	-0.400	0.020
-0.182	-0.360	0.020
-0.180	-0.360	0.020
-0.178	-0.400	0.040
-0.176	-0.400	0.040
-0.174	-0.400	0.020
-0.172	-0.400	0.020
-0.170	-0.360	0.020
-0.168	-0.360	0.020
-0.166	-0.360	0.040
-0.164	-0.360	0.040
-0.162	-0.400	0.020
-0.160	-0.400	0.020
-0.158	-0.360	0.020
-0.156	-0.360	0.020
-0.154	-0.360	0.040
-0.152	-0.360	0.040
-0.150	-0.360	0.020
-0.148	-0.360	0.020
-0.146	-0.320	0.020
-0.144	-0.320	0.020
-0.142	-0.400	0.040
-0.140	-0.400	0.040
-0.138	-0.360	0.020
-0.136	-0.360	0.020
-0.134	-0.280	0.020
-0.132	-0.280	0.020
-0.130	-0.320	0.040
-0.128	-0.320	0.040
-0.126	-0.280	0.040
-0.124	-0.280	0.040
-0.122	-0.280	0.040
-0.120	-0.280	0.040
-0.118	-0.360	0.000
-0.116	-0.360	0.000
-0.114	-0.320	0.040
-0.112	-0.320	0.040
-0.110	-0.280	0.040
-0.108	-0.280	0.040
-0.106	-0.240	0.020
-0.104	-0.240	0.020
-0.102	-0.280	0.040
-0.100	-0.280	0.040
-0.098	-0.280	0.020
-0.096	-0.280	0.020
-0.094	-0.240	0.020
-0.092	-0.240	0.020
-0.090	-0.240	0.020
-0.088	-0.240	0.020
-0.086	-0.280	0.020
-0.084	-0.280	0.020
-0.082	-0.240	0.040
-0.080	-0.240	0.040
-0.078	-0.240	0.020
-0.076	-0.240	0.020
-0.074	-0.200	0.000
-0.072	-0.200	0.000
-0.070	-0.240	0.040
-0.068	-0.240	0.040
-0.066	-0.200	0.040
-0.064	-0.200	0.040
-0.062	-0.200	0.040
-0.060	-0.200	0.040
-0.058	-0.280	0.040
-0.056	-0.280	0.040
-0.054	-0.200	0.040
-0.052	-0.200	0.040
-0.050	-0.200	0.040
-0.048	-0.200	0.040
-0.046	-0.240	0.020
-0.044	-0.240	0.020
-0.042	-0.240	0.040
-0.040	-0.240	0.040
-0.038	-0.240	0.020
-0.036	-0.240	0.020
-0.034	-0.240	0.020
-0.032	-0.240	0.020
-0.030	-0.120	0.040
-0.028	-0.120	0.040
-0.026	-0.240	0.040
-0.024	-0.240	0.040
-0.022	-0.200	0.020
-0.020	-0.200	0.020
-0.018	-0.160	0.020
-0.016	-0.160	0.020
-0.014	-0.160	0.040
-0.012	-0.160	0.040
-0.010	-0.160	0.040
-0.008	-0.160	0.040
-0.006	-0.200	0.040
-0.004	-0.200	0.040
-0.002	-0.160	0.040
0.000	-0.160	0.040
0.002	-0.200	0.040
0.004	-0.200	0.040
0.006	-0.200	0.020
0.008	-0.200	0.020
0.010	-0.120	0.020
0.012	-0.120	0.020
0.014	-0.120	0.020
0.016	-0.120	0.020
0.018	-0.160	0.040
0.020	-0.160	0.040
0.022	-0.120	0.020
0.024	-0.120	0.020
0.026	-0.080	0.000
0.028	-0.080	0.000
0.030	-0.080	0.040
0.032	-0.080	0.040
0.034	-0.120	0.040
0.036	-0.120	0.040
0.038	-0.080	0.040
0.040	-0.080	0.040
0.042	-0.080	0.020
0.044	-0.080	0.020
0.046	-0.080	0.020
0.048	-0.080	0.020
0.050	-0.080	0.040
0.052	-0.080	0.040
0.054	-0.080	0.020
0.056	-0.080	0.020
0.058	-0.080	0.040
0.060	-0.080	0.040
0.062	-0.080	0.040
0.064	-0.080	0.040
0.066	-0.040	0.020
0.068	-0.040	0.020
0.070	0.000	0.040
0.072	0.000	0.040
0.074	-0.080	0.040
0.076	-0.080	0.040
0.078	-0.040	0.040
0.080	-0.040	0.040
0.082	0.040	0.020
0.084	0.040	0.020
0.086	-0.080	0.040
0.088	-0.080	0.040
0.090	-0.040	0.040
0.092	-0.040	0.040
0.094	-0.040	0.020
0.096	-0.040	0.020
0.098	0.000	0.040
0.100	0.000	0.040
0.102	0.000	0.040
0.104	0.000	0.040
0.106	0.000	0.040
0.108	0.000	0.040
0.110	-0.040	0.040
0.112	-0.040	0.040
0.114	0.040	0.020
0.116	0.040	0.020
0.118	0.040	0.040
0.120	0.040	0.040
0.122	0.000	0.040
0.124	0.000	0.040
0.126	0.040	0.040
0.128	0.040	0.040
0.130	0.040	0.040
0.132	0.040	0.040
0.134	0.040	0.020
0.136	0.040	0.020
0.138	0.040	0.040
0.140	0.040	0.040
0.142	0.040	0.040
0.144	0.040	0.040
0.146	0.040	0.040
0.148	0.040	0.040
0.150	0.080	0.020
0.152	0.080	0.020
0.154	0.040	0.020
0.156	0.040	0.020
0.158	0.040	0.040
0.160	0.040	0.040
0.162	0.080	0.060
0.164	0.080	0.060
0.166	0.080	0.040
0.168	0.080	0.040
0.170	0.080	0.020
0.172	0.080	0.020
0.174	0.040	0.040
0.176	0.040	0.040
0.178	0.080	0.040
0.180	0.080	0.040
0.182	0.080	0.040
0.184	0.080	0.040
0.186	0.080	0.040
0.188	0.080	0.040
0.190	0.080	0.020
0.192	0.080	0.020
0.194	0.080	0.040
0.196	0.080	0.040
0.198	0.120	0.020
0.200	0.120	0.020
0.202	0.080	0.040
0.204	0.080	0.040
0.206	0.120	0.040
0.208	0.120	0.040
0.210	0.160	0.040
0.212	0.160	0.040
0.214	0.120	0.040
0.216	0.120	0.040
0.218	0.120	0.040
0.220	0.120	0.040
0.222	0.120	0.040
0.224	0.120	0.040
0.226	0.120	0.020
0.228	0.120	0.020
0.230	0.160	0.040
0.232	0.160	0.040
0.234	0.200	0.040
0.236	0.200	0.040
0.238	0.160	0.040
0.240	0.160	0.040
0.242	0.160	0.040
0.244	0.160	0.040
0.246	0.120	0.040
0.248	0.120	0.040
0.250	0.200	0.040
0.252	0.200	0.040
0.254	0.200	0.040
0.256	0.200	0.040
0.258	0.200	0.040
0.260	0.200	0.040
0.262	0.240	0.060
0.264	0.240	0.060
0.266	0.200	0.040
0.268	0.200	0.040
0.270	0.240	0.040
0.272	0.240	0.040
0.274	0.200	0.040
0.276	0.200	0.040
0.278	0.200	0.040
0.280	0.200	0.040
0.282	0.280	0.040
0.284	0.280	0.040
0.286	0.280	0.020
0.288	0.280	0.020
0.290	0.240	0.040
0.292	0.240	0.040
0.294	0.240	0.040
0.296	0.240	0.040
0.298	0.280	0.020
0.300	0.280	0.020
0.302	0.240	0.040
0.304	0.240	0.040
0.306	0.280	0.060
0.308	0.280	0.060
0.310	0.240	0.040
0.312	0.240	0.040
0.314	0.280	0.040
0.316	0.280	0.040
0.318	0.320	0.020
0.320	0.320	0.020
0.322	0.240	0.040
0.324	0.240	0.040
0.326	0.320	0.040
0.328	0.320	0.040
0.330	0.280	0.040
0.332	0.280	0.040
0.334	0.360	0.060
0.336	0.360	0.060
0.338	0.240	0.060
0.340	0.240	0.060
0.342	0.320	0.040
0.344	0.320	0.040
0.346	0.280	0.040
0.348	0.280	0.040
0.350	0.280	0.060
0.352	0.280	0.060
0.354	0.320	0.060
0.356	0.320	0.060
0.358	0.320	0.060
0.360	0.320	0.060
0.362	0.320	0.060
0.364	0.320	0.060
0.366	0.320	0.040
0.368	0.320	0.040
0.370	0.360	0.060
0.372	0.360	0.060
0.374	0.360	0.060
0.376	0.360	0.060
0.378	0.360	0.040
0.380	0.360	0.040
0.382	0.360	0.040
0.384	0.360	0.040
0.386	0.400	0.040
0.388	0.400	0.040
0.390	0.360	0.060
0.392	0.360	0.060
0.394	0.400	0.040
0.396	0.400	0.040
0.398	0.360	0.060
0.400	0.360	0.060
0.402	0.400	0.040
0.404	0.400	0.040
0.406	0.400	0.060
0.408	0.400	0.060
0.410	0.360	0.060
0.412	0.360	0.060
0.414	0.400	0.040
0.416	0.400	0.040
0.418	0.400	0.080
0.420	0.400	0.080
0.422	0.400	0.080
0.424	0.400	0.080
0.426	0.400	0.060
0.428	0.400	0.060
0.430	0.440	0.060
0.432	0.440	0.060
0.434	0.400	0.080
0.436	0.400	0.080
0.438	0.360	0.080
0.440	0.360	0.080
0.442	0.480	0.060
0.444	0.480	0.060
0.446	0.400	0.040
0.448	0.400	0.040
0.450	0.440	0.040
0.452	0.440	0.040
0.454	0.440	0.080
0.456	0.440	0.080
0.458	0.520	0.080
0.460	0.520	0.080
0.462	0.440	0.080
0.464	0.440	0.080
0.466	0.520	0.040
0.468	0.520	0.040
0.470	0.440	0.060
0.472	0.440	0.060
0.474	0.440	0.040
0.476	0.440	0.040
0.478	0.520	0.080
0.480	0.520	0.080
0.482	0.520	0.080
0.484	0.520	0.080
0.486	0.520	0.080
0.488	0.520	0.080
0.490	0.480	0.100
0.492	0.480	0.100
0.494	0.520	0.080
0.496	0.520	0.080
0.498	0.520	0.100
0.500	0.520	0.100
0.502	0.520	0.080
0.504	0.520	0.080
0.506	0.560	0.040
0.508	0.560	0.040
0.510	0.520	0.080
0.512	0.520	0.080
0.514	0.560	0.080
0.516	0.560	0.080
0.518	0.520	0.060
0.520	0.520	0.060
0.522	0.560	0.080
0.524	0.560	0.080
0.526	0.600	0.080
0.528	0.600	0.080
0.530	0.560	0.060
0.532	0.560	0.060
0.534	0.560	0.100
0.536	0.560	0.100
0.538	0.600	0.120
0.540	0.600	0.120
0.542	0.600	0.040
0.544	0.600	0.040
0.546	0.560	0.100
0.548	0.560	0.100
0.550	0.600	0.080
0.552	0.600	0.080
0.554	0.600	0.080
0.556	0.600	0.080
0.558	0.600	0.080
0.560	0.600	0.080
0.562	0.600	0.100
0.564	0.600	0.100
0.566	0.600	0.100
0.568	0.600	0.100
0.570	0.640	0.080
0.572	0.640	0.080
0.574	0.600	0.080
0.576	0.600	0.080
0.578	0.640	0.080
0.580	0.640	0.080
0.582	0.600	0.100
0.584	0.600	0.100
0.586	0.680	0.080
0.588	0.680	0.080
0.590	0.640	0.100
0.592	0.640	0.100
0.594	0.680	0.080
0.596	0.680	0.080
0.598	0.680	0.080
0.600	0.680	0.080
0.602	0.680	0.120
0.604	0.680	0.120
0.606	0.640	0.080
0.608	0.640	0.080
0.610	0.640	0.080
0.612	0.640	0.080
0.614	0.680	0.100
0.616	0.680	0.100
0.618	0.640	0.120
0.620	0.640	0.120
0.622	0.640	0.100
0.624	0.640	0.100
0.626	0.680	0.100
0.628	0.680	0.100
0.630	0.680	0.120
0.632	0.680	0.120
0.634	0.680	0.100
0.636	0.680	0.100
0.638	0.680	0.100
0.640	0.680	0.100
0.642	0.680	0.120
0.644	0.680	0.120
0.646	0.680	0.120
0.648	0.680	0.120
0.650	0.680	0.100
0.652	0.680	0.100
0.654	0.720	0.120
0.656	0.720	0.120
0.658	0.760	0.120
0.660	0.760	0.120
0.662	0.720	0.120
0.664	0.720	0.120
0.666	0.760	0.120
0.668	0.760	0.120
0.670	0.720	0.120
0.672	0.720	0.120
0.674	0.760	0.120
0.676	0.760	0.120
0.678	0.760	0.120
0.680	0.760	0.120
0.682	0.720	0.100
0.684	0.720	0.100
0.686	0.760	0.120
0.688	0.760	0.120
0.690	0.760	0.120
0.692	0.760	0.120
0.694	0.840	0.120
0.696	0.840	0.120
0.698	0.800	0.120
0.700	0.800	0.120
0.702	0.760	0.120
0.704	0.760	0.120
0.706	0.800	0.120
0.708	0.800	0.120
0.710	0.760	0.120
0.712	0.760	0.120
0.714	0.760	0.120
0.716	0.760	0.120
0.718	0.800	0.160
0.720	0.800	0.160
0.722	0.840	0.140
0.724	0.840	0.140
0.726	0.800	0.140
0.728	0.800	0.140
0.730	0.760	0.140
0.732	0.760	0.140
0.734	0.800	0.140
0.736	0.800	0.140
0.738	0.840	0.120
0.740	0.840	0.120
0.742	0.840	0.160
0.744	0.840	0.160
0.746	0.880	0.140
0.748	0.880	0.140
0.750	0.840	0.160
0.752	0.840	0.160
0.754	0.840	0.140
0.756	0.840	0.140
0.758	0.840	0.160
0.760	0.840	0.160
0.762	0.880	0.160
0.764	0.880	0.160
0.766	0.880	0.160
0.768	0.880	0.160
0.770	0.880	0.160
0.772	0.880	0.160
0.774	0.880	0.160
0.776	0.880	0.160
0.778	0.920	0.160
0.780	0.920	0.160
0.782	0.880	0.180
0.784	0.880	0.180
0.786	0.880	0.180
0.788	0.880	0.180
0.790	0.920	0.160
0.792	0.920	0.160
0.794	0.880	0.180
0.796	0.880	0.180
0.798	0.920	0.180
0.800	0.920	0.180
0.802	0.880	0.180
0.804	0.880	0.180
0.806	0.920	0.180
0.808	0.920	0.180
0.810	0.920	0.200
0.812	0.920	0.200
0.814	0.960	0.200
0.816	0.960	0.200
0.818	0.920	0.220
0.820	0.920	0.220
0.822	0.960	0.220
0.824	0.960	0.220
0.826	0.920	0.200
0.828	0.920	0.200
0.830	0.920	0.240
0.832	0.920	0.240
0.834	0.960	0.200
0.836	0.960	0.200
0.838	1.000	0.240
0.840	1.000	0.240
0.842	0.920	0.200
0.844	0.920	0.200
0.846	0.960	0.240
0.848	0.960	0.240
0.850	1.040	0.240
0.852	1.040	0.240
0.854	0.960	0.240
0.856	0.960	0.240
0.858	1.000	0.260
0.860	1.000	0.260
0.862	1.000	0.260
0.864	1.000	0.260
0.866	1.000	0.260
0.868	1.000	0.260
0.870	1.040	0.280
0.872	1.040	0.280
0.874	1.040	0.280
0.876	1.040	0.280
0.878	1.000	0.280
0.880	1.000	0.280
0.882	1.040	0.300
0.884	1.040	0.300
0.886	1.040	0.300
0.888	1.040	0.300
0.890	1.040	0.320
0.892	1.040	0.320
0.894	1.040	0.320
0.896	1.040	0.320
0.898	1.080	0.340
0.900	1.080	0.340
0.902	1.080	0.360
0.904	1.080	0.360
0.906	1.040	0.360
0.908	1.040	0.360
0.910	1.040	0.380
0.912	1.040	0.380
0.914	1.040	0.380
0.916	1.040	0.380
0.918	1.040	0.380
0.920	1.040	0.380
0.922	1.080	0.400
0.924	1.080	0.400
0.926	1.120	0.420
0.928	1.120	0.420
0.930	1.080	0.420
0.932	1.080	0.420
0.934	1.080	0.480
0.936	1.080	0.480
0.938	1.120	0.500
0.940	1.120	0.500
0.942	1.080	0.500
0.944	1.080	0.500
0.946	1.080	0.520
0.948	1.080	0.520
0.950	1.080	0.580
0.952	1.080	0.580
0.954	1.120	0.640
0.956	1.120	0.640
0.958	1.080	0.680
0.960	1.080	0.680
0.962	1.160	0.720
0.964	1.160	0.720
0.966	1.160	0.800
0.968	1.160	0.800
0.970	1.160	0.860
0.972	1.160	0.860
0.974	1.160	0.920
0.976	1.160	0.920
0.978	1.160	0.960
0.980	1.160	0.960
0.982	1.160	1.040
0.984	1.160	1.040
0.986	1.160	1.060
0.988	1.160	1.060
0.990	1.160	1.100
0.992	1.160	1.100
0.994	1.160	1.120
0.996	1.160	1.120
0.998	1.200	1.220
1.000	1.200	1.220
1.002	1.160	1.340
1.004	1.160	1.340
1.006	1.200	1.500
1.008	1.200	1.500
1.010	1.200	1.600
1.012	1.200	1.600
1.014	1.200	1.620
1.016	1.200	1.880
1.018	1.200	1.800
1.020	1.200	2.240
1.022	1.240	2.240
1.024	1.240	2.240
1.026	1.200	2.380
1.028	1.200	2.640
1.030	1.200	2.620
1.032	1.200	2.260
1.034	1.240	2.380
1.036	1.240	1.920
1.038	1.200	2.100
1.040	1.200	1.780
1.042	1.160	1.820
1.044	1.160	1.820
1.046	1.240	1.920
1.048	1.240	1.920
1.050	1.200	1.880
1.052	1.200	1.260
1.054	1.240	1.400
1.056	1.240	0.980
1.058	1.280	1.060
1.060	1.280	0.680
1.062	1.240	0.820
1.064	1.240	0.500
1.066	1.240	0.520
1.068	1.240	0.240
1.070	1.240	0.320
1.072	1.240	0.320
1.074	1.280	0.200
1.076	1.280	0.200
1.078	1.320	0.100
1.080	1.320	0.100
1.082	1.280	0.060
1.084	1.280	0.060
1.086	1.280	0.060
1.088	1.280	0.060
1.090	1.280	0.060
1.092	1.280	0.060
1.094	1.280	0.040
1.096	1.280	0.040
1.098	1.320	0.040
1.100	1.320	0.040
1.102	1.280	0.040
1.104	1.280	0.040
1.106	1.320	0.040
1.108	1.320	0.040
1.110	1.320	0.040
1.112	1.320	0.040
1.114	1.360	0.040
1.116	1.360	0.040
1.118	1.320	0.020
1.120	1.320	0.020
1.122	1.360	0.020
1.124	1.360	0.020
1.126	1.320	0.020
1.128	1.320	0.020
1.130	1.320	0.040
1.132	1.320	0.040
1.134	1.320	0.020
1.136	1.320	0.020
1.138	1.360	0.040
1.140	1.360	0.040
1.142	1.320	0.040
1.144	1.320	0.040
1.146	1.360	0.020
1.148	1.360	0.020
1.150	1.360	0.040
1.152	1.360	0.040
1.154	1.400	0.020
1.156	1.400	0.020
1.158	1.400	0.020
1.160	1.400	0.020
1.162	1.360	0.040
1.164	1.360	0.040
1.166	1.360	0.020
1.168	1.360	0.020
1.170	1.400	0.020
1.172	1.400	0.020
1.174	1.400	0.040
1.176	1.400	0.040
1.178	1.400	0.060
1.180	1.400	0.060
1.182	1.440	0.040
1.184	1.440	0.040
1.186	1.440	0.020
1.188	1.440	0.020
1.190	1.440	0.020
1.192	1.440	0.020
1.194	1.440	0.040
1.196	1.440	0.040
1.198	1.480	0.040
1.200	1.480	0.040
1.202	1.480	0.040
1.204	1.480	0.040
1.206	1.440	0.000
1.208	1.440	0.000
1.210	1.400	0.020
1.212	1.400	0.020
1.214	1.480	0.020
1.216	1.480	0.020
1.218	1.440	0.020
1.220	1.440	0.020
1.222	1.360	0.040
1.224	1.360	0.040
1.226	1.400	0.040
1.228	1.400	0.040
1.230	1.400	0.040
1.232	1.400	0.040
1.234	1.400	0.000
1.236	1.400	0.000
1.238	1.400	0.040
1.240	1.400	0.040
1.242	1.400	0.020
1.244	1.400	0.020
1.246	1.400	0.020
1.248	1.400	0.020
1.250	1.360	0.020
1.252	1.360	0.020
1.254	1.320	0.020
1.256	1.320	0.020
1.258	1.400	0.040
1.260	1.400	0.040
1.262	1.360	0.040
1.264	1.360	0.040
1.266	1.320	0.020
1.268	1.320	0.020
1.270	1.360	0.020
1.272	1.360	0.020
1.274	1.320	0.040
1.276	1.320	0.040
1.278	1.360	0.020
1.280	1.360	0.020
1.282	1.360	0.040
1.284	1.360	0.040
1.286	1.360	0.040
1.288	1.360	0.040
1.290	1.320	0.040
1.292	1.320	0.040
1.294	1.320	0.040
1.296	1.320	0.040
1.298	1.320	0.040
1.300	1.320	0.040
1.302	1.320	0.020
1.304	1.320	0.020
1.306	1.280	0.040
1.308	1.280	0.040
1.310	1.320	0.040
1.312	1.320	0.040
1.314	1.320	0.040
1.316	1.320	0.040
1.318	1.240	0.020
1.320	1.240	0.020
1.322	1.240	0.040
1.324	1.240	0.040
1.326	1.280	0.040
1.328	1.280	0.040
1.330	1.280	0.040
1.332	1.280	0.040
1.334	1.240	0.040
1.336	1.240	0.040
1.338	1.240	0.040
1.340	1.240	0.040
1.342	1.200	0.040
1.344	1.200	0.040
1.346	1.240	0.020
1.348	1.240	0.020
1.350	1.240	0.040
1.352	1.240	0.040
1.354	1.200	0.020
1.356	1.200	0.020
1.358	1.280	0.040
1.360	1.280	0.040
1.362	1.200	0.040
1.364	1.200	0.040
1.366	1.240	0.040
1.368	1.240	0.040
1.370	1.200	0.060
1.372	1.200	0.060
1.374	1.160	0.040
1.376	1.160	0.040
1.378	1.200	0.080
1.380	1.200	0.080
1.382	1.200	0.080
1.384	1.200	0.080
1.386	1.200	0.120
1.388	1.200	0.120
1.390	1.200	0.180
1.392	1.200	0.400
1.394	1.200	0.340
1.396	1.200	0.340
1.398	1.200	0.480
1.400	1.200	0.480
1.402	1.160	0.580
1.404	1.160	0.920
1.406	1.160	0.820
1.408	1.160	1.220
1.410	1.160	1.020
1.412	1.160	1.640
1.414	1.160	1.320
1.416	1.160	1.920
1.418	1.120	1.800
1.420	1.120	2.040
1.422	1.160	2.000
1.424	1.160	2.000
1.426	1.120	1.880
1.428	1.120	1.880
1.430	1.160	1.860
1.432	1.160	1.860
1.434	1.120	2.000
1.436	1.120	2.520
1.438	1.120	2.340
1.440	1.120	2.660
1.442	1.080	2.600
1.444	1.080	2.600
1.446	1.160	2.520
1.448	1.160	2.280
1.450	1.160	2.340
1.452	1.160	2.340
1.454	1.160	2.260
1.456	1.160	1.780
1.458	1.120	1.860
1.460	1.120	1.640
1.462	1.080	1.680
1.464	1.080	1.680
1.466	1.080	1.600
1.468	1.080	1.600
1.470	1.080	1.600
1.472	1.080	1.600
1.474	1.040	1.460
1.476	1.040	1.460
1.478	1.080	1.320
1.480	1.080	1.320
1.482	1.080	1.240
1.484	1.080	1.240
1.486	1.040	1.160
1.488	1.040	1.160
1.490	1.040	1.100
1.492	1.040	1.100
1.494	1.080	1.080
1.496	1.080	1.080
1.498	1.080	1.060
1.500	1.080	1.060
1.502	1.040	1.040
1.504	1.040	1.040
1.506	1.040	1.020
1.508	1.040	1.020
1.510	1.040	0.960
1.512	1.040	0.960
1.514	1.000	0.860
1.516	1.000	0.860
1.518	1.000	0.840
1.520	1.000	0.840
1.522	1.040	0.780
1.524	1.040	0.780
1.526	1.000	0.720
1.528	1.000	0.720
1.530	1.040	0.680
1.532	1.040	0.680
1.534	1.000	0.660
1.536	1.000	0.660
1.538	1.000	0.600
1.540	1.000	0.600
1.542	0.960	0.580
1.544	0.960	0.580
1.546	1.000	0.500
1.548	1.000	0.500
1.550	1.000	0.500
1.552	1.000	0.500
1.554	0.960	0.480
1.556	0.960	0.480
1.558	1.000	0.440
1.560	1.000	0.440
1.562	0.960	0.440
1.564	0.960	0.440
1.566	1.000	0.440
1.568	1.000	0.440
1.570	0.960	0.420
1.572	0.960	0.420
1.574	0.960	0.400
1.576	0.960	0.400
1.578	0.960	0.380
1.580	0.960	0.380
1.582	1.000	0.380
1.584	1.000	0.380
1.586	0.920	0.360
1.588	0.920	0.360
1.590	0.880	0.360
1.592	0.880	0.360
1.594	0.880	0.340
1.596	0.880	0.340
1.598	0.920	0.340
1.600	0.920	0.340
1.602	0.920	0.320
1.604	0.920	0.320
1.606	0.880	0.340
1.608	0.880	0.340
1.610	0.920	0.280
1.612	0.920	0.280
1.614	0.920	0.300
1.616	0.920	0.300
1.618	0.880	0.280
1.620	0.880	0.280
1.622	0.880	0.320
1.624	0.880	0.320
1.626	0.880	0.280
1.628	0.880	0.280
1.630	0.880	0.280
1.632	0.880	0.280
1.634	0.880	0.280
1.636	0.880	0.280
1.638	0.880	0.260
1.640	0.880	0.260
1.642	0.840	0.280
1.644	0.840	0.280
1.646	0.840	0.260
1.648	0.840	0.260
1.650	0.840	0.260
1.652	0.840	0.260
1.654	0.840	0.240
1.656	0.840	0.240
1.658	0.840	0.240
1.660	0.840	0.240
1.662	0.840	0.240
1.664	0.840	0.240
1.666	0.800	0.220
1.668	0.800	0.220
1.670	0.840	0.200
1.672	0.840	0.200
1.674	0.840	0.240
1.676	0.840	0.240
1.678	0.760	0.240
1.680	0.760	0.240
1.682	0.800	0.200
1.684	0.800	0.200
1.686	0.760	0.200
1.688	0.760	0.200
1.690	0.760	0.200
1.692	0.760	0.200
1.694	0.760	0.200
1.696	0.760	0.200
1.698	0.800	0.180
1.700	0.800	0.180
1.702	0.760	0.200
1.704	0.760	0.200
1.706	0.800	0.180
1.708	0.800	0.180
1.710	0.760	0.180
1.712	0.760	0.180
1.714	0.760	0.160
1.716	0.760	0.160
1.718	0.720	0.200
1.720	0.720	0.200
1.722	0.760	0.180
1.724	0.760	0.180
1.726	0.760	0.180
1.728	0.760	0.180
1.730	0.720	0.160
1.732	0.720	0.160
1.734	0.760	0.140
1.736	0.760	0.140
1.738	0.720	0.180
1.740	0.720	0.180
1.742	0.760	0.160
1.744	0.760	0.160
1.746	0.760	0.160
1.748	0.760	0.160
1.750	0.720	0.160
1.752	0.720	0.160
1.754	0.720	0.140
1.756	0.720	0.140
1.758	0.680	0.140
1.760	0.680	0.140
1.762	0.720	0.140
1.764	0.720	0.140
1.766	0.680	0.140
1.768	0.680	0.140
1.770	0.680	0.160
1.772	0.680	0.160
1.774	0.640	0.140
1.776	0.640	0.140
1.778	0.680	0.120
1.780	0.680	0.120
1.782	0.680	0.140
1.784	0.680	0.140
1.786	0.640	0.140
1.788	0.640	0.140
1.790	0.640	0.140
1.792	0.640	0.140
1.794	0.640	0.120
1.796	0.640	0.120
1.798	0.640	0.120
1.800	0.640	0.120
1.802	0.600	0.120
1.804	0.600	0.120
1.806	0.600	0.120
1.808	0.600	0.120
1.810	0.600	0.120
1.812	0.600	0.120
1.814	0.680	0.120
1.816	0.680	0.120
1.818	0.640	0.120
1.820	0.640	0.120
1.822	0.640	0.140
1.824	0.640	0.140
1.826	0.600	0.120
1.828	0.600	0.120
1.830	0.600	0.120
1.832	0.600	0.120
1.834	0.600	0.120
1.836	0.600	0.120
1.838	0.560	0.120
1.840	0.560	0.120
1.842	0.560	0.120
1.844	0.560	0.120
1.846	0.600	0.100
1.848	0.600	0.100
1.850	0.600	0.120
1.852	0.600	0.120
1.854	0.600	0.100
1.856	0.600	0.100
1.858	0.600	0.120
1.860	0.600	0.120
1.862	0.560	0.120
1.864	0.560	0.120
1.866	0.560	0.120
1.868	0.560	0.120
1.870	0.520	0.100
1.872	0.520	0.100
1.874	0.520	0.120
1.876	0.520	0.120
1.878	0.600	0.120
1.880	0.600	0.120
1.882	0.560	0.120
1.884	0.560	0.120
1.886	0.520	0.100
1.888	0.520	0.100
1.890	0.520	0.100
1.892	0.520	0.100
1.894	0.520	0.100
1.896	0.520	0.100
1.898	0.560	0.100
1.900	0.560	0.100
1.902	0.520	0.100
1.904	0.520	0.100
1.906	0.520	0.100
1.908	0.520	0.100
1.910	0.520	0.080
1.912	0.520	0.080
1.914	0.520	0.100
1.916	0.520	0.100
1.918	0.520	0.100
1.920	0.520	0.100
1.922	0.440	0.100
1.924	0.440	0.100
1.926	0.520	0.080
1.928	0.520	0.080
1.930	0.480	0.100
1.932	0.480	0.100
1.934	0.520	0.100
1.936	0.520	0.100
1.938	0.440	0.100
1.940	0.440	0.100
1.942	0.480	0.080
1.944	0.480	0.080
1.946	0.440	0.100
1.948	0.440	0.100
1.950	0.400	0.080
1.952	0.400	0.080
1.954	0.440	0.100
1.956	0.440	0.100
1.958	0.400	0.100
1.960	0.400	0.100
1.962	0.400	0.080
1.964	0.400	0.080
1.966	0.400	0.080
1.968	0.400	0.080
1.970	0.400	0.080
1.972	0.400	0.080
1.974	0.400	0.080
1.976	0.400	0.080
1.978	0.440	0.080
1.980	0.440	0.080
1.982	0.440	0.080
1.984	0.440	0.080
1.986	0.440	0.040
1.988	0.440	0.040
1.990	0.400	0.080
1.992	0.400	0.080
1.994	0.360	0.080
1.996	0.360	0.080
1.998	0.400	0.080
2.000	0.400	0.080
2.002	0.360	0.080
2.004	0.360	0.080
2.006	0.360	0.080
2.008	0.360	0.080
2.010	0.360	0.100
2.012	0.360	0.100
2.014	0.360	0.080
2.016	0.360	0.080
2.018	0.360	0.080
2.020	0.360	0.080
2.022	0.360	0.080
2.024	0.360	0.080
2.026	0.360	0.080
2.028	0.360	0.080
2.030	0.360	0.060
2.032	0.360	0.060
2.034	0.320	0.100
2.036	0.320	0.100
2.038	0.360	0.060
2.040	0.360	0.060
2.042	0.360	0.080
2.044	0.360	0.080
2.046	0.320	0.080
2.048	0.320	0.080
2.050	0.320	0.040
2.052	0.320	0.040
2.054	0.360	0.080
2.056	0.360	0.080
2.058	0.280	0.080
2.060	0.280	0.080
2.062	0.320	0.060
2.064	0.320	0.060
2.066	0.280	0.080
2.068	0.280	0.080
2.070	0.240	0.040
2.072	0.240	0.040
2.074	0.320	0.080
2.076	0.320	0.080
2.078	0.280	0.060
2.080	0.280	0.060
2.082	0.280	0.080
2.084	0.280	0.080
2.086	0.280	0.040
2.088	0.280	0.040
2.090	0.200	0.080
2.092	0.200	0.080
2.094	0.280	0.060
2.096	0.280	0.060
2.098	0.200	0.060
2.100	0.200	0.060
2.102	0.200	0.080
2.104	0.200	0.080
2.106	0.240	0.080
2.108	0.240	0.080
2.110	0.240	0.080
2.112	0.240	0.080
2.114	0.280	0.080
2.116	0.280	0.080
2.118	0.240	0.080
2.120	0.240	0.080
2.122	0.240	0.080
2.124	0.240	0.080
2.126	0.200	0.060
2.128	0.200	0.060
2.130	0.240	0.040
2.132	0.240	0.040
2.134	0.200	0.060
2.136	0.200	0.060
2.138	0.200	0.060
2.140	0.200	0.060
2.142	0.200	0.040
2.144	0.200	0.040
2.146	0.160	0.040
2.148	0.160	0.040
2.150	0.160	0.060
2.152	0.160	0.060
2.154	0.160	0.060
2.156	0.160	0.060
2.158	0.200	0.040
2.160	0.200	0.040
2.162	0.200	0.040
2.164	0.200	0.040
2.166	0.120	0.040
2.168	0.120	0.040
2.170	0.160	0.040
2.172	0.160	0.040
2.174	0.160	0.060
2.176	0.160	0.060
2.178	0.160	0.060
2.180	0.160	0.060
2.182	0.120	0.080
2.184	0.120	0.080
2.186	0.120	0.040
2.188	0.120	0.040
2.190	0.120	0.060
2.192	0.120	0.060
2.194	0.120	0.040
2.196	0.120	0.040
2.198	0.120	0.040
2.200	0.120	0.040
2.202	0.120	0.040
2.204	0.120	0.040
2.206	0.120	0.040
2.208	0.120	0.040
2.210	0.120	0.060
2.212	0.120	0.060
2.214	0.080	0.040
2.216	0.080	0.040
2.218	0.080	0.020
2.220	0.080	0.020
2.222	0.080	0.040
2.224	0.080	0.040
2.226	0.080	0.040
2.228	0.080	0.040
2.230	0.080	0.040
2.232	0.080	0.040
2.234	0.040	0.040
2.236	0.040	0.040
2.238	0.080	0.020
2.240	0.080	0.020
2.242	0.040	0.040
2.244	0.040	0.040
2.246	0.080	0.040
2.248	0.080	0.040
2.250	0.040	0.040
2.252	0.040	0.040
2.254	0.080	0.040
2.256	0.080	0.040
2.258	0.040	0.040
2.260	0.040	0.040
2.262	0.080	0.060
2.264	0.080	0.060
2.266	0.000	0.040
2.268	0.000	0.040
2.270	0.040	0.040
2.272	0.040	0.040
2.274	0.040	0.040
2.276	0.040	0.040
2.278	0.040	0.040
2.280	0.040	0.040
2.282	0.040	0.060
2.284	0.040	0.060
2.286	0.000	0.060
2.288	0.000	0.060
2.290	0.000	0.040
2.292	0.000	0.040
2.294	0.000	0.040
2.296	0.000	0.040
2.298	-0.080	0.040
2.300	-0.080	0.040
2.302	-0.040	0.040
2.304	-0.040	0.040
2.306	-0.040	0.040
2.308	-0.040	0.040
2.310	0.000	0.040
2.312	0.000	0.040
2.314	-0.040	0.040
2.316	-0.040	0.040
2.318	-0.040	0.040
2.320	-0.040	0.040
2.322	-0.080	0.040
2.324	-0.080	0.040
2.326	-0.080	0.060
2.328	-0.080	0.060
2.330	-0.080	0.020
2.332	-0.080	0.020
2.334	-0.080	0.020
2.336	-0.080	0.020
2.338	-0.040	0.060
2.340	-0.040	0.060
2.342	-0.040	0.060
2.344	-0.040	0.060
2.346	-0.080	0.040
2.348	-0.080	0.040
2.350	-0.120	0.040
2.352	-0.120	0.040
2.354	-0.080	0.040
2.356	-0.080	0.040
2.358	-0.120	0.060
2.360	-0.120	0.060
2.362	-0.120	0.040
2.364	-0.120	0.040
2.366	-0.120	0.040
2.368	-0.120	0.040
2.370	-0.080	0.040
2.372	-0.080	0.040
2.374	-0.120	0.040
2.376	-0.120	0.040
2.378	-0.120	0.040
2.380	-0.120	0.040
2.382	-0.120	0.040
2.384	-0.120	0.040
2.386	-0.080	0.040
2.388	-0.080	0.040
2.390	-0.120	0.040
2.392	-0.120	0.040
2.394	-0.120	0.040
2.396	-0.120	0.040
2.398	-0.120	0.040
2.400	-0.120	0.040
2.402	-0.160	0.040
2.404	-0.160	0.040
2.406	-0.160	0.040
2.408	-0.160	0.040
2.410	-0.160	0.040
2.412	-0.160	0.040
2.414	-0.160	0.040
2.416	-0.160	0.040
2.418	-0.160	0.040
2.420	-0.160	0.040
2.422	-0.200	0.040
2.424	-0.200	0.040
2.426	-0.200	0.040
2.428	-0.200	0.040
2.430	-0.160	0.040
2.432	-0.160	0.040
2.434	-0.200	0.040
2.436	-0.200	0.040
2.438	-0.200	0.040
2.440	-0.200	0.040
2.442	-0.200	0.040
2.444	-0.200	0.040
2.446	-0.200	0.040
2.448	-0.200	0.040
2.450	-0.200	0.020
2.452	-0.200	0.020
2.454	-0.240	0.040
2.456	-0.240	0.040
2.458	-0.280	0.020
2.460	-0.280	0.020
2.462	-0.240	0.040
2.464	-0.240	0.040
2.466	-0.240	0.040
2.468	-0.240	0.040
2.470	-0.240	0.040
2.472	-0.240	0.040
2.474	-0.240	0.040
2.476	-0.240	0.040
2.478	-0.240	0.020
2.480	-0.240	0.020
2.482	-0.280	0.040
2.484	-0.280	0.040
2.486	-0.280	0.020
2.488	-0.280	0.020
2.490	-0.320	0.020
2.492	-0.320	0.020
2.494	-0.280	0.040
2.496	-0.280	0.040
2.498	-0.280	0.040
2.500	-0.280	0.040
2.502	-0.280	0.040
2.504	-0.280	0.040
2.506	-0.320	0.040
2.508	-0.320	0.040
2.510	-0.280	0.040
2.512	-0.280	0.040
2.514	-0.280	0.020
2.516	-0.280	0.020
2.518	-0.320	0.020
2.520	-0.320	0.020
2.522	-0.320	0.040
2.524	-0.320	0.040
2.526	-0.320	0.040
2.528	-0.320	0.040
2.530	-0.360	0.020
2.532	-0.360	0.020
2.534	-0.320	0.040
2.536	-0.320	0.040
2.538	-0.320	0.020
2.540	-0.320	0.020
2.542	-0.360	0.040
2.544	-0.360	0.040
2.546	-0.360	0.040
2.548	-0.360	0.040
2.550	-0.360	0.040
2.552	-0.360	0.040
2.554	-0.360	0.020
2.556	-0.360	0.020
2.558	-0.360	0.040
2.560	-0.360	0.040
2.562	-0.400	0.020
2.564	-0.400	0.020
2.566	-0.320	0.020
2.568	-0.320	0.020
2.570	-0.360	0.020
2.572	-0.360	0.020
2.574	-0.360	0.020
2.576	-0.360	0.020
2.578	-0.360	0.020
2.580	-0.360	0.020
2.582	-0.400	0.020
2.584	-0.400	0.020
2.586	-0.360	0.040
2.588	-0.360	0.040
2.590	-0.400	0.020
2.592	-0.400	0.020
2.594	-0.440	0.040
2.596	-0.440	0.040
2.598	-0.400	0.040
2.600	-0.400	0.040
2.602	-0.400	0.020
2.604	-0.400	0.020
2.606	-0.440	0.020
2.608	-0.440	0.020
2.610	-0.440	0.040
2.612	-0.440	0.040
2.614	-0.400	0.020
2.616	-0.400	0.020
2.618	-0.400	0.020
2.620	-0.400	0.020
2.622	-0.440	0.020
2.624	-0.440	0.020
2.626	-0.440	0.040
2.628	-0.440	0.040
2.630	-0.440	0.040
2.632	-0.440	0.040
2.634	-0.480	0.020
2.636	-0.480	0.020
2.638	-0.440	0.020
2.640	-0.440	0.020
2.642	-0.440	0.040
2.644	-0.440	0.040
2.646	-0.440	0.020
2.648	-0.440	0.020
2.650	-0.440	0.040
2.652	-0.440	0.040
2.654	-0.520	0.040
2.656	-0.520	0.040
2.658	-0.520	0.020
2.660	-0.520	0.020
2.662	-0.440	0.040
2.664	-0.440	0.040
2.666	-0.480	0.020
2.668	-0.480	0.020
2.670	-0.520	0.040
2.672	-0.520	0.040
2.674	-0.600	0.020
2.676	-0.600	0.020
2.678	-0.560	0.020
2.680	-0.560	0.020
2.682	-0.520	0.020
2.684	-0.520	0.020
2.686	-0.520	0.000
2.688	-0.520	0.000
2.690	-0.520	0.040
2.692	-0.520	0.040
2.694	-0.560	0.020
2.696	-0.560	0.020
2.698	-0.560	0.020
2.700	-0.560	0.020
2.702	-0.600	0.040
2.704	-0.600	0.040
2.706	-0.600	0.040
2.708	-0.600	0.040
2.710	-0.560	0.040
2.712	-0.560	0.040
2.714	-0.560	0.020
2.716	-0.560	0.020
2.718	-0.560	0.020
2.720	-0.560	0.020
2.722	-0.560	0.000
2.724	-0.560	0.000
2.726	-0.600	0.020
2.728	-0.600	0.020
2.730	-0.600	0.040
2.732	-0.600	0.040
2.734	-0.600	0.020
2.736	-0.600	0.020
2.738	-0.560	0.020
2.740	-0.560	0.020
2.742	-0.600	0.040
2.744	-0.600	0.040
2.746	-0.640	0.020
2.748	-0.640	0.020
2.750	-0.600	0.020
2.752	-0.600	0.020
2.754	-0.640	0.040
2.756	-0.640	0.040
2.758	-0.600	0.020
2.760	-0.600	0.020
2.762	-0.640	0.020
2.764	-0.640	0.020
2.766	-0.640	0.020
2.768	-0.640	0.020
2.770	-0.640	0.040
2.772	-0.640	0.040
2.774	-0.680	0.020
2.776	-0.680	0.020
2.778	-0.640	0.040
2.780	-0.640	0.040
2.782	-0.680	0.020
2.784	-0.680	0.020
2.786	-0.680	0.020
2.788	-0.680	0.020
2.790	-0.680	0.020
2.792	-0.680	0.020
2.794	-0.720	0.040
2.796	-0.720	0.040
2.798	-0.640	0.040
2.800	-0.640	0.040
2.802	-0.680	0.020
2.804	-0.680	0.020
2.806	-0.680	0.020
2.808	-0.680	0.020
2.810	-0.640	0.040
2.812	-0.640	0.040
2.814	-0.680	0.020
2.816	-0.680	0.020
2.818	-0.680	0.020
2.820	-0.680	0.020
2.822	-0.680	0.040
2.824	-0.680	0.040
2.826	-0.760	0.040
2.828	-0.760	0.040
2.830	-0.720	0.020
2.832	-0.720	0.020
2.834	-0.720	0.020
2.836	-0.720	0.020
2.838	-0.760	0.020
2.840	-0.760	0.020
2.842	-0.720	0.000
2.844	-0.720	0.000
2.846	-0.720	0.020
2.848	-0.720	0.020
2.850	-0.760	0.040
2.852	-0.760	0.040
2.854	-0.800	0.020
2.856	-0.800	0.020
2.858	-0.800	0.040
2.860	-0.800	0.040
2.862	-0.720	0.020
2.864	-0.720	0.020
2.866	-0.760	0.020
2.868	-0.760	0.020
2.870	-0.760	0.020
2.872	-0.760	0.020
2.874	-0.760	0.020
2.876	-0.760	0.020
2.878	-0.840	0.020
2.880	-0.840	0.020
2.882	-0.800	0.040
2.884	-0.800	0.040
2.886	-0.800	0.020
2.888	-0.800	0.020
2.890	-0.840	0.020
2.892	-0.840	0.020
2.894	-0.800	0.000
2.896	-0.800	0.000
2.898	-0.800	0.020
2.900	-0.800	0.020
2.902	-0.840	0.020
2.904	-0.840	0.020
2.906	-0.760	0.020
2.908	-0.760	0.020
2.910	-0.800	0.020
2.912	-0.800	0.020
2.914	-0.840	0.020
2.916	-0.840	0.020
2.918	-0.880	0.020
2.920	-0.880	0.020
2.922	-0.840	0.020
2.924	-0.840	0.020
2.926	-0.880	0.040
2.928	-0.880	0.040
2.930	-0.880	0.040
2.932	-0.880	0.040
2.934	-0.840	0.000
2.936	-0.840	0.000
2.938	-0.840	0.040
2.940	-0.840	0.040
2.942	-0.840	0.040
2.944	-0.840	0.040
2.946	-0.920	0.020
2.948	-0.920	0.020
2.950	-0.880	0.040
2.952	-0.880	0.040
2.954	-0.880	0.020
2.956	-0.880	0.020
2.958	-0.920	0.020
2.960	-0.920	0.020
2.962	-0.880	0.020
2.964	-0.880	0.020
2.966	-0.880	0.020
2.968	-0.880	0.020
2.970	-0.920	0.040
2.972	-0.920	0.040
2.974	-0.880	0.020
2.976	-0.880	0.020
2.978	-0.920	0.040
2.980	-0.920	0.040
2.982	-0.920	0.040
2.984	-0.920	0.040
2.986	-0.920	0.020
2.988	-0.920	0.020
2.990	-0.960	0.020
2.992	-0.960	0.020
2.994	-0.920	0.020
2.996	-0.920	0.020
2.998	-0.920	0.040
3.000	-0.920	0.040
3.002	-0.960	0.040
3.004	-0.960	0.040
3.006	-0.920	0.020
3.008	-0.920	0.020
3.010	-1.000	0.040
3.012	-1.000	0.040
3.014	-0.960	0.020
3.016	-0.960	0.020
3.018	-0.960	0.040
3.020	-0.960	0.040
3.022	-0.960	0.040
3.024	-0.960	0.040
3.026	-0.920	0.020
3.028	-0.920	0.020
3.030	-0.920	0.020
3.032	-0.920	0.020
3.034	-1.000	0.040
3.036	-1.000	0.040
3.038	-1.000	0.040
3.040	-1.000	0.040
3.042	-1.000	0.020
3.044	-1.000	0.020
3.046	-1.040	0.020
3.048	-1.040	0.020
3.050	-0.960	0.040
3.052	-0.960	0.040
3.054	-1.040	0.040
3.056	-1.040	0.040
3.058	-1.040	0.040
3.060	-1.040	0.040
3.062	-1.040	0.020
3.064	-1.040	0.020
3.066	-1.040	0.020
3.068	-1.040	0.020
3.070	-1.040	0.040
3.072	-1.040	0.040
3.074	-1.000	0.020
3.076	-1.000	0.020
3.078	-1.000	0.020
3.080	-1.000	0.020
3.082	-1.080	0.020
3.084	-1.080	0.020
3.086	-1.080	0.020
3.088	-1.080	0.020
3.090	-1.080	0.040
3.092	-1.080	0.040
3.094	-1.080	0.020
3.096	-1.080	0.020
3.098	-1.080	0.020
3.100	-1.080	0.020
3.102	-1.080	0.020
3.104	-1.080	0.020
3.106	-1.080	0.020
3.108	-1.080	0.020
3.110	-1.080	0.020
3.112	-1.080	0.020
3.114	-1.080	0.040
3.116	-1.080	0.040
3.118	-1.120	0.040
3.120	-1.120	0.040
3.122	-1.120	0.040
3.124	-1.120	0.040
3.126	-1.120	0.020
3.128	-1.120	0.020
3.130	-1.120	0.020
3.132	-1.120	0.020
3.134	-1.160	0.020
3.136	-1.160	0.020
3.138	-1.120	0.020
3.140	-1.120	0.020
3.142	-1.160	0.020
3.144	-1.160	0.020
3.146	-1.160	0.020
3.148	-1.160	0.020
3.150	-1.120	0.040
3.152	-1.120	0.040
3.154	-1.160	0.020
3.156	-1.160	0.020
3.158	-1.160	0.020
3.160	-1.160	0.020
3.162	-1.160	0.040
3.164	-1.160	0.040
3.166	-1.200	0.020
3.168	-1.200	0.020
3.170	-1.160	0.020
3.172	-1.160	0.020
3.174	-1.160	0.020
3.176	-1.160	0.020
3.178	-1.240	0.040
3.180	-1.240	0.040
3.182	-1.160	0.020
3.184	-1.160	0.020
3.186	-1.200	0.040
3.188	-1.200	0.040
3.190	-1.160	0.040
3.192	-1.160	0.040
3.194	-1.240	0.020
3.196	-1.240	0.020
3.198	-1.160	0.040
3.200	-1.160	0.040
3.202	-1.200	0.000
3.204	-1.200	0.000
3.206	-1.240	0.040
3.208	-1.240	0.040
3.210	-1.240	0.020
3.212	-1.240	0.020
3.214	-1.240	0.040
3.216	-1.240	0.040
3.218	-1.200	0.040
3.220	-1.200	0.040
3.222	-1.280	0.020
3.224	-1.280	0.020
3.226	-1.240	0.040
3.228	-1.240	0.040
3.230	-1.200	0.020
3.232	-1.200	0.020
3.234	-1.240	0.040
3.236	-1.240	0.040
3.238	-1.240	0.020
3.240	-1.240	0.020
3.242	-1.240	0.000
3.244	-1.240	0.000
3.246	-1.320	0.040
3.248	-1.320	0.040
3.250	-1.280	0.000
3.252	-1.280	0.000
3.254	-1.240	0.040
3.256	-1.240	0.040
3.258	-1.320	0.000
3.260	-1.320	0.000
3.262	-1.360	0.040
3.264	-1.360	0.040
3.266	-1.320	0.020
3.268	-1.320	0.020
3.270	-1.280	0.020
3.272	-1.280	0.020
3.274	-1.360	0.020
3.276	-1.360	0.020
3.278	-1.360	0.020
3.280	-1.360	0.020
3.282	-1.360	0.020
3.284	-1.360	0.020
3.286	-1.360	0.000
3.288	-1.360	0.000
3.290	-1.320	0.020
3.292	-1.320	0.020
3.294	-1.320	0.040
3.296	-1.320	0.040
3.298	-1.360	0.020
3.300	-1.360	0.020
3.302	-1.360	0.040
3.304	-1.360	0.040
3.306	-1.360	0.040
3.308	-1.360	0.040
3.310	-1.400	0.020
3.312	-1.400	0.020
3.314	-1.360	0.020
3.316	-1.360	0.020
3.318	-1.400	0.020
3.320	-1.400	0.020
3.322	-1.360	0.020
3.324	-1.360	0.020
3.326	-1.400	0.020
3.328	-1.400	0.020
3.330	-1.360	0.020
3.332	-1.360	0.020
3.334	-1.400	0.040
3.336	-1.400	0.040
3.338	-1.400	0.020
3.340	-1.400	0.020
3.342	-1.400	0.040
3.344	-1.400	0.040
3.346	-1.440	0.040
3.348	-1.440	0.040
3.350	-1.400	0.040
3.352	-1.400	0.040
3.354	-1.400	0.040
3.356	-1.400	0.040
3.358	-1.440	0.040
3.360	-1.440	0.040
3.362	-1.480	0.040
3.364	-1.480	0.040
3.366	-1.400	0.020
3.368	-1.400	0.020
3.370	-1.440	0.040
3.372	-1.440	0.040
3.374	-1.440	0.040
3.376	-1.440	0.040
3.378	-1.480	0.040
3.380	-1.480	0.040
3.382	-1.440	0.040
3.384	-1.440	0.040
3.386	-1.480	0.040
3.388	-1.480	0.040
3.390	-1.440	0.040
3.392	-1.440	0.040
3.394	-1.440	0.020
3.396	-1.440	0.020
3.398	-1.480	0.040
3.400	-1.480	0.040
3.402	-1.480	0.020
3.404	-1.480	0.020
3.406	-1.480	0.060
3.408	-1.480	0.060
3.410	-1.520	0.040
3.412	-1.520	0.040
3.414	-1.480	0.040
3.416	-1.480	0.040
3.418	-1.520	0.060
3.420	-1.520	0.060
3.422	-1.520	0.040
3.424	-1.520	0.040
3.426	-1.520	0.100
3.428	-1.520	0.100
3.430	-1.480	0.080
3.432	-1.480	0.080
3.434	-1.520	0.120
3.436	-1.520	0.120
3.438	-1.520	0.200
3.440	-1.520	0.460
3.442	-1.520	0.380
3.444	-1.520	0.680
3.446	-1.560	0.680
3.448	-1.560	0.680
3.450	-1.520	0.800
3.452	-1.520	1.180
3.454	-1.520	1.040
3.456	-1.520	1.580
3.458	-1.520	1.480
3.460	-1.520	1.900
3.462	-1.560	1.880
3.464	-1.560	1.880
3.466	-1.560	1.760
3.468	-1.560	1.760
3.470	-1.560	1.720
3.472	-1.560	2.040
3.474	-1.560	1.960
3.476	-1.560	2.340
3.478	-1.600	2.220
3.480	-1.600	2.220
3.482	-1.600	2.280
3.484	-1.600	2.040
3.486	-1.600	2.100
3.488	-1.600	1.780
3.490	-1.600	1.840
3.492	-1.600	1.500
3.494	-1.600	1.540
3.496	-1.600	1.540
3.498	-1.640	1.460
3.500	-1.640	1.460
3.502	-1.640	1.460
3.504	-1.640	1.240
3.506	-1.560	1.280
3.508	-1.560	1.280
3.510	-1.600	1.160
3.512	-1.600	1.160
3.514	-1.640	1.060
3.516	-1.640	1.060
3.518	-1.600	1.040
3.520	-1.600	1.040
3.522	-1.640	0.960
3.524	-1.640	0.960
3.526	-1.640	0.960
3.528	-1.640	0.960
3.530	-1.640	0.920
3.532	-1.640	0.920
3.534	-1.680	0.880
3.536	-1.680	0.880
3.538	-1.640	0.840
3.540	-1.640	0.840
3.542	-1.680	0.740
3.544	-1.680	0.740
3.546	-1.680	0.680
3.548	-1.680	0.680
3.550	-1.680	0.660
3.552	-1.680	0.660
3.554	-1.680	0.600
3.556	-1.680	0.600
3.558	-1.640	0.560
3.560	-1.640	0.560
3.562	-1.680	0.520
3.564	-1.680	0.520
3.566	-1.680	0.480
3.568	-1.680	0.480
3.570	-1.680	0.460
3.572	-1.680	0.460
3.574	-1.720	0.420
3.576	-1.720	0.420
3.578	-1.720	0.440
3.580	-1.720	0.440
3.582	-1.720	0.380
3.584	-1.720	0.380
3.586	-1.720	0.340
3.588	-1.720	0.340
3.590	-1.720	0.380
3.592	-1.720	0.380
3.594	-1.800	0.340
3.596	-1.800	0.340
3.598	-1.720	0.360
3.600	-1.720	0.360
3.602	-1.760	0.320
3.604	-1.760	0.320
3.606	-1.720	0.340
3.608	-1.720	0.340
3.610	-1.720	0.300
3.612	-1.720	0.300
3.614	-1.760	0.320
3.616	-1.760	0.320
3.618	-1.720	0.340
3.620	-1.720	0.340
3.622	-1.720	0.320
3.624	-1.720	0.320
3.626	-1.720	0.320
3.628	-1.720	0.320
3.630	-1.720	0.360
3.632	-1.720	0.360
3.634	-1.680	0.360
3.636	-1.680	0.360
3.638	-1.640	0.340
3.640	-1.640	0.340
3.642	-1.640	0.360
3.644	-1.640	0.360
3.646	-1.680	0.360
3.648	-1.680	0.360
3.650	-1.720	0.380
3.652	-1.720	0.380
3.654	-1.680	0.380
3.656	-1.680	0.380
3.658	-1.640	0.400
3.660	-1.640	0.400
3.662	-1.640	0.420
3.664	-1.640	0.420
3.666	-1.640	0.440
3.668	-1.640	0.440
3.670	-1.680	0.440
3.672	-1.680	0.440
3.674	-1.640	0.440
3.676	-1.640	0.440
3.678	-1.680	0.480
3.680	-1.680	0.480
3.682	-1.600	0.500
3.684	-1.600	0.500
3.686	-1.680	0.520
3.688	-1.680	0.520
3.690	-1.640	0.520
3.692	-1.640	0.520
3.694	-1.640	0.600
3.696	-1.640	0.600
3.698	-1.640	0.600
3.700	-1.640	0.600
3.702	-1.640	0.660
3.704	-1.640	0.660
3.706	-1.600	0.680
3.708	-1.600	0.680
3.710	-1.600	0.720
3.712	-1.600	0.720
3.714	-1.640	0.760
3.716	-1.640	0.760
3.718	-1.560	0.780
3.720	-1.560	0.780
3.722	-1.560	0.860
3.724	-1.560	0.860
3.726	-1.560	0.880
3.728	-1.560	0.880
3.730	-1.600	0.900
3.732	-1.600	0.900
3.734	-1.560	0.960
3.736	-1.560	0.960
3.738	-1.560	0.980
3.740	-1.560	0.980
3.742	-1.560	0.960
3.744	-1.560	0.960
3.746	-1.560	1.000
3.748	-1.560	1.000
3.750	-1.560	1.040
3.752	-1.560	1.040
3.754	-1.520	1.100
3.756	-1.520	1.100
3.758	-1.520	1.160
3.760	-1.520	1.160
3.762	-1.520	1.260
3.764	-1.520	1.260
3.766	-1.520	1.440
3.768	-1.520	1.440
3.770	-1.520	1.480
3.772	-1.520	1.480
3.774	-1.520	1.480
3.776	-1.520	1.480
3.778	-1.520	1.560
3.780	-1.520	1.800
3.782	-1.520	1.680
3.784	-1.520	2.000
3.786	-1.480	1.940
3.788	-1.480	1.940
3.790	-1.520	1.960
3.792	-1.520	2.200
3.794	-1.480	2.120
3.796	-1.480	2.360
3.798	-1.560	2.360
3.800	-1.560	2.040
3.802	-1.520	2.200
3.804	-1.520	1.860
3.806	-1.440	2.020
3.808	-1.440	1.720
3.810	-1.480	1.760
3.812	-1.480	1.760
3.814	-1.480	1.720
3.816	-1.480	1.720
3.818	-1.480	1.920
3.820	-1.480	1.540
3.822	-1.480	1.880
3.824	-1.480	1.340
3.826	-1.400	1.480
3.828	-1.400	1.000
3.830	-1.480	1.260
3.832	-1.480	0.820
3.834	-1.480	0.840
3.836	-1.480	0.580
3.838	-1.480	0.740
3.840	-1.480	0.480
3.842	-1.440	0.520
3.844	-1.440	0.520
3.846	-1.520	0.400
3.848	-1.520	0.140
3.850	-1.440	0.200
3.852	-1.440	0.200
3.854	-1.400	0.160
3.856	-1.400	0.160
3.858	-1.400	0.080
3.860	-1.400	0.080
3.862	-1.400	0.040
3.864	-1.400	0.040
3.866	-1.400	0.060
3.868	-1.400	0.060
3.870	-1.400	0.040
3.872	-1.400	0.040
3.874	-1.400	0.040
3.876	-1.400	0.040
3.878	-1.400	0.040
3.880	-1.400	0.040
3.882	-1.440	0.040
3.884	-1.440	0.040
3.886	-1.400	0.040
3.888	-1.400	0.040
3.890	-1.360	0.020
3.892	-1.360	0.020
3.894	-1.400	0.040
3.896	-1.400	0.040
3.898	-1.400	0.040
3.900	-1.400	0.040
3.902	-1.320	0.040
3.904	-1.320	0.040
3.906	-1.360	0.020
3.908	-1.360	0.020
3.910	-1.360	0.020
3.912	-1.360	0.020
3.914	-1.360	0.040
3.916	-1.360	0.040
3.918	-1.360	0.020
3.920	-1.360	0.020
3.922	-1.320	0.040
3.924	-1.320	0.040
3.926	-1.360	0.040
3.928	-1.360	0.040
3.930	-1.320	0.040
3.932	-1.320	0.040
3.934	-1.360	0.040
3.936	-1.360	0.040
3.938	-1.320	0.040
3.940	-1.320	0.040
3.942	-1.320	0.040
3.944	-1.320	0.040
3.946	-1.280	0.020
3.948	-1.280	0.020
3.950	-1.320	0.020
3.952	-1.320	0.020
3.954	-1.240	0.020
3.956	-1.240	0.020
3.958	-1.240	0.040
3.960	-1.240	0.040
3.962	-1.320	0.040
3.964	-1.320	0.040
3.966	-1.240	0.040
3.968	-1.240	0.040
3.970	-1.240	0.020
3.972	-1.240	0.020
3.974	-1.240	0.040
3.976	-1.240	0.040
3.978	-1.280	0.020
3.980	-1.280	0.020
3.982	-1.240	0.040
3.984	-1.240	0.040
3.986	-1.280	0.040
3.988	-1.280	0.040
3.990	-1.240	0.020
3.992	-1.240	0.020
3.994	-1.280	0.040
3.996	-1.280	0.040
3.998	-1.240	0.040
4.000	-1.240	0.040
4.002	-1.240	0.020
4.004	-1.240	0.020
4.006	-1.200	0.020
4.008	-1.200	0.020
4.010	-1.200	0.020
4.012	-1.200	0.020
4.014	-1.240	0.020
4.016	-1.240	0.020
4.018	-1.200	0.020
4.020	-1.200	0.020
4.022	-1.200	0.040
4.024	-1.200	0.040
4.026	-1.200	0.020
4.028	-1.200	0.020
4.030	-1.240	0.020
4.032	-1.240	0.020
4.034	-1.160	0.040
4.036	-1.160	0.040
4.038	-1.200	0.020
4.040	-1.200	0.020
4.042	-1.160	0.040
4.044	-1.160	0.040
4.046	-1.200	0.040
4.048	-1.200	0.040
4.050	-1.160	0.040
4.052	-1.160	0.040
4.054	-1.200	0.040
4.056	-1.200	0.040
4.058	-1.160	0.020
4.060	-1.160	0.020
4.062	-1.160	0.020
4.064	-1.160	0.020
4.066	-1.160	0.040
4.068	-1.160	0.040
4.070	-1.080	0.020
4.072	-1.080	0.020
4.074	-1.160	0.040
4.076	-1.160	0.040
4.078	-1.160	0.040
4.080	-1.160	0.040
4.082	-1.080	0.040
4.084	-1.080	0.040
4.086	-1.120	0.040
4.088	-1.120	0.040
4.090	-1.080	0.040
4.092	-1.080	0.040
4.094	-1.120	0.020
4.096	-1.120	0.020
4.098	-1.080	0.020
4.100	-1.080	0.020
4.102	-1.040	0.020
4.104	-1.040	0.020
4.106	-1.120	0.020
4.108	-1.120	0.020
4.110	-1.080	0.000
4.112	-1.080	0.000
4.114	-1.040	0.040
4.116	-1.040	0.040
4.118	-1.040	0.020
4.120	-1.040	0.020
4.122	-1.080	0.020
4.124	-1.080	0.020
4.126	-1.120	0.020
4.128	-1.120	0.020
4.130	-1.040	0.020
4.132	-1.040	0.020
4.134	-1.040	0.040
4.136	-1.040	0.040
4.138	-1.040	0.040
4.140	-1.040	0.040
4.142	-1.040	0.020
4.144	-1.040	0.020
4.146	-1.000	0.040
4.148	-1.000	0.040
4.150	-1.040	0.020
4.152	-1.040	0.020
4.154	-1.040	0.020
4.156	-1.040	0.020
4.158	-1.040	0.020
4.160	-1.040	0.020
4.162	-1.040	0.020
4.164	-1.040	0.020
4.166	-1.040	0.020
4.168	-1.040	0.020
4.170	-1.000	0.020
4.172	-1.000	0.020
4.174	-1.000	0.020
4.176	-1.000	0.020
4.178	-1.000	0.020
4.180	-1.000	0.020
4.182	-1.000	0.020
4.184	-1.000	0.020
4.186	-1.000	0.020
4.188	-1.000	0.020
4.190	-0.960	0.020
4.192	-0.960	0.020
4.194	-0.960	0.020
4.196	-0.960	0.020
4.198	-1.000	0.020
4.200	-1.000	0.020
4.202	-0.960	0.020
4.204	-0.960	0.020
4.206	-0.960	0.020
4.208	-0.960	0.020
4.210	-1.000	0.040
4.212	-1.000	0.040
4.214	-0.920	0.020
4.216	-0.920	0.020
4.218	-0.960	0.020
4.220	-0.960	0.020
4.222	-1.000	0.020
4.224	-1.000	0.020
4.226	-0.920	0.020
4.228	-0.920	0.020
4.230	-0.920	0.040
4.232	-0.920	0.040
4.234	-0.880	0.040
4.236	-0.880	0.040
4.238	-0.960	0.000
4.240	-0.960	0.000
4.242	-0.880	0.020
4.244	-0.880	0.020
4.246	-0.960	0.040
4.248	-0.960	0.040
4.250	-0.880	0.020
4.252	-0.880	0.020
4.254	-0.920	0.020
4.256	-0.920	0.020
4.258	-0.840	0.040
4.260	-0.840	0.040
4.262	-0.880	0.040
4.264	-0.880	0.040
4.266	-0.840	0.020
4.268	-0.840	0.020
4.270	-0.880	0.040
4.272	-0.880	0.040
4.274	-0.880	0.000
4.276	-0.880	0.000
4.278	-0.840	0.020
4.280	-0.840	0.020
4.282	-0.840	0.040
4.284	-0.840	0.040
4.286	-0.880	0.020
4.288	-0.880	0.020
4.290	-0.880	0.020
4.292	-0.880	0.020
4.294	-0.840	0.040
4.296	-0.840	0.040
4.298	-0.800	0.020
4.300	-0.800	0.020
4.302	-0.880	0.020
4.304	-0.880	0.020
4.306	-0.800	0.020
4.308	-0.800	0.020
4.310	-0.880	0.020
4.312	-0.880	0.020
4.314	-0.840	0.020
4.316	-0.840	0.020
4.318	-0.840	0.020
4.320	-0.840	0.020
4.322	-0.840	0.020
4.324	-0.840	0.020
4.326	-0.760	0.020
4.328	-0.760	0.020
4.330	-0.760	0.020
4.332	-0.760	0.020
4.334	-0.720	0.020
4.336	-0.720	0.020
4.338	-0.840	0.020
4.340	-0.840	0.020
4.342	-0.760	0.020
4.344	-0.760	0.020
4.346	-0.760	0.020
4.348	-0.760	0.020
4.350	-0.760	0.020
4.352	-0.760	0.020
4.354	-0.760	0.020
4.356	-0.760	0.020
4.358	-0.760	0.040
4.360	-0.760	0.040
4.362	-0.720	0.020
4.364	-0.720	0.020
4.366	-0.760	0.040
4.368	-0.760	0.040
4.370	-0.760	0.020
4.372	-0.760	0.020
4.374	-0.720	0.020
4.376	-0.720	0.020
4.378	-0.760	0.020
4.380	-0.760	0.020
4.382	-0.760	0.020
4.384	-0.760	0.020
4.386	-0.720	0.020
4.388	-0.720	0.020
4.390	-0.760	0.020
4.392	-0.760	0.020
4.394	-0.720	0.020
4.396	-0.720	0.020
4.398	-0.760	0.040
4.400	-0.760	0.040
4.402	-0.720	0.040
4.404	-0.720	0.040
4.406	-0.720	0.040
4.408	-0.720	0.040
4.410	-0.720	0.020
4.412	-0.720	0.020
4.414	-0.680	0.040
4.416	-0.680	0.040
4.418	-0.680	0.020
4.420	-0.680	0.020
4.422	-0.720	0.020
4.424	-0.720	0.020
4.426	-0.680	0.020
4.428	-0.680	0.020
4.430	-0.680	0.020
4.432	-0.680	0.020
4.434	-0.640	0.040
4.436	-0.640	0.040
4.438	-0.680	0.040
4.440	-0.680	0.040
4.442	-0.640	0.020
4.444	-0.640	0.020
4.446	-0.600	0.020
4.448	-0.600	0.020
4.450	-0.640	0.020
4.452	-0.640	0.020
4.454	-0.680	0.020
4.456	-0.680	0.020
4.458	-0.640	0.020
4.460	-0.640	0.020
4.462	-0.640	0.040
4.464	-0.640	0.040
4.466	-0.600	0.000
4.468	-0.600	0.000
4.470	-0.600	0.020
4.472	-0.600	0.020
4.474	-0.600	0.020
4.476	-0.600	0.020
4.478	-0.600	0.000
4.480	-0.600	0.000
4.482	-0.600	0.020
4.484	-0.600	0.020
4.486	-0.560	0.020
4.488	-0.560	0.020
4.490	-0.600	0.040
4.492	-0.600	0.040
4.494	-0.560	0.040
4.496	-0.560	0.040
4.498	-0.560	0.040
4.500	-0.560	0.040
4.502	-0.520	0.020
4.504	-0.520	0.020
4.506	-0.560	0.020
4.508	-0.560	0.020
4.510	-0.520	0.020
4.512	-0.520	0.020
4.514	-0.520	0.040
4.516	-0.520	0.040
4.518	-0.520	0.000
4.520	-0.520	0.000
4.522	-0.520	0.020
4.524	-0.520	0.020
4.526	-0.520	0.020
4.528	-0.520	0.020
4.530	-0.520	0.000
4.532	-0.520	0.000
4.534	-0.600	0.020
4.536	-0.600	0.020
4.538	-0.520	0.020
4.540	-0.520	0.020
4.542	-0.520	0.040
4.544	-0.520	0.040
4.546	-0.560	0.020
4.548	-0.560	0.020
4.550	-0.480	0.040
4.552	-0.480	0.040
4.554	-0.480	0.040
4.556	-0.480	0.040
4.558	-0.480	0.020
4.560	-0.480	0.020
4.562	-0.520	0.020
4.564	-0.520	0.020
4.566	-0.440	0.020
4.568	-0.440	0.020
4.570	-0.480	0.020
4.572	-0.480	0.020
4.574	-0.480	0.020
4.576	-0.480	0.020
4.578	-0.440	0.040
4.580	-0.440	0.040
4.582	-0.440	0.020
4.584	-0.440	0.020
4.586	-0.480	0.040
4.588	-0.480	0.040
4.590	-0.520	0.020
4.592	-0.520	0.020
4.594	-0.440	0.020
4.596	-0.440	0.020
4.598	-0.440	0.020
4.600	-0.440	0.020
4.602	-0.440	0.040
4.604	-0.440	0.040
4.606	-0.440	0.040
4.608	-0.440	0.040
4.610	-0.440	0.020
4.612	-0.440	0.020
4.614	-0.440	0.040
4.616	-0.440	0.040
4.618	-0.440	0.040
4.620	-0.440	0.040
4.622	-0.400	0.040
4.624	-0.400	0.040
4.626	-0.360	0.040
4.628	-0.360	0.040
4.630	-0.400	0.020
4.632	-0.400	0.020
4.634	-0.400	0.020
4.636	-0.400	0.020
4.638	-0.400	0.040
4.640	-0.400	0.040
4.642	-0.360	0.040
4.644	-0.360	0.040
4.646	-0.360	0.000
4.648	-0.360	0.000
4.650	-0.360	0.040
4.652	-0.360	0.040
4.654	-0.360	0.040
4.656	-0.360	0.040
4.658	-0.360	0.040
4.660	-0.360	0.040
4.662	-0.360	0.040
4.664	-0.360	0.040
4.666	-0.280	0.020
4.668	-0.280	0.020
4.670	-0.320	0.020
4.672	-0.320	0.020
4.674	-0.280	0.040
4.676	-0.280	0.040
4.678	-0.280	0.020
4.680	-0.280	0.020
4.682	-0.360	0.020
4.684	-0.360	0.020
4.686	-0.320	0.020
4.688	-0.320	0.020
4.690	-0.320	0.020
4.692	-0.320	0.020
4.694	-0.280	0.020
4.696	-0.280	0.020
4.698	-0.320	0.040
4.700	-0.320	0.040
4.702	-0.280	0.040
4.704	-0.280	0.040
4.706	-0.320	0.040
4.708	-0.320	0.040
4.710	-0.280	0.020
4.712	-0.280	0.020
4.714	-0.280	0.040
4.716	-0.280	0.040
4.718	-0.280	0.020
4.720	-0.280	0.020
4.722	-0.280	0.040
4.724	-0.280	0.040
4.726	-0.240	0.040
4.728	-0.240	0.040
4.730	-0.280	0.040
4.732	-0.280	0.040
4.734	-0.240	0.040
4.736	-0.240	0.040
4.738	-0.240	0.040
4.740	-0.240	0.040
4.742	-0.240	0.040
4.744	-0.240	0.040
4.746	-0.240	0.040
4.748	-0.240	0.040
4.750	-0.240	0.020
4.752	-0.240	0.020
4.754	-0.240	0.040
4.756	-0.240	0.040
4.758	-0.200	0.020
4.760	-0.200	0.020
4.762	-0.200	0.020
4.764	-0.200	0.020
4.766	-0.200	0.020
4.768	-0.200	0.020
4.770	-0.200	0.040
4.772	-0.200	0.040
4.774	-0.200	0.020
4.776	-0.200	0.020
4.778	-0.200	0.040
4.780	-0.200	0.040
4.782	-0.200	0.020
4.784	-0.200	0.020
4.786	-0.160	0.020
4.788	-0.160	0.020
4.790	-0.200	0.040
4.792	-0.200	0.040
4.794	-0.200	0.020
4.796	-0.200	0.020
4.798	-0.200	0.040
4.800	-0.200	0.040
4.802	-0.200	0.020
4.804	-0.200	0.020
4.806	-0.160	0.020
4.808	-0.160	0.020
4.810	-0.160	0.040
4.812	-0.160	0.040
4.814	-0.160	0.040
4.816	-0.160	0.040
4.818	-0.160	0.020
4.820	-0.160	0.020
4.822	-0.120	0.040
4.824	-0.120	0.040
4.826	-0.120	0.020
4.828	-0.120	0.020
4.830	-0.200	0.020
4.832	-0.200	0.020
4.834	-0.120	0.060
4.836	-0.120	0.060
4.838	-0.120	0.020
4.840	-0.120	0.020
4.842	-0.160	0.040
4.844	-0.160	0.040
4.846	-0.120	0.040
4.848	-0.120	0.040
4.850	-0.120	0.040
4.852	-0.120	0.040
4.854	-0.120	0.040
4.856	-0.120	0.040
4.858	-0.120	0.020
4.860	-0.120	0.020
4.862	-0.080	0.020
4.864	-0.080	0.020
4.866	-0.120	0.020
4.868	-0.120	0.020
4.870	-0.040	0.040
4.872	-0.040	0.040
4.874	-0.080	0.020
4.876	-0.080	0.020
4.878	-0.080	0.020
4.880	-0.080	0.020
4.882	-0.040	0.020
4.884	-0.040	0.020
4.886	-0.040	0.060
4.888	-0.040	0.060
4.890	-0.040	0.040
4.892	-0.040	0.040
4.894	-0.040	0.020
4.896	-0.040	0.020
4.898	-0.040	0.040
4.900	-0.040	0.040
4.902	-0.040	0.040
4.904	-0.040	0.040
4.906	-0.080	0.000
4.908	-0.080	0.000
4.910	-0.040	0.040
4.912	-0.040	0.040
4.914	-0.040	0.040
4.916	-0.040	0.040
4.918	-0.040	0.040
4.920	-0.040	0.040
4.922	0.000	0.020
4.924	0.000	0.020
4.926	0.000	0.040
4.928	0.000	0.040
4.930	0.040	0.040
4.932	0.040	0.040
4.934	-0.040	0.040
4.936	-0.040	0.040
4.938	0.000	0.040
4.940	0.000	0.040
4.942	0.040	0.040
4.944	0.040	0.040
4.946	0.040	0.040
4.948	0.040	0.040
4.950	0.040	0.040
4.952	0.040	0.040
4.954	0.040	0.020
4.956	0.040	0.020
4.958	0.080	0.040
4.960	0.080	0.040
4.962	0.080	0.060
4.964	0.080	0.060
4.966	0.040	0.040
4.968	0.040	0.040
4.970	0.080	0.020
4.972	0.080	0.020
4.974	0.040	0.020
4.976	0.040	0.020
4.978	0.080	0.040
4.980	0.080	0.040
4.982	0.120	0.020
4.984	0.120	0.020
4.986	0.080	0.040
4.988	0.080	0.040
4.990	0.040	0.040
4.992	0.040	0.040
4.994	0.120	0.040
4.996	0.120	0.040
4.998	0.120	0.040
5.000	0.120	0.040
5.002	0.120	0.020
5.004	0.120	0.020
5.006	0.080	0.040
5.008	0.080	0.040
5.010	0.120	0.040
5.012	0.120	0.040
5.014	0.080	0.040
5.016	0.080	0.040
5.018	0.120	0.040
5.020	0.120	0.040
5.022	0.080	0.040
5.024	0.080	0.040
5.026	0.120	0.040
5.028	0.120	0.040
5.030	0.120	0.020
5.032	0.120	0.020
5.034	0.160	0.040
5.036	0.160	0.040
5.038	0.160	0.040
5.040	0.160	0.040
5.042	0.120	0.040
5.044	0.120	0.040
5.046	0.160	0.040
5.048	0.160	0.040
5.050	0.160	0.020
5.052	0.160	0.020
5.054	0.200	0.040
5.056	0.200	0.040
5.058	0.160	0.020
5.060	0.160	0.020
5.062	0.160	0.040
5.064	0.160	0.040
5.066	0.160	0.040
5.068	0.160	0.040
5.070	0.200	0.040
5.072	0.200	0.040
5.074	0.200	0.040
5.076	0.200	0.040
5.078	0.240	0.040
5.080	0.240	0.040
5.082	0.240	0.040
5.084	0.240	0.040
5.086	0.200	0.020
5.088	0.200	0.020
5.090	0.200	0.020
5.092	0.200	0.020
5.094	0.240	0.040
5.096	0.240	0.040
5.098	0.240	0.040
5.100	0.240	0.040
5.102	0.280	0.040
5.104	0.280	0.040
5.106	0.280	0.060
5.108	0.280	0.060
5.110	0.280	0.060
5.112	0.280	0.060
5.114	0.280	0.040
5.116	0.280	0.040
5.118	0.240	0.060
5.120	0.240	0.060
5.122	0.240	0.040
5.124	0.240	0.040
5.126	0.280	0.060
5.128	0.280	0.060
5.130	0.280	0.060
5.132	0.280	0.060
5.134	0.240	0.040
5.136	0.240	0.040
5.138	0.280	0.060
5.140	0.280	0.060
5.142	0.240	0.040
5.144	0.240	0.040
5.146	0.320	0.040
5.148	0.320	0.040
5.150	0.320	0.060
5.152	0.320	0.060
5.154	0.280	0.040
5.156	0.280	0.040
5.158	0.280	0.060
5.160	0.280	0.060
5.162	0.320	0.080
5.164	0.320	0.080
5.166	0.320	0.040
5.168	0.320	0.040
5.170	0.360	0.040
5.172	0.360	0.040
5.174	0.360	0.040
5.176	0.360	0.040
5.178	0.360	0.060
5.180	0.360	0.060
5.182	0.320	0.040
5.184	0.320	0.040
5.186	0.400	0.060
5.188	0.400	0.060
5.190	0.360	0.040
5.192	0.360	0.040
5.194	0.360	0.040
5.196	0.360	0.040
5.198	0.360	0.060
5.200	0.360	0.060
5.202	0.360	0.040
5.204	0.360	0.040
5.206	0.360	0.040
5.208	0.360	0.040
5.210	0.400	0.040
5.212	0.400	0.040
5.214	0.440	0.080
5.216	0.440	0.080
5.218	0.400	0.080
5.220	0.400	0.080
5.222	0.360	0.080
5.224	0.360	0.080
5.226	0.400	0.040
5.228	0.400	0.040
5.230	0.360	0.060
5.232	0.360	0.060
5.234	0.360	0.060
5.236	0.360	0.060
5.238	0.400	0.060
5.240	0.400	0.060
5.242	0.440	0.080
5.244	0.440	0.080
5.246	0.440	0.040
5.248	0.440	0.040
5.250	0.400	0.060
5.252	0.400	0.060
5.254	0.440	0.060
5.256	0.440	0.060
5.258	0.480	0.080
5.260	0.480	0.080
5.262	0.440	0.040
5.264	0.440	0.040
5.266	0.440	0.060
5.268	0.440	0.060
5.270	0.480	0.060
5.272	0.480	0.060
5.274	0.440	0.060
5.276	0.440	0.060
5.278	0.440	0.080
