-2.720	0.080	0.001	0.01
-2.718	0.080	0.001	0.01
-2.716	0.080	0.001	0.01
-2.714	0.040	0.001	0.01
-2.712	0.040	0.001	0.01
-2.710	0.060	0.001	0.01
-2.708	0.060	0.001	0.01
-2.706	0.040	0.001	0.01
-2.704	0.040	0.001	0.01
-2.702	0.040	0.001	0.01
-2.700	0.040	0.001	0.01
-2.698	0.040	0.001	0.01
-2.696	0.040	0.001	0.01
-2.694	0.060	0.001	0.01
-2.692	0.060	0.001	0.01
-2.690	0.040	0.001	0.01
-2.688	0.040	0.001	0.01
-2.686	0.060	0.001	0.01
-2.684	0.060	0.001	0.01
-2.682	0.060	0.001	0.01
-2.680	0.060	0.001	0.01
-2.678	0.040	0.001	0.01
-2.676	0.040	0.001	0.01
-2.674	0.040	0.001	0.01
-2.672	0.040	0.001	0.01
-2.670	0.080	0.001	0.01
-2.668	0.080	0.001	0.01
-2.666	0.060	0.001	0.01
-2.664	0.060	0.001	0.01
-2.662	0.040	0.001	0.01
-2.660	0.040	0.001	0.01
-2.658	0.040	0.001	0.01
-2.656	0.040	0.001	0.01
-2.654	0.060	0.001	0.01
-2.652	0.060	0.001	0.01
-2.650	0.020	0.001	0.01
-2.648	0.020	0.001	0.01
-2.646	0.060	0.001	0.01
-2.644	0.060	0.001	0.01
-2.642	0.060	0.001	0.01
-2.640	0.060	0.001	0.01
-2.638	0.040	0.001	0.01
-2.636	0.040	0.001	0.01
-2.634	0.060	0.001	0.01
-2.632	0.060	0.001	0.01
-2.630	0.040	0.001	0.01
-2.628	0.040	0.001	0.01
-2.626	0.020	0.001	0.01
-2.624	0.020	0.001	0.01
-2.622	0.040	0.001	0.01
-2.620	0.040	0.001	0.01
-2.618	0.060	0.001	0.01
-2.616	0.060	0.001	0.01
-2.614	0.040	0.001	0.01
-2.612	0.040	0.001	0.01
-2.610	0.040	0.001	0.01
-2.608	0.040	0.001	0.01
-2.606	0.060	0.001	0.01
-2.604	0.060	0.001	0.01
-2.602	0.060	0.001	0.01
-2.600	0.060	0.001	0.01
-2.598	0.040	0.001	0.01
-2.596	0.040	0.001	0.01
-2.594	0.040	0.001	0.01
-2.592	0.040	0.001	0.01
-2.590	0.060	0.001	0.01
-2.588	0.060	0.001	0.01
-2.586	0.040	0.001	0.01
-2.584	0.040	0.001	0.01
-2.582	0.040	0.001	0.01
-2.580	0.040	0.001	0.01
-2.578	0.040	0.001	0.01
-2.576	0.040	0.001	0.01
-2.574	0.040	0.001	0.01
-2.572	0.040	0.001	0.01
-2.570	0.040	0.001	0.01
-2.568	0.040	0.001	0.01
-2.566	0.040	0.001	0.01
-2.564	0.040	0.001	0.01
-2.562	0.060	0.001	0.01
-2.560	0.060	0.001	0.01
-2.558	0.040	0.001	0.01
-2.556	0.040	0.001	0.01
-2.554	0.040	0.001	0.01
-2.552	0.040	0.001	0.01
-2.550	0.040	0.001	0.01
-2.548	0.040	0.001	0.01
-2.546	0.040	0.001	0.01
-2.544	0.040	0.001	0.01
-2.542	0.040	0.001	0.01
-2.540	0.040	0.001	0.01
-2.538	0.040	0.001	0.01
-2.536	0.040	0.001	0.01
-2.534	0.040	0.001	0.01
-2.532	0.040	0.001	0.01
-2.530	0.040	0.001	0.01
-2.528	0.040	0.001	0.01
-2.526	0.040	0.001	0.01
-2.524	0.040	0.001	0.01
-2.522	0.040	0.001	0.01
-2.520	0.040	0.001	0.01
-2.518	0.040	0.001	0.01
-2.516	0.040	0.001	0.01
-2.514	0.040	0.001	0.01
-2.512	0.040	0.001	0.01
-2.510	0.040	0.001	0.01
-2.508	0.040	0.001	0.01
-2.506	0.020	0.001	0.01
-2.504	0.020	0.001	0.01
-2.502	0.040	0.001	0.01
-2.500	0.040	0.001	0.01
-2.498	0.060	0.001	0.01
-2.496	0.060	0.001	0.01
-2.494	0.040	0.001	0.01
-2.492	0.040	0.001	0.01
-2.490	0.020	0.001	0.01
-2.488	0.020	0.001	0.01
-2.486	0.040	0.001	0.01
-2.484	0.040	0.001	0.01
-2.482	0.040	0.001	0.01
-2.480	0.040	0.001	0.01
-2.478	0.020	0.001	0.01
-2.476	0.020	0.001	0.01
-2.474	0.040	0.001	0.01
-2.472	0.040	0.001	0.01
-2.470	0.060	0.001	0.01
-2.468	0.060	0.001	0.01
-2.466	0.040	0.001	0.01
-2.464	0.040	0.001	0.01
-2.462	0.040	0.001	0.01
-2.460	0.040	0.001	0.01
-2.458	0.020	0.001	0.01
-2.456	0.020	0.001	0.01
-2.454	0.040	0.001	0.01
-2.452	0.040	0.001	0.01
-2.450	0.040	0.001	0.01
-2.448	0.040	0.001	0.01
-2.446	0.040	0.001	0.01
-2.444	0.040	0.001	0.01
-2.442	0.040	0.001	0.01
-2.440	0.040	0.001	0.01
-2.438	0.040	0.001	0.01
-2.436	0.040	0.001	0.01
-2.434	0.040	0.001	0.01
-2.432	0.040	0.001	0.01
-2.430	0.040	0.001	0.01
-2.428	0.040	0.001	0.01
-2.426	0.040	0.001	0.01
-2.424	0.040	0.001	0.01
-2.422	0.040	0.001	0.01
-2.420	0.040	0.001	0.01
-2.418	0.040	0.001	0.01
-2.416	0.040	0.001	0.01
-2.414	0.020	0.001	0.01
-2.412	0.020	0.001	0.01
-2.410	0.040	0.001	0.01
-2.408	0.040	0.001	0.01
-2.406	0.060	0.001	0.01
-2.404	0.060	0.001	0.01
-2.402	0.040	0.001	0.01
-2.400	0.040	0.001	0.01
-2.398	0.040	0.001	0.01
-2.396	0.040	0.001	0.01
-2.394	0.040	0.001	0.01
-2.392	0.040	0.001	0.01
-2.390	0.040	0.001	0.01
-2.388	0.040	0.001	0.01
-2.386	0.040	0.001	0.01
-2.384	0.040	0.001	0.01
-2.382	0.040	0.001	0.01
-2.380	0.040	0.001	0.01
-2.378	0.040	0.001	0.01
-2.376	0.040	0.001	0.01
-2.374	0.040	0.001	0.01
-2.372	0.040	0.001	0.01
-2.370	0.040	0.001	0.01
-2.368	0.040	0.001	0.01
-2.366	0.040	0.001	0.01
-2.364	0.040	0.001	0.01
-2.362	0.020	0.001	0.01
-2.360	0.020	0.001	0.01
-2.358	0.020	0.001	0.01
-2.356	0.020	0.001	0.01
-2.354	0.020	0.001	0.01
-2.352	0.020	0.001	0.01
-2.350	0.040	0.001	0.01
-2.348	0.040	0.001	0.01
-2.346	0.040	0.001	0.01
-2.344	0.040	0.001	0.01
-2.342	0.040	0.001	0.01
-2.340	0.040	0.001	0.01
-2.338	0.040	0.001	0.01
-2.336	0.040	0.001	0.01
-2.334	0.040	0.001	0.01
-2.332	0.040	0.001	0.01
-2.330	0.040	0.001	0.01
-2.328	0.040	0.001	0.01
-2.326	0.020	0.001	0.01
-2.324	0.020	0.001	0.01
-2.322	0.040	0.001	0.01
-2.320	0.040	0.001	0.01
-2.318	0.040	0.001	0.01
-2.316	0.040	0.001	0.01
-2.314	0.040	0.001	0.01
-2.312	0.040	0.001	0.01
-2.310	0.020	0.001	0.01
-2.308	0.020	0.001	0.01
-2.306	0.020	0.001	0.01
-2.304	0.020	0.001	0.01
-2.302	0.020	0.001	0.01
-2.300	0.020	0.001	0.01
-2.298	0.040	0.001	0.01
-2.296	0.040	0.001	0.01
-2.294	0.040	0.001	0.01
-2.292	0.040	0.001	0.01
-2.290	0.000	0.001	0.01
-2.288	0.000	0.001	0.01
-2.286	0.040	0.001	0.01
-2.284	0.040	0.001	0.01
-2.282	0.040	0.001	0.01
-2.280	0.040	0.001	0.01
-2.278	0.040	0.001	0.01
-2.276	0.040	0.001	0.01
-2.274	0.020	0.001	0.01
-2.272	0.020	0.001	0.01
-2.270	0.020	0.001	0.01
-2.268	0.020	0.001	0.01
-2.266	0.040	0.001	0.01
-2.264	0.040	0.001	0.01
-2.262	0.020	0.001	0.01
-2.260	0.020	0.001	0.01
-2.258	0.020	0.001	0.01
-2.256	0.020	0.001	0.01
-2.254	0.040	0.001	0.01
-2.252	0.040	0.001	0.01
-2.250	0.020	0.001	0.01
-2.248	0.020	0.001	0.01
-2.246	0.040	0.001	0.01
-2.244	0.040	0.001	0.01
-2.242	0.020	0.001	0.01
-2.240	0.020	0.001	0.01
-2.238	0.020	0.001	0.01
-2.236	0.020	0.001	0.01
-2.234	0.040	0.001	0.01
-2.232	0.040	0.001	0.01
-2.230	0.040	0.001	0.01
-2.228	0.040	0.001	0.01
-2.226	0.020	0.001	0.01
-2.224	0.020	0.001	0.01
-2.222	0.020	0.001	0.01
-2.220	0.020	0.001	0.01
-2.218	0.020	0.001	0.01
-2.216	0.020	0.001	0.01
-2.214	0.020	0.001	0.01
-2.212	0.020	0.001	0.01
-2.210	0.020	0.001	0.01
-2.208	0.020	0.001	0.01
-2.206	0.020	0.001	0.01
-2.204	0.020	0.001	0.01
-2.202	0.040	0.001	0.01
-2.200	0.040	0.001	0.01
-2.198	0.020	0.001	0.01
-2.196	0.020	0.001	0.01
-2.194	0.040	0.001	0.01
-2.192	0.040	0.001	0.01
-2.190	0.040	0.001	0.01
-2.188	0.040	0.001	0.01
-2.186	0.040	0.001	0.01
-2.184	0.040	0.001	0.01
-2.182	0.020	0.001	0.01
-2.180	0.020	0.001	0.01
-2.178	0.020	0.001	0.01
-2.176	0.020	0.001	0.01
-2.174	0.040	0.001	0.01
-2.172	0.040	0.001	0.01
-2.170	0.040	0.001	0.01
-2.168	0.040	0.001	0.01
-2.166	0.040	0.001	0.01
-2.164	0.040	0.001	0.01
-2.162	0.040	0.001	0.01
-2.160	0.040	0.001	0.01
-2.158	0.020	0.001	0.01
-2.156	0.020	0.001	0.01
-2.154	0.020	0.001	0.01
-2.152	0.020	0.001	0.01
-2.150	0.040	0.001	0.01
-2.148	0.040	0.001	0.01
-2.146	0.040	0.001	0.01
-2.144	0.040	0.001	0.01
-2.142	0.040	0.001	0.01
-2.140	0.040	0.001	0.01
-2.138	0.020	0.001	0.01
-2.136	0.020	0.001	0.01
-2.134	0.040	0.001	0.01
-2.132	0.040	0.001	0.01
-2.130	0.020	0.001	0.01
-2.128	0.020	0.001	0.01
-2.126	0.020	0.001	0.01
-2.124	0.020	0.001	0.01
-2.122	0.040	0.001	0.01
-2.120	0.040	0.001	0.01
-2.118	0.040	0.001	0.01
-2.116	0.040	0.001	0.01
-2.114	0.020	0.001	0.01
-2.112	0.020	0.001	0.01
-2.110	0.040	0.001	0.01
-2.108	0.040	0.001	0.01
-2.106	0.040	0.001	0.01
-2.104	0.040	0.001	0.01
-2.102	0.020	0.001	0.01
-2.100	0.020	0.001	0.01
-2.098	0.020	0.001	0.01
-2.096	0.020	0.001	0.01
-2.094	0.040	0.001	0.01
-2.092	0.040	0.001	0.01
-2.090	0.020	0.001	0.01
-2.088	0.020	0.001	0.01
-2.086	0.040	0.001	0.01
-2.084	0.040	0.001	0.01
-2.082	0.020	0.001	0.01
-2.080	0.020	0.001	0.01
-2.078	0.040	0.001	0.01
-2.076	0.040	0.001	0.01
-2.074	0.040	0.001	0.01
-2.072	0.040	0.001	0.01
-2.070	0.020	0.001	0.01
-2.068	0.020	0.001	0.01
-2.066	0.020	0.001	0.01
-2.064	0.020	0.001	0.01
-2.062	0.020	0.001	0.01
-2.060	0.020	0.001	0.01
-2.058	0.020	0.001	0.01
-2.056	0.020	0.001	0.01
-2.054	0.040	0.001	0.01
-2.052	0.040	0.001	0.01
-2.050	0.040	0.001	0.01
-2.048	0.040	0.001	0.01
-2.046	0.000	0.001	0.01
-2.044	0.000	0.001	0.01
-2.042	0.040	0.001	0.01
-2.040	0.040	0.001	0.01
-2.038	0.020	0.001	0.01
-2.036	0.020	0.001	0.01
-2.034	0.040	0.001	0.01
-2.032	0.040	0.001	0.01
-2.030	0.040	0.001	0.01
-2.028	0.040	0.001	0.01
-2.026	0.020	0.001	0.01
-2.024	0.020	0.001	0.01
-2.022	0.020	0.001	0.01
-2.020	0.020	0.001	0.01
-2.018	0.020	0.001	0.01
-2.016	0.020	0.001	0.01
-2.014	0.040	0.001	0.01
-2.012	0.040	0.001	0.01
-2.010	0.020	0.001	0.01
-2.008	0.020	0.001	0.01
-2.006	0.040	0.001	0.01
-2.004	0.040	0.001	0.01
-2.002	0.040	0.001	0.01
-2.000	0.040	0.001	0.01
-1.998	0.040	0.001	0.01
-1.996	0.040	0.001	0.01
-1.994	0.040	0.001	0.01
-1.992	0.040	0.001	0.01
-1.990	0.040	0.001	0.01
-1.988	0.040	0.001	0.01
-1.986	0.040	0.001	0.01
-1.984	0.040	0.001	0.01
-1.982	0.040	0.001	0.01
-1.980	0.040	0.001	0.01
-1.978	0.020	0.001	0.01
-1.976	0.020	0.001	0.01
-1.974	0.020	0.001	0.01
-1.972	0.020	0.001	0.01
-1.970	0.040	0.001	0.01
-1.968	0.040	0.001	0.01
-1.966	0.040	0.001	0.01
-1.964	0.040	0.001	0.01
-1.962	0.020	0.001	0.01
-1.960	0.020	0.001	0.01
-1.958	0.020	0.001	0.01
-1.956	0.020	0.001	0.01
-1.954	0.020	0.001	0.01
-1.952	0.020	0.001	0.01
-1.950	0.020	0.001	0.01
-1.948	0.020	0.001	0.01
-1.946	0.000	0.001	0.01
-1.944	0.000	0.001	0.01
-1.942	0.040	0.001	0.01
-1.940	0.040	0.001	0.01
-1.938	0.040	0.001	0.01
-1.936	0.040	0.001	0.01
-1.934	0.020	0.001	0.01
-1.932	0.020	0.001	0.01
-1.930	0.020	0.001	0.01
-1.928	0.020	0.001	0.01
-1.926	0.000	0.001	0.01
-1.924	0.000	0.001	0.01
-1.922	0.040	0.001	0.01
-1.920	0.040	0.001	0.01
-1.918	0.040	0.001	0.01
-1.916	0.040	0.001	0.01
-1.914	0.020	0.001	0.01
-1.912	0.020	0.001	0.01
-1.910	0.020	0.001	0.01
-1.908	0.020	0.001	0.01
-1.906	0.040	0.001	0.01
-1.904	0.040	0.001	0.01
-1.902	0.020	0.001	0.01
-1.900	0.020	0.001	0.01
-1.898	0.020	0.001	0.01
-1.896	0.020	0.001	0.01
-1.894	0.040	0.001	0.01
-1.892	0.040	0.001	0.01
-1.890	0.020	0.001	0.01
-1.888	0.020	0.001	0.01
-1.886	0.020	0.001	0.01
-1.884	0.020	0.001	0.01
-1.882	0.020	0.001	0.01
-1.880	0.020	0.001	0.01
-1.878	0.020	0.001	0.01
-1.876	0.020	0.001	0.01
-1.874	0.000	0.001	0.01
-1.872	0.000	0.001	0.01
-1.870	0.000	0.001	0.01
-1.868	0.000	0.001	0.01
-1.866	0.040	0.001	0.01
-1.864	0.040	0.001	0.01
-1.862	0.020	0.001	0.01
-1.860	0.020	0.001	0.01
-1.858	0.020	0.001	0.01
-1.856	0.020	0.001	0.01
-1.854	0.020	0.001	0.01
-1.852	0.020	0.001	0.01
-1.850	0.020	0.001	0.01
-1.848	0.020	0.001	0.01
-1.846	0.020	0.001	0.01
-1.844	0.020	0.001	0.01
-1.842	0.020	0.001	0.01
-1.840	0.020	0.001	0.01
-1.838	0.040	0.001	0.01
-1.836	0.040	0.001	0.01
-1.834	0.020	0.001	0.01
-1.832	0.020	0.001	0.01
-1.830	0.020	0.001	0.01
-1.828	0.020	0.001	0.01
-1.826	0.040	0.001	0.01
-1.824	0.040	0.001	0.01
-1.822	0.000	0.001	0.01
-1.820	0.000	0.001	0.01
-1.818	0.040	0.001	0.01
-1.816	0.040	0.001	0.01
-1.814	0.040	0.001	0.01
-1.812	0.040	0.001	0.01
-1.810	0.040	0.001	0.01
-1.808	0.040	0.001	0.01
-1.806	0.040	0.001	0.01
-1.804	0.040	0.001	0.01
-1.802	0.020	0.001	0.01
-1.800	0.020	0.001	0.01
-1.798	0.020	0.001	0.01
-1.796	0.020	0.001	0.01
-1.794	0.020	0.001	0.01
-1.792	0.020	0.001	0.01
-1.790	0.020	0.001	0.01
-1.788	0.020	0.001	0.01
-1.786	0.020	0.001	0.01
-1.784	0.020	0.001	0.01
-1.782	0.020	0.001	0.01
-1.780	0.020	0.001	0.01
-1.778	0.020	0.001	0.01
-1.776	0.020	0.001	0.01
-1.774	0.000	0.001	0.01
-1.772	0.000	0.001	0.01
-1.770	0.020	0.001	0.01
-1.768	0.020	0.001	0.01
-1.766	0.040	0.001	0.01
-1.764	0.040	0.001	0.01
-1.762	0.040	0.001	0.01
-1.760	0.040	0.001	0.01
-1.758	0.000	0.001	0.01
-1.756	0.000	0.001	0.01
-1.754	0.040	0.001	0.01
-1.752	0.040	0.001	0.01
-1.750	0.020	0.001	0.01
-1.748	0.020	0.001	0.01
-1.746	0.020	0.001	0.01
-1.744	0.020	0.001	0.01
-1.742	0.040	0.001	0.01
-1.740	0.040	0.001	0.01
-1.738	0.020	0.001	0.01
-1.736	0.020	0.001	0.01
-1.734	0.020	0.001	0.01
-1.732	0.020	0.001	0.01
-1.730	0.000	0.001	0.01
-1.728	0.000	0.001	0.01
-1.726	0.020	0.001	0.01
-1.724	0.020	0.001	0.01
-1.722	0.040	0.001	0.01
-1.720	0.040	0.001	0.01
-1.718	0.020	0.001	0.01
-1.716	0.020	0.001	0.01
-1.714	0.020	0.001	0.01
-1.712	0.020	0.001	0.01
-1.710	0.040	0.001	0.01
-1.708	0.040	0.001	0.01
-1.706	0.020	0.001	0.01
-1.704	0.020	0.001	0.01
-1.702	0.020	0.001	0.01
-1.700	0.020	0.001	0.01
-1.698	0.020	0.001	0.01
-1.696	0.020	0.001	0.01
-1.694	0.020	0.001	0.01
-1.692	0.020	0.001	0.01
-1.690	0.020	0.001	0.01
-1.688	0.020	0.001	0.01
-1.686	0.020	0.001	0.01
-1.684	0.020	0.001	0.01
-1.682	0.020	0.001	0.01
-1.680	0.020	0.001	0.01
-1.678	0.020	0.001	0.01
-1.676	0.020	0.001	0.01
-1.674	0.040	0.001	0.01
-1.672	0.040	0.001	0.01
-1.670	0.020	0.001	0.01
-1.668	0.020	0.001	0.01
-1.666	0.040	0.001	0.01
-1.664	0.040	0.001	0.01
-1.662	0.020	0.001	0.01
-1.660	0.020	0.001	0.01
-1.658	0.040	0.001	0.01
-1.656	0.040	0.001	0.01
-1.654	0.020	0.001	0.01
-1.652	0.020	0.001	0.01
-1.650	0.020	0.001	0.01
-1.648	0.020	0.001	0.01
-1.646	0.040	0.001	0.01
-1.644	0.040	0.001	0.01
-1.642	0.020	0.001	0.01
-1.640	0.020	0.001	0.01
-1.638	0.020	0.001	0.01
-1.636	0.020	0.001	0.01
-1.634	0.040	0.001	0.01
-1.632	0.040	0.001	0.01
-1.630	0.020	0.001	0.01
-1.628	0.020	0.001	0.01
-1.626	0.060	0.001	0.01
-1.624	0.060	0.001	0.01
-1.622	0.020	0.001	0.01
-1.620	0.020	0.001	0.01
-1.618	0.020	0.001	0.01
-1.616	0.020	0.001	0.01
-1.614	0.020	0.001	0.01
-1.612	0.020	0.001	0.01
-1.610	0.020	0.001	0.01
-1.608	0.020	0.001	0.01
-1.606	0.040	0.001	0.01
-1.604	0.040	0.001	0.01
-1.602	0.020	0.001	0.01
-1.600	0.020	0.001	0.01
-1.598	0.020	0.001	0.01
-1.596	0.020	0.001	0.01
-1.594	0.020	0.001	0.01
-1.592	0.020	0.001	0.01
-1.590	0.020	0.001	0.01
-1.588	0.020	0.001	0.01
-1.586	0.040	0.001	0.01
-1.584	0.040	0.001	0.01
-1.582	0.000	0.001	0.01
-1.580	0.000	0.001	0.01
-1.578	0.020	0.001	0.01
-1.576	0.020	0.001	0.01
-1.574	0.020	0.001	0.01
-1.572	0.020	0.001	0.01
-1.570	0.040	0.001	0.01
-1.568	0.040	0.001	0.01
-1.566	0.020	0.001	0.01
-1.564	0.020	0.001	0.01
-1.562	0.020	0.001	0.01
-1.560	0.020	0.001	0.01
-1.558	0.040	0.001	0.01
-1.556	0.040	0.001	0.01
-1.554	0.040	0.001	0.01
-1.552	0.040	0.001	0.01
-1.550	0.020	0.001	0.01
-1.548	0.020	0.001	0.01
-1.546	0.040	0.001	0.01
-1.544	0.040	0.001	0.01
-1.542	0.040	0.001	0.01
-1.540	0.040	0.001	0.01
-1.538	0.000	0.001	0.01
-1.536	0.000	0.001	0.01
-1.534	0.020	0.001	0.01
-1.532	0.020	0.001	0.01
-1.530	0.040	0.001	0.01
-1.528	0.040	0.001	0.01
-1.526	0.020	0.001	0.01
-1.524	0.020	0.001	0.01
-1.522	0.020	0.001	0.01
-1.520	0.020	0.001	0.01
-1.518	0.020	0.001	0.01
-1.516	0.020	0.001	0.01
-1.514	0.020	0.001	0.01
-1.512	0.020	0.001	0.01
-1.510	0.040	0.001	0.01
-1.508	0.040	0.001	0.01
-1.506	0.020	0.001	0.01
-1.504	0.020	0.001	0.01
-1.502	0.040	0.001	0.01
-1.500	0.040	0.001	0.01
-1.498	0.020	0.001	0.01
-1.496	0.020	0.001	0.01
-1.494	0.040	0.001	0.01
-1.492	0.040	0.001	0.01
-1.490	0.040	0.001	0.01
-1.488	0.040	0.001	0.01
-1.486	0.020	0.001	0.01
-1.484	0.020	0.001	0.01
-1.482	0.040	0.001	0.01
-1.480	0.040	0.001	0.01
-1.478	0.020	0.001	0.01
-1.476	0.020	0.001	0.01
-1.474	0.020	0.001	0.01
-1.472	0.020	0.001	0.01
-1.470	0.020	0.001	0.01
-1.468	0.020	0.001	0.01
-1.466	0.040	0.001	0.01
-1.464	0.040	0.001	0.01
-1.462	0.040	0.001	0.01
-1.460	0.040	0.001	0.01
-1.458	0.020	0.001	0.01
-1.456	0.020	0.001	0.01
-1.454	0.040	0.001	0.01
-1.452	0.040	0.001	0.01
-1.450	0.020	0.001	0.01
-1.448	0.020	0.001	0.01
-1.446	0.020	0.001	0.01
-1.444	0.020	0.001	0.01
-1.442	0.020	0.001	0.01
-1.440	0.020	0.001	0.01
-1.438	0.020	0.001	0.01
-1.436	0.020	0.001	0.01
-1.434	0.040	0.001	0.01
-1.432	0.040	0.001	0.01
-1.430	0.040	0.001	0.01
-1.428	0.040	0.001	0.01
-1.426	0.040	0.001	0.01
-1.424	0.040	0.001	0.01
-1.422	0.040	0.001	0.01
-1.420	0.040	0.001	0.01
-1.418	0.040	0.001	0.01
-1.416	0.040	0.001	0.01
-1.414	0.040	0.001	0.01
-1.412	0.040	0.001	0.01
-1.410	0.040	0.001	0.01
-1.408	0.040	0.001	0.01
-1.406	0.040	0.001	0.01
-1.404	0.040	0.001	0.01
-1.402	0.040	0.001	0.01
-1.400	0.040	0.001	0.01
-1.398	0.040	0.001	0.01
-1.396	0.040	0.001	0.01
-1.394	0.040	0.001	0.01
-1.392	0.040	0.001	0.01
-1.390	0.080	0.001	0.01
-1.388	0.080	0.001	0.01
-1.386	0.060	0.001	0.01
-1.384	0.060	0.001	0.01
-1.382	0.100	0.001	0.01
-1.380	0.100	0.001	0.01
-1.378	0.160	0.001	0.01
-1.376	0.160	0.001	0.01
-1.374	0.360	0.001	0.01
-1.372	0.360	0.001	0.01
-1.370	0.500	0.001	0.01
-1.368	0.820	0.001	0.01
-1.366	0.640	0.001	0.01
-1.364	0.980	0.001	0.01
-1.362	0.900	0.001	0.01
-1.360	1.480	0.001	0.01
-1.358	1.400	0.001	0.01
-1.356	1.880	0.001	0.01
-1.354	1.760	0.001	0.01
-1.352	1.760	0.001	0.01
-1.350	1.840	0.001	0.01
-1.348	1.840	0.001	0.01
-1.346	1.720	0.001	0.01
-1.344	1.960	0.001	0.01
-1.342	1.800	0.001	0.01
-1.340	2.280	0.001	0.01
-1.338	2.120	0.001	0.01
-1.336	2.360	0.001	0.01
-1.334	2.300	0.001	0.01
-1.332	2.080	0.001	0.01
-1.330	2.120	0.001	0.01
-1.328	1.880	0.001	0.01
-1.326	1.940	0.001	0.01
-1.324	1.540	0.001	0.01
-1.322	1.560	0.001	0.01
-1.320	1.560	0.001	0.01
-1.318	1.480	0.001	0.01
-1.316	1.480	0.001	0.01
-1.314	1.460	0.001	0.01
-1.312	1.460	0.001	0.01
-1.310	1.340	0.001	0.01
-1.308	1.340	0.001	0.01
-1.306	1.220	0.001	0.01
-1.304	1.220	0.001	0.01
-1.302	1.060	0.001	0.01
-1.300	1.060	0.001	0.01
-1.298	1.040	0.001	0.01
-1.296	1.040	0.001	0.01
-1.294	1.000	0.001	0.01
-1.292	1.000	0.001	0.01
-1.290	0.960	0.001	0.01
-1.288	0.960	0.001	0.01
-1.286	0.920	0.001	0.01
-1.284	0.920	0.001	0.01
-1.282	0.840	0.001	0.01
-1.280	0.840	0.001	0.01
-1.278	0.860	0.001	0.01
-1.276	0.860	0.001	0.01
-1.274	0.760	0.001	0.01
-1.272	0.760	0.001	0.01
-1.270	0.700	0.001	0.01
-1.268	0.700	0.001	0.01
-1.266	0.680	0.001	0.01
-1.264	0.680	0.001	0.01
-1.262	0.600	0.001	0.01
-1.260	0.600	0.001	0.01
-1.258	0.600	0.001	0.01
-1.256	0.600	0.001	0.01
-1.254	0.520	0.001	0.01
-1.252	0.520	0.001	0.01
-1.250	0.480	0.001	0.01
-1.248	0.480	0.001	0.01
-1.246	0.440	0.001	0.01
-1.244	0.440	0.001	0.01
-1.242	0.440	0.001	0.01
-1.240	0.440	0.001	0.01
-1.238	0.420	0.001	0.01
-1.236	0.420	0.001	0.01
-1.234	0.420	0.001	0.01
-1.232	0.420	0.001	0.01
-1.230	0.400	0.001	0.01
-1.228	0.400	0.001	0.01
-1.226	0.360	0.001	0.01
-1.224	0.360	0.001	0.01
-1.222	0.360	0.001	0.01
-1.220	0.360	0.001	0.01
-1.218	0.360	0.001	0.01
-1.216	0.360	0.001	0.01
-1.214	0.320	0.001	0.01
-1.212	0.320	0.001	0.01
-1.210	0.320	0.001	0.01
-1.208	0.320	0.001	0.01
-1.206	0.300	0.001	0.01
-1.204	0.300	0.001	0.01
-1.202	0.320	0.001	0.01
-1.200	0.320	0.001	0.01
-1.198	0.320	0.001	0.01
-1.196	0.320	0.001	0.01
-1.194	0.340	0.001	0.01
-1.192	0.340	0.001	0.01
-1.190	0.340	0.001	0.01
-1.188	0.340	0.001	0.01
-1.186	0.340	0.001	0.01
-1.184	0.340	0.001	0.01
-1.182	0.340	0.001	0.01
-1.180	0.340	0.001	0.01
-1.178	0.340	0.001	0.01
-1.176	0.340	0.001	0.01
-1.174	0.360	0.001	0.01
-1.172	0.360	0.001	0.01
-1.170	0.360	0.001	0.01
-1.168	0.360	0.001	0.01
-1.166	0.380	0.001	0.01
-1.164	0.380	0.001	0.01
-1.162	0.400	0.001	0.01
-1.160	0.400	0.001	0.01
-1.158	0.380	0.001	0.01
-1.156	0.380	0.001	0.01
-1.154	0.420	0.001	0.01
-1.152	0.420	0.001	0.01
-1.150	0.420	0.001	0.01
-1.148	0.420	0.001	0.01
-1.146	0.440	0.001	0.01
-1.144	0.440	0.001	0.01
-1.142	0.440	0.001	0.01
-1.140	0.440	0.001	0.01
-1.138	0.440	0.001	0.01
-1.136	0.440	0.001	0.01
-1.134	0.500	0.001	0.01
-1.132	0.500	0.001	0.01
-1.130	0.520	0.001	0.01
-1.128	0.520	0.001	0.01
-1.126	0.540	0.001	0.01
-1.124	0.540	0.001	0.01
-1.122	0.580	0.001	0.01
-1.120	0.580	0.001	0.01
-1.118	0.600	0.001	0.01
-1.116	0.600	0.001	0.01
-1.114	0.640	0.001	0.01
-1.112	0.640	0.001	0.01
-1.110	0.680	0.001	0.01
-1.108	0.680	0.001	0.01
-1.106	0.680	0.001	0.01
-1.104	0.680	0.001	0.01
-1.102	0.760	0.001	0.01
-1.100	0.760	0.001	0.01
-1.098	0.800	0.001	0.01
-1.096	0.800	0.001	0.01
-1.094	0.840	0.001	0.01
-1.092	0.840	0.001	0.01
-1.090	0.860	0.001	0.01
-1.088	0.860	0.001	0.01
-1.086	0.900	0.001	0.01
-1.084	0.900	0.001	0.01
-1.082	0.940	0.001	0.01
-1.080	0.940	0.001	0.01
-1.078	0.980	0.001	0.01
-1.076	0.980	0.001	0.01
-1.074	0.980	0.001	0.01
-1.072	0.980	0.001	0.01
-1.070	0.980	0.001	0.01
-1.068	0.980	0.001	0.01
-1.066	1.040	0.001	0.01
-1.064	1.040	0.001	0.01
-1.062	1.060	0.001	0.01
-1.060	1.060	0.001	0.01
-1.058	1.120	0.001	0.01
-1.056	1.120	0.001	0.01
-1.054	1.200	0.001	0.01
-1.052	1.200	0.001	0.01
-1.050	1.320	0.001	0.01
-1.048	1.320	0.001	0.01
-1.046	1.480	0.001	0.01
-1.044	1.480	0.001	0.01
-1.042	1.480	0.001	0.01
-1.040	1.480	0.001	0.01
-1.038	1.480	0.001	0.01
-1.036	1.480	0.001	0.01
-1.034	1.560	0.001	0.01
-1.032	1.940	0.001	0.01
-1.030	1.880	0.001	0.01
-1.028	1.880	0.001	0.01
-1.026	2.060	0.001	0.01
-1.024	2.060	0.001	0.01
-1.022	2.120	0.001	0.01
-1.020	2.340	0.001	0.01
-1.018	2.320	0.001	0.01
-1.016	2.320	0.001	0.01
-1.014	2.240	0.001	0.01
-1.012	1.940	0.001	0.01
-1.010	1.960	0.001	0.01
-1.008	1.740	0.001	0.01
-1.006	1.760	0.001	0.01
-1.004	1.760	0.001	0.01
-1.002	1.720	0.001	0.01
-1.000	1.720	0.001	0.01
-0.998	1.760	0.001	0.01
-0.996	1.760	0.001	0.01
-0.994	1.880	0.001	0.01
-0.992	1.380	0.001	0.01
-0.990	1.560	0.001	0.01
-0.988	1.160	0.001	0.01
-0.986	1.380	0.001	0.01
-0.984	0.860	0.001	0.01
-0.982	0.960	0.001	0.01
-0.980	0.600	0.001	0.01
-0.978	0.820	0.001	0.01
-0.976	0.500	0.001	0.01
-0.974	0.580	0.001	0.01
-0.972	0.580	0.001	0.01
-0.970	0.400	0.001	0.01
-0.968	0.180	0.001	0.01
-0.966	0.220	0.001	0.01
-0.964	0.220	0.001	0.01
-0.962	0.140	0.001	0.01
-0.960	0.140	0.001	0.01
-0.958	0.120	0.001	0.01
-0.956	0.120	0.001	0.01
-0.954	0.080	0.001	0.01
-0.952	0.080	0.001	0.01
-0.950	0.040	0.001	0.01
-0.948	0.040	0.001	0.01
-0.946	0.060	0.001	0.01
-0.944	0.060	0.001	0.01
-0.942	0.040	0.001	0.01
-0.940	0.040	0.001	0.01
-0.938	0.060	0.001	0.01
-0.936	0.060	0.001	0.01
-0.934	0.040	0.001	0.01
-0.932	0.040	0.001	0.01
-0.930	0.040	0.001	0.01
-0.928	0.040	0.001	0.01
-0.926	0.040	0.001	0.01
-0.924	0.040	0.001	0.01
-0.922	0.040	0.001	0.01
-0.920	0.040	0.001	0.01
-0.918	0.040	0.001	0.01
-0.916	0.040	0.001	0.01
-0.914	0.040	0.001	0.01
-0.912	0.040	0.001	0.01
-0.910	0.040	0.001	0.01
-0.908	0.040	0.001	0.01
-0.906	0.040	0.001	0.01
-0.904	0.040	0.001	0.01
-0.902	0.020	0.001	0.01
-0.900	0.020	0.001	0.01
-0.898	0.020	0.001	0.01
-0.896	0.020	0.001	0.01
-0.894	0.040	0.001	0.01
-0.892	0.040	0.001	0.01
-0.890	0.040	0.001	0.01
-0.888	0.040	0.001	0.01
-0.886	0.040	0.001	0.01
-0.884	0.040	0.001	0.01
-0.882	0.040	0.001	0.01
-0.880	0.040	0.001	0.01
-0.878	0.040	0.001	0.01
-0.876	0.040	0.001	0.01
-0.874	0.040	0.001	0.01
-0.872	0.040	0.001	0.01
-0.870	0.040	0.001	0.01
-0.868	0.040	0.001	0.01
-0.866	0.040	0.001	0.01
-0.864	0.040	0.001	0.01
-0.862	0.040	0.001	0.01
-0.860	0.040	0.001	0.01
-0.858	0.020	0.001	0.01
-0.856	0.020	0.001	0.01
-0.854	0.040	0.001	0.01
-0.852	0.040	0.001	0.01
-0.850	0.040	0.001	0.01
-0.848	0.040	0.001	0.01
-0.846	0.020	0.001	0.01
-0.844	0.020	0.001	0.01
-0.842	0.040	0.001	0.01
-0.840	0.040	0.001	0.01
-0.838	0.020	0.001	0.01
-0.836	0.020	0.001	0.01
-0.834	0.020	0.001	0.01
-0.832	0.020	0.001	0.01
-0.830	0.020	0.001	0.01
-0.828	0.020	0.001	0.01
-0.826	0.040	0.001	0.01
-0.824	0.040	0.001	0.01
-0.822	0.020	0.001	0.01
-0.820	0.020	0.001	0.01
-0.818	0.020	0.001	0.01
-0.816	0.020	0.001	0.01
-0.814	0.020	0.001	0.01
-0.812	0.020	0.001	0.01
-0.810	0.020	0.001	0.01
-0.808	0.020	0.001	0.01
-0.806	0.020	0.001	0.01
-0.804	0.020	0.001	0.01
-0.802	0.020	0.001	0.01
-0.800	0.020	0.001	0.01
-0.798	0.040	0.001	0.01
-0.796	0.040	0.001	0.01
-0.794	0.020	0.001	0.01
-0.792	0.020	0.001	0.01
-0.790	0.020	0.001	0.01
-0.788	0.020	0.001	0.01
-0.786	0.020	0.001	0.01
-0.784	0.020	0.001	0.01
-0.782	0.040	0.001	0.01
-0.780	0.040	0.001	0.01
-0.778	0.020	0.001	0.01
-0.776	0.020	0.001	0.01
-0.774	0.020	0.001	0.01
-0.772	0.020	0.001	0.01
-0.770	0.040	0.001	0.01
-0.768	0.040	0.001	0.01
-0.766	0.020	0.001	0.01
-0.764	0.020	0.001	0.01
-0.762	0.020	0.001	0.01
-0.760	0.020	0.001	0.01
-0.758	0.040	0.001	0.01
-0.756	0.040	0.001	0.01
-0.754	0.020	0.001	0.01
-0.752	0.020	0.001	0.01
-0.750	0.020	0.001	0.01
-0.748	0.020	0.001	0.01
-0.746	0.020	0.001	0.01
-0.744	0.020	0.001	0.01
-0.742	0.020	0.001	0.01
-0.740	0.020	0.001	0.01
-0.738	0.020	0.001	0.01
-0.736	0.020	0.001	0.01
-0.734	0.000	0.001	0.01
-0.732	0.000	0.001	0.01
-0.730	0.040	0.001	0.01
-0.728	0.040	0.001	0.01
-0.726	0.020	0.001	0.01
-0.724	0.020	0.001	0.01
-0.722	0.020	0.001	0.01
-0.720	0.020	0.001	0.01
-0.718	0.020	0.001	0.01
-0.716	0.020	0.001	0.01
-0.714	0.040	0.001	0.01
-0.712	0.040	0.001	0.01
-0.710	0.000	0.001	0.01
-0.708	0.000	0.001	0.01
-0.706	0.020	0.001	0.01
-0.704	0.020	0.001	0.01
-0.702	0.020	0.001	0.01
-0.700	0.020	0.001	0.01
-0.698	0.020	0.001	0.01
-0.696	0.020	0.001	0.01
-0.694	0.040	0.001	0.01
-0.692	0.040	0.001	0.01
-0.690	0.040	0.001	0.01
-0.688	0.040	0.001	0.01
-0.686	0.020	0.001	0.01
-0.684	0.020	0.001	0.01
-0.682	0.040	0.001	0.01
-0.680	0.040	0.001	0.01
-0.678	0.040	0.001	0.01
-0.676	0.040	0.001	0.01
-0.674	0.020	0.001	0.01
-0.672	0.020	0.001	0.01
-0.670	0.020	0.001	0.01
-0.668	0.020	0.001	0.01
-0.666	0.020	0.001	0.01
-0.664	0.020	0.001	0.01
-0.662	0.040	0.001	0.01
-0.660	0.040	0.001	0.01
-0.658	0.020	0.001	0.01
-0.656	0.020	0.001	0.01
-0.654	0.040	0.001	0.01
-0.652	0.040	0.001	0.01
-0.650	0.000	0.001	0.01
-0.648	0.000	0.001	0.01
-0.646	0.040	0.001	0.01
-0.644	0.040	0.001	0.01
-0.642	0.020	0.001	0.01
-0.640	0.020	0.001	0.01
-0.638	0.020	0.001	0.01
-0.636	0.020	0.001	0.01
-0.634	0.020	0.001	0.01
-0.632	0.020	0.001	0.01
-0.630	0.040	0.001	0.01
-0.628	0.040	0.001	0.01
-0.626	0.020	0.001	0.01
-0.624	0.020	0.001	0.01
-0.622	0.020	0.001	0.01
-0.620	0.020	0.001	0.01
-0.618	0.020	0.001	0.01
-0.616	0.020	0.001	0.01
-0.614	0.020	0.001	0.01
-0.612	0.020	0.001	0.01
-0.610	0.020	0.001	0.01
-0.608	0.020	0.001	0.01
-0.606	0.020	0.001	0.01
-0.604	0.020	0.001	0.01
-0.602	0.040	0.001	0.01
-0.600	0.040	0.001	0.01
-0.598	0.020	0.001	0.01
-0.596	0.020	0.001	0.01
-0.594	0.020	0.001	0.01
-0.592	0.020	0.001	0.01
-0.590	0.020	0.001	0.01
-0.588	0.020	0.001	0.01
-0.586	0.020	0.001	0.01
-0.584	0.020	0.001	0.01
-0.582	0.020	0.001	0.01
-0.580	0.020	0.001	0.01
-0.578	0.020	0.001	0.01
-0.576	0.020	0.001	0.01
-0.574	0.040	0.001	0.01
-0.572	0.040	0.001	0.01
-0.570	0.020	0.001	0.01
-0.568	0.020	0.001	0.01
-0.566	0.000	0.001	0.01
-0.564	0.000	0.001	0.01
-0.562	0.020	0.001	0.01
-0.560	0.020	0.001	0.01
-0.558	0.020	0.001	0.01
-0.556	0.020	0.001	0.01
-0.554	0.040	0.001	0.01
-0.552	0.040	0.001	0.01
-0.550	0.020	0.001	0.01
-0.548	0.020	0.001	0.01
-0.546	0.040	0.001	0.01
-0.544	0.040	0.001	0.01
-0.542	0.020	0.001	0.01
-0.540	0.020	0.001	0.01
-0.538	0.020	0.001	0.01
-0.536	0.020	0.001	0.01
-0.534	0.040	0.001	0.01
-0.532	0.040	0.001	0.01
-0.530	0.020	0.001	0.01
-0.528	0.020	0.001	0.01
-0.526	0.020	0.001	0.01
-0.524	0.020	0.001	0.01
-0.522	0.040	0.001	0.01
-0.520	0.040	0.001	0.01
-0.518	0.020	0.001	0.01
-0.516	0.020	0.001	0.01
-0.514	0.000	0.001	0.01
-0.512	0.000	0.001	0.01
-0.510	0.040	0.001	0.01
-0.508	0.040	0.001	0.01
-0.506	0.040	0.001	0.01
-0.504	0.040	0.001	0.01
-0.502	0.040	0.001	0.01
-0.500	0.040	0.001	0.01
-0.498	0.040	0.001	0.01
-0.496	0.040	0.001	0.01
-0.494	0.020	0.001	0.01
-0.492	0.020	0.001	0.01
-0.490	0.000	0.001	0.01
-0.488	0.000	0.001	0.01
-0.486	0.020	0.001	0.01
-0.484	0.020	0.001	0.01
-0.482	0.000	0.001	0.01
-0.480	0.000	0.001	0.01
-0.478	0.020	0.001	0.01
-0.476	0.020	0.001	0.01
-0.474	0.020	0.001	0.01
-0.472	0.020	0.001	0.01
-0.470	0.020	0.001	0.01
-0.468	0.020	0.001	0.01
-0.466	0.040	0.001	0.01
-0.464	0.040	0.001	0.01
-0.462	0.000	0.001	0.01
-0.460	0.000	0.001	0.01
-0.458	0.020	0.001	0.01
-0.456	0.020	0.001	0.01
-0.454	0.020	0.001	0.01
-0.452	0.020	0.001	0.01
-0.450	0.020	0.001	0.01
-0.448	0.020	0.001	0.01
-0.446	0.020	0.001	0.01
-0.444	0.020	0.001	0.01
-0.442	0.020	0.001	0.01
-0.440	0.020	0.001	0.01
-0.438	0.040	0.001	0.01
-0.436	0.040	0.001	0.01
-0.434	0.020	0.001	0.01
-0.432	0.020	0.001	0.01
-0.430	0.020	0.001	0.01
-0.428	0.020	0.001	0.01
-0.426	0.020	0.001	0.01
-0.424	0.020	0.001	0.01
-0.422	0.020	0.001	0.01
-0.420	0.020	0.001	0.01
-0.418	0.020	0.001	0.01
-0.416	0.020	0.001	0.01
-0.414	0.040	0.001	0.01
-0.412	0.040	0.001	0.01
-0.410	0.040	0.001	0.01
-0.408	0.040	0.001	0.01
-0.406	0.020	0.001	0.01
-0.404	0.020	0.001	0.01
-0.402	0.040	0.001	0.01
-0.400	0.040	0.001	0.01
-0.398	0.020	0.001	0.01
-0.396	0.020	0.001	0.01
-0.394	0.020	0.001	0.01
-0.392	0.020	0.001	0.01
-0.390	0.020	0.001	0.01
-0.388	0.020	0.001	0.01
-0.386	0.040	0.001	0.01
-0.384	0.040	0.001	0.01
-0.382	0.020	0.001	0.01
-0.380	0.020	0.001	0.01
-0.378	0.040	0.001	0.01
-0.376	0.040	0.001	0.01
-0.374	0.020	0.001	0.01
-0.372	0.020	0.001	0.01
-0.370	0.040	0.001	0.01
-0.368	0.040	0.001	0.01
-0.366	0.020	0.001	0.01
-0.364	0.020	0.001	0.01
-0.362	0.040	0.001	0.01
-0.360	0.040	0.001	0.01
-0.358	0.020	0.001	0.01
-0.356	0.020	0.001	0.01
-0.354	0.040	0.001	0.01
-0.352	0.040	0.001	0.01
-0.350	0.040	0.001	0.01
-0.348	0.040	0.001	0.01
-0.346	0.020	0.001	0.01
-0.344	0.020	0.001	0.01
-0.342	0.020	0.001	0.01
-0.340	0.020	0.001	0.01
-0.338	0.020	0.001	0.01
-0.336	0.020	0.001	0.01
-0.334	0.020	0.001	0.01
-0.332	0.020	0.001	0.01
-0.330	0.020	0.001	0.01
-0.328	0.020	0.001	0.01
-0.326	0.020	0.001	0.01
-0.324	0.020	0.001	0.01
-0.322	0.040	0.001	0.01
-0.320	0.040	0.001	0.01
-0.318	0.020	0.001	0.01
-0.316	0.020	0.001	0.01
-0.314	0.020	0.001	0.01
-0.312	0.020	0.001	0.01
-0.310	0.040	0.001	0.01
-0.308	0.040	0.001	0.01
-0.306	0.020	0.001	0.01
-0.304	0.020	0.001	0.01
-0.302	0.040	0.001	0.01
-0.300	0.040	0.001	0.01
-0.298	0.020	0.001	0.01
-0.296	0.020	0.001	0.01
-0.294	0.020	0.001	0.01
-0.292	0.020	0.001	0.01
-0.290	0.040	0.001	0.01
-0.288	0.040	0.001	0.01
-0.286	0.020	0.001	0.01
-0.284	0.020	0.001	0.01
-0.282	0.020	0.001	0.01
-0.280	0.020	0.001	0.01
-0.278	0.040	0.001	0.01
-0.276	0.040	0.001	0.01
-0.274	0.020	0.001	0.01
-0.272	0.020	0.001	0.01
-0.270	0.040	0.001	0.01
-0.268	0.040	0.001	0.01
-0.266	0.020	0.001	0.01
-0.264	0.020	0.001	0.01
-0.262	0.020	0.001	0.01
-0.260	0.020	0.001	0.01
-0.258	0.040	0.001	0.01
-0.256	0.040	0.001	0.01
-0.254	0.020	0.001	0.01
-0.252	0.020	0.001	0.01
-0.250	0.020	0.001	0.01
-0.248	0.020	0.001	0.01
-0.246	0.040	0.001	0.01
-0.244	0.040	0.001	0.01
-0.242	0.020	0.001	0.01
-0.240	0.020	0.001	0.01
-0.238	0.040	0.001	0.01
-0.236	0.040	0.001	0.01
-0.234	0.000	0.001	0.01
-0.232	0.000	0.001	0.01
-0.230	0.020	0.001	0.01
-0.228	0.020	0.001	0.01
-0.226	0.020	0.001	0.01
-0.224	0.020	0.001	0.01
-0.222	0.040	0.001	0.01
-0.220	0.040	0.001	0.01
-0.218	0.020	0.001	0.01
-0.216	0.020	0.001	0.01
-0.214	0.040	0.001	0.01
-0.212	0.040	0.001	0.01
-0.210	0.000	0.001	0.01
-0.208	0.000	0.001	0.01
-0.206	0.020	0.001	0.01
-0.204	0.020	0.001	0.01
-0.202	0.040	0.001	0.01
-0.200	0.040	0.001	0.01
-0.198	0.020	0.001	0.01
-0.196	0.020	0.001	0.01
-0.194	0.020	0.001	0.01
-0.192	0.020	0.001	0.01
-0.190	0.040	0.001	0.01
-0.188	0.040	0.001	0.01
-0.186	0.020	0.001	0.01
-0.184	0.020	0.001	0.01
-0.182	0.020	0.001	0.01
-0.180	0.020	0.001	0.01
-0.178	0.040	0.001	0.01
-0.176	0.040	0.001	0.01
-0.174	0.020	0.001	0.01
-0.172	0.020	0.001	0.01
-0.170	0.020	0.001	0.01
-0.168	0.020	0.001	0.01
-0.166	0.040	0.001	0.01
-0.164	0.040	0.001	0.01
-0.162	0.020	0.001	0.01
-0.160	0.020	0.001	0.01
-0.158	0.020	0.001	0.01
-0.156	0.020	0.001	0.01
-0.154	0.040	0.001	0.01
-0.152	0.040	0.001	0.01
-0.150	0.020	0.001	0.01
-0.148	0.020	0.001	0.01
-0.146	0.020	0.001	0.01
-0.144	0.020	0.001	0.01
-0.142	0.040	0.001	0.01
-0.140	0.040	0.001	0.01
-0.138	0.020	0.001	0.01
-0.136	0.020	0.001	0.01
-0.134	0.020	0.001	0.01
-0.132	0.020	0.001	0.01
-0.130	0.040	0.001	0.01
-0.128	0.040	0.001	0.01
-0.126	0.040	0.001	0.01
-0.124	0.040	0.001	0.01
-0.122	0.040	0.001	0.01
-0.120	0.040	0.001	0.01
-0.118	0.000	0.001	0.01
-0.116	0.000	0.001	0.01
-0.114	0.040	0.001	0.01
-0.112	0.040	0.001	0.01
-0.110	0.040	0.001	0.01
-0.108	0.040	0.001	0.01
-0.106	0.020	0.001	0.01
-0.104	0.020	0.001	0.01
-0.102	0.040	0.001	0.01
-0.100	0.040	0.001	0.01
-0.098	0.020	0.001	0.01
-0.096	0.020	0.001	0.01
-0.094	0.020	0.001	0.01
-0.092	0.020	0.001	0.01
-0.090	0.020	0.001	0.01
-0.088	0.020	0.001	0.01
-0.086	0.020	0.001	0.01
-0.084	0.020	0.001	0.01
-0.082	0.040	0.001	0.01
-0.080	0.040	0.001	0.01
-0.078	0.020	0.001	0.01
-0.076	0.020	0.001	0.01
-0.074	0.000	0.001	0.01
-0.072	0.000	0.001	0.01
-0.070	0.040	0.001	0.01
-0.068	0.040	0.001	0.01
-0.066	0.040	0.001	0.01
-0.064	0.040	0.001	0.01
-0.062	0.040	0.001	0.01
-0.060	0.040	0.001	0.01
-0.058	0.040	0.001	0.01
-0.056	0.040	0.001	0.01
-0.054	0.040	0.001	0.01
-0.052	0.040	0.001	0.01
-0.050	0.040	0.001	0.01
-0.048	0.040	0.001	0.01
-0.046	0.020	0.001	0.01
-0.044	0.020	0.001	0.01
-0.042	0.040	0.001	0.01
-0.040	0.040	0.001	0.01
-0.038	0.020	0.001	0.01
-0.036	0.020	0.001	0.01
-0.034	0.020	0.001	0.01
-0.032	0.020	0.001	0.01
-0.030	0.040	0.001	0.01
-0.028	0.040	0.001	0.01
-0.026	0.040	0.001	0.01
-0.024	0.040	0.001	0.01
-0.022	0.020	0.001	0.01
-0.020	0.020	0.001	0.01
-0.018	0.020	0.001	0.01
-0.016	0.020	0.001	0.01
-0.014	0.040	0.001	0.01
-0.012	0.040	0.001	0.01
-0.010	0.040	0.001	0.01
-0.008	0.040	0.001	0.01
-0.006	0.040	0.001	0.01
-0.004	0.040	0.001	0.01
-0.002	0.040	0.001	0.01
0.000	0.040	0.001	0.01
0.002	0.040	0.001	0.01
0.004	0.040	0.001	0.01
0.006	0.020	0.001	0.01
0.008	0.020	0.001	0.01
0.010	0.020	0.001	0.01
0.012	0.020	0.001	0.01
0.014	0.020	0.001	0.01
0.016	0.020	0.001	0.01
0.018	0.040	0.001	0.01
0.020	0.040	0.001	0.01
0.022	0.020	0.001	0.01
0.024	0.020	0.001	0.01
0.026	0.000	0.001	0.01
0.028	0.000	0.001	0.01
0.030	0.040	0.001	0.01
0.032	0.040	0.001	0.01
0.034	0.040	0.001	0.01
0.036	0.040	0.001	0.01
0.038	0.040	0.001	0.01
0.040	0.040	0.001	0.01
0.042	0.020	0.001	0.01
0.044	0.020	0.001	0.01
0.046	0.020	0.001	0.01
0.048	0.020	0.001	0.01
0.050	0.040	0.001	0.01
0.052	0.040	0.001	0.01
0.054	0.020	0.001	0.01
0.056	0.020	0.001	0.01
0.058	0.040	0.001	0.01
0.060	0.040	0.001	0.01
0.062	0.040	0.001	0.01
0.064	0.040	0.001	0.01
0.066	0.020	0.001	0.01
0.068	0.020	0.001	0.01
0.070	0.040	0.001	0.01
0.072	0.040	0.001	0.01
0.074	0.040	0.001	0.01
0.076	0.040	0.001	0.01
0.078	0.040	0.001	0.01
0.080	0.040	0.001	0.01
0.082	0.020	0.001	0.01
0.084	0.020	0.001	0.01
0.086	0.040	0.001	0.01
0.088	0.040	0.001	0.01
0.090	0.040	0.001	0.01
0.092	0.040	0.001	0.01
0.094	0.020	0.001	0.01
0.096	0.020	0.001	0.01
0.098	0.040	0.001	0.01
0.100	0.040	0.001	0.01
0.102	0.040	0.001	0.01
0.104	0.040	0.001	0.01
0.106	0.040	0.001	0.01
0.108	0.040	0.001	0.01
0.110	0.040	0.001	0.01
0.112	0.040	0.001	0.01
0.114	0.020	0.001	0.01
0.116	0.020	0.001	0.01
0.118	0.040	0.001	0.01
0.120	0.040	0.001	0.01
0.122	0.040	0.001	0.01
0.124	0.040	0.001	0.01
0.126	0.040	0.001	0.01
0.128	0.040	0.001	0.01
0.130	0.040	0.001	0.01
0.132	0.040	0.001	0.01
0.134	0.020	0.001	0.01
0.136	0.020	0.001	0.01
0.138	0.040	0.001	0.01
0.140	0.040	0.001	0.01
0.142	0.040	0.001	0.01
0.144	0.040	0.001	0.01
0.146	0.040	0.001	0.01
0.148	0.040	0.001	0.01
0.150	0.020	0.001	0.01
0.152	0.020	0.001	0.01
0.154	0.020	0.001	0.01
0.156	0.020	0.001	0.01
0.158	0.040	0.001	0.01
0.160	0.040	0.001	0.01
0.162	0.060	0.001	0.01
0.164	0.060	0.001	0.01
0.166	0.040	0.001	0.01
0.168	0.040	0.001	0.01
0.170	0.020	0.001	0.01
0.172	0.020	0.001	0.01
0.174	0.040	0.001	0.01
0.176	0.040	0.001	0.01
0.178	0.040	0.001	0.01
0.180	0.040	0.001	0.01
0.182	0.040	0.001	0.01
0.184	0.040	0.001	0.01
0.186	0.040	0.001	0.01
0.188	0.040	0.001	0.01
0.190	0.020	0.001	0.01
0.192	0.020	0.001	0.01
0.194	0.040	0.001	0.01
0.196	0.040	0.001	0.01
0.198	0.020	0.001	0.01
0.200	0.020	0.001	0.01
0.202	0.040	0.001	0.01
0.204	0.040	0.001	0.01
0.206	0.040	0.001	0.01
0.208	0.040	0.001	0.01
0.210	0.040	0.001	0.01
0.212	0.040	0.001	0.01
0.214	0.040	0.001	0.01
0.216	0.040	0.001	0.01
0.218	0.040	0.001	0.01
0.220	0.040	0.001	0.01
0.222	0.040	0.001	0.01
0.224	0.040	0.001	0.01
0.226	0.020	0.001	0.01
0.228	0.020	0.001	0.01
0.230	0.040	0.001	0.01
0.232	0.040	0.001	0.01
0.234	0.040	0.001	0.01
0.236	0.040	0.001	0.01
0.238	0.040	0.001	0.01
0.240	0.040	0.001	0.01
0.242	0.040	0.001	0.01
0.244	0.040	0.001	0.01
0.246	0.040	0.001	0.01
0.248	0.040	0.001	0.01
0.250	0.040	0.001	0.01
0.252	0.040	0.001	0.01
0.254	0.040	0.001	0.01
0.256	0.040	0.001	0.01
0.258	0.040	0.001	0.01
0.260	0.040	0.001	0.01
0.262	0.060	0.001	0.01
0.264	0.060	0.001	0.01
0.266	0.040	0.001	0.01
0.268	0.040	0.001	0.01
0.270	0.040	0.001	0.01
0.272	0.040	0.001	0.01
0.274	0.040	0.001	0.01
0.276	0.040	0.001	0.01
0.278	0.040	0.001	0.01
0.280	0.040	0.001	0.01
0.282	0.040	0.001	0.01
0.284	0.040	0.001	0.01
0.286	0.020	0.001	0.01
0.288	0.020	0.001	0.01
0.290	0.040	0.001	0.01
0.292	0.040	0.001	0.01
0.294	0.040	0.001	0.01
0.296	0.040	0.001	0.01
0.298	0.020	0.001	0.01
0.300	0.020	0.001	0.01
0.302	0.040	0.001	0.01
0.304	0.040	0.001	0.01
0.306	0.060	0.001	0.01
0.308	0.060	0.001	0.01
0.310	0.040	0.001	0.01
0.312	0.040	0.001	0.01
0.314	0.040	0.001	0.01
0.316	0.040	0.001	0.01
0.318	0.020	0.001	0.01
0.320	0.020	0.001	0.01
0.322	0.040	0.001	0.01
0.324	0.040	0.001	0.01
0.326	0.040	0.001	0.01
0.328	0.040	0.001	0.01
0.330	0.040	0.001	0.01
0.332	0.040	0.001	0.01
0.334	0.060	0.001	0.01
0.336	0.060	0.001	0.01
0.338	0.060	0.001	0.01
0.340	0.060	0.001	0.01
0.342	0.040	0.001	0.01
0.344	0.040	0.001	0.01
0.346	0.040	0.001	0.01
0.348	0.040	0.001	0.01
0.350	0.060	0.001	0.01
0.352	0.060	0.001	0.01
0.354	0.060	0.001	0.01
0.356	0.060	0.001	0.01
0.358	0.060	0.001	0.01
0.360	0.060	0.001	0.01
0.362	0.060	0.001	0.01
0.364	0.060	0.001	0.01
0.366	0.040	0.001	0.01
0.368	0.040	0.001	0.01
0.370	0.060	0.001	0.01
0.372	0.060	0.001	0.01
0.374	0.060	0.001	0.01
0.376	0.060	0.001	0.01
0.378	0.040	0.001	0.01
0.380	0.040	0.001	0.01
0.382	0.040	0.001	0.01
0.384	0.040	0.001	0.01
0.386	0.040	0.001	0.01
0.388	0.040	0.001	0.01
0.390	0.060	0.001	0.01
0.392	0.060	0.001	0.01
0.394	0.040	0.001	0.01
0.396	0.040	0.001	0.01
0.398	0.060	0.001	0.01
0.400	0.060	0.001	0.01
0.402	0.040	0.001	0.01
0.404	0.040	0.001	0.01
0.406	0.060	0.001	0.01
0.408	0.060	0.001	0.01
0.410	0.060	0.001	0.01
0.412	0.060	0.001	0.01
0.414	0.040	0.001	0.01
0.416	0.040	0.001	0.01
0.418	0.080	0.001	0.01
0.420	0.080	0.001	0.01
0.422	0.080	0.001	0.01
0.424	0.080	0.001	0.01
0.426	0.060	0.001	0.01
0.428	0.060	0.001	0.01
0.430	0.060	0.001	0.01
0.432	0.060	0.001	0.01
0.434	0.080	0.001	0.01
0.436	0.080	0.001	0.01
0.438	0.080	0.001	0.01
0.440	0.080	0.001	0.01
0.442	0.060	0.001	0.01
0.444	0.060	0.001	0.01
0.446	0.040	0.001	0.01
0.448	0.040	0.001	0.01
0.450	0.040	0.001	0.01
0.452	0.040	0.001	0.01
0.454	0.080	0.001	0.01
0.456	0.080	0.001	0.01
0.458	0.080	0.001	0.01
0.460	0.080	0.001	0.01
0.462	0.080	0.001	0.01
0.464	0.080	0.001	0.01
0.466	0.040	0.001	0.01
0.468	0.040	0.001	0.01
0.470	0.060	0.001	0.01
0.472	0.060	0.001	0.01
0.474	0.040	0.001	0.01
0.476	0.040	0.001	0.01
0.478	0.080	0.001	0.01
0.480	0.080	0.001	0.01
0.482	0.080	0.001	0.01
0.484	0.080	0.001	0.01
0.486	0.080	0.001	0.01
0.488	0.080	0.001	0.01
0.490	0.100	0.001	0.01
0.492	0.100	0.001	0.01
0.494	0.080	0.001	0.01
0.496	0.080	0.001	0.01
0.498	0.100	0.001	0.01
0.500	0.100	0.001	0.01
0.502	0.080	0.001	0.01
0.504	0.080	0.001	0.01
0.506	0.040	0.001	0.01
0.508	0.040	0.001	0.01
0.510	0.080	0.001	0.01
0.512	0.080	0.001	0.01
0.514	0.080	0.001	0.01
0.516	0.080	0.001	0.01
0.518	0.060	0.001	0.01
0.520	0.060	0.001	0.01
0.522	0.080	0.001	0.01
0.524	0.080	0.001	0.01
0.526	0.080	0.001	0.01
0.528	0.080	0.001	0.01
0.530	0.060	0.001	0.01
0.532	0.060	0.001	0.01
0.534	0.100	0.001	0.01
0.536	0.100	0.001	0.01
0.538	0.120	0.001	0.01
0.540	0.120	0.001	0.01
0.542	0.040	0.001	0.01
0.544	0.040	0.001	0.01
0.546	0.100	0.001	0.01
0.548	0.100	0.001	0.01
0.550	0.080	0.001	0.01
0.552	0.080	0.001	0.01
0.554	0.080	0.001	0.01
0.556	0.080	0.001	0.01
0.558	0.080	0.001	0.01
0.560	0.080	0.001	0.01
0.562	0.100	0.001	0.01
0.564	0.100	0.001	0.01
0.566	0.100	0.001	0.01
0.568	0.100	0.001	0.01
0.570	0.080	0.001	0.01
0.572	0.080	0.001	0.01
0.574	0.080	0.001	0.01
0.576	0.080	0.001	0.01
0.578	0.080	0.001	0.01
0.580	0.080	0.001	0.01
0.582	0.100	0.001	0.01
0.584	0.100	0.001	0.01
0.586	0.080	0.001	0.01
0.588	0.080	0.001	0.01
0.590	0.100	0.001	0.01
0.592	0.100	0.001	0.01
0.594	0.080	0.001	0.01
0.596	0.080	0.001	0.01
0.598	0.080	0.001	0.01
0.600	0.080	0.001	0.01
0.602	0.120	0.001	0.01
0.604	0.120	0.001	0.01
0.606	0.080	0.001	0.01
0.608	0.080	0.001	0.01
0.610	0.080	0.001	0.01
0.612	0.080	0.001	0.01
0.614	0.100	0.001	0.01
0.616	0.100	0.001	0.01
0.618	0.120	0.001	0.01
0.620	0.120	0.001	0.01
0.622	0.100	0.001	0.01
0.624	0.100	0.001	0.01
0.626	0.100	0.001	0.01
0.628	0.100	0.001	0.01
0.630	0.120	0.001	0.01
0.632	0.120	0.001	0.01
0.634	0.100	0.001	0.01
0.636	0.100	0.001	0.01
0.638	0.100	0.001	0.01
0.640	0.100	0.001	0.01
0.642	0.120	0.001	0.01
0.644	0.120	0.001	0.01
0.646	0.120	0.001	0.01
0.648	0.120	0.001	0.01
0.650	0.100	0.001	0.01
0.652	0.100	0.001	0.01
0.654	0.120	0.001	0.01
0.656	0.120	0.001	0.01
0.658	0.120	0.001	0.01
0.660	0.120	0.001	0.01
0.662	0.120	0.001	0.01
0.664	0.120	0.001	0.01
0.666	0.120	0.001	0.01
0.668	0.120	0.001	0.01
0.670	0.120	0.001	0.01
0.672	0.120	0.001	0.01
0.674	0.120	0.001	0.01
0.676	0.120	0.001	0.01
0.678	0.120	0.001	0.01
0.680	0.120	0.001	0.01
0.682	0.100	0.001	0.01
0.684	0.100	0.001	0.01
0.686	0.120	0.001	0.01
0.688	0.120	0.001	0.01
0.690	0.120	0.001	0.01
0.692	0.120	0.001	0.01
0.694	0.120	0.001	0.01
0.696	0.120	0.001	0.01
0.698	0.120	0.001	0.01
0.700	0.120	0.001	0.01
0.702	0.120	0.001	0.01
0.704	0.120	0.001	0.01
0.706	0.120	0.001	0.01
0.708	0.120	0.001	0.01
0.710	0.120	0.001	0.01
0.712	0.120	0.001	0.01
0.714	0.120	0.001	0.01
0.716	0.120	0.001	0.01
0.718	0.160	0.001	0.01
0.720	0.160	0.001	0.01
0.722	0.140	0.001	0.01
0.724	0.140	0.001	0.01
0.726	0.140	0.001	0.01
0.728	0.140	0.001	0.01
0.730	0.140	0.001	0.01
0.732	0.140	0.001	0.01
0.734	0.140	0.001	0.01
0.736	0.140	0.001	0.01
0.738	0.120	0.001	0.01
0.740	0.120	0.001	0.01
0.742	0.160	0.001	0.01
0.744	0.160	0.001	0.01
0.746	0.140	0.001	0.01
0.748	0.140	0.001	0.01
0.750	0.160	0.001	0.01
0.752	0.160	0.001	0.01
0.754	0.140	0.001	0.01
0.756	0.140	0.001	0.01
0.758	0.160	0.001	0.01
0.760	0.160	0.001	0.01
0.762	0.160	0.001	0.01
0.764	0.160	0.001	0.01
0.766	0.160	0.001	0.01
0.768	0.160	0.001	0.01
0.770	0.160	0.001	0.01
0.772	0.160	0.001	0.01
0.774	0.160	0.001	0.01
0.776	0.160	0.001	0.01
0.778	0.160	0.001	0.01
0.780	0.160	0.001	0.01
0.782	0.180	0.001	0.01
0.784	0.180	0.001	0.01
0.786	0.180	0.001	0.01
0.788	0.180	0.001	0.01
0.790	0.160	0.001	0.01
0.792	0.160	0.001	0.01
0.794	0.180	0.001	0.01
0.796	0.180	0.001	0.01
0.798	0.180	0.001	0.01
0.800	0.180	0.001	0.01
0.802	0.180	0.001	0.01
0.804	0.180	0.001	0.01
0.806	0.180	0.001	0.01
0.808	0.180	0.001	0.01
0.810	0.200	0.001	0.01
0.812	0.200	0.001	0.01
0.814	0.200	0.001	0.01
0.816	0.200	0.001	0.01
0.818	0.220	0.001	0.01
0.820	0.220	0.001	0.01
0.822	0.220	0.001	0.01
0.824	0.220	0.001	0.01
0.826	0.200	0.001	0.01
0.828	0.200	0.001	0.01
0.830	0.240	0.001	0.01
0.832	0.240	0.001	0.01
0.834	0.200	0.001	0.01
0.836	0.200	0.001	0.01
0.838	0.240	0.001	0.01
0.840	0.240	0.001	0.01
0.842	0.200	0.001	0.01
0.844	0.200	0.001	0.01
0.846	0.240	0.001	0.01
0.848	0.240	0.001	0.01
0.850	0.240	0.001	0.01
0.852	0.240	0.001	0.01
0.854	0.240	0.001	0.01
0.856	0.240	0.001	0.01
0.858	0.260	0.001	0.01
0.860	0.260	0.001	0.01
0.862	0.260	0.001	0.01
0.864	0.260	0.001	0.01
0.866	0.260	0.001	0.01
0.868	0.260	0.001	0.01
0.870	0.280	0.001	0.01
0.872	0.280	0.001	0.01
0.874	0.280	0.001	0.01
0.876	0.280	0.001	0.01
0.878	0.280	0.001	0.01
0.880	0.280	0.001	0.01
0.882	0.300	0.001	0.01
0.884	0.300	0.001	0.01
0.886	0.300	0.001	0.01
0.888	0.300	0.001	0.01
0.890	0.320	0.001	0.01
0.892	0.320	0.001	0.01
0.894	0.320	0.001	0.01
0.896	0.320	0.001	0.01
0.898	0.340	0.001	0.01
0.900	0.340	0.001	0.01
0.902	0.360	0.001	0.01
0.904	0.360	0.001	0.01
0.906	0.360	0.001	0.01
0.908	0.360	0.001	0.01
0.910	0.380	0.001	0.01
0.912	0.380	0.001	0.01
0.914	0.380	0.001	0.01
0.916	0.380	0.001	0.01
0.918	0.380	0.001	0.01
0.920	0.380	0.001	0.01
0.922	0.400	0.001	0.01
0.924	0.400	0.001	0.01
0.926	0.420	0.001	0.01
0.928	0.420	0.001	0.01
0.930	0.420	0.001	0.01
0.932	0.420	0.001	0.01
0.934	0.480	0.001	0.01
0.936	0.480	0.001	0.01
0.938	0.500	0.001	0.01
0.940	0.500	0.001	0.01
0.942	0.500	0.001	0.01
0.944	0.500	0.001	0.01
0.946	0.520	0.001	0.01
0.948	0.520	0.001	0.01
0.950	0.580	0.001	0.01
0.952	0.580	0.001	0.01
0.954	0.640	0.001	0.01
0.956	0.640	0.001	0.01
0.958	0.680	0.001	0.01
0.960	0.680	0.001	0.01
0.962	0.720	0.001	0.01
0.964	0.720	0.001	0.01
0.966	0.800	0.001	0.01
0.968	0.800	0.001	0.01
0.970	0.860	0.001	0.01
0.972	0.860	0.001	0.01
0.974	0.920	0.001	0.01
0.976	0.920	0.001	0.01
0.978	0.960	0.001	0.01
0.980	0.960	0.001	0.01
0.982	1.040	0.001	0.01
0.984	1.040	0.001	0.01
0.986	1.060	0.001	0.01
0.988	1.060	0.001	0.01
0.990	1.100	0.001	0.01
0.992	1.100	0.001	0.01
0.994	1.120	0.001	0.01
0.996	1.120	0.001	0.01
0.998	1.220	0.001	0.01
1.000	1.220	0.001	0.01
1.002	1.340	0.001	0.01
1.004	1.340	0.001	0.01
1.006	1.500	0.001	0.01
1.008	1.500	0.001	0.01
1.010	1.600	0.001	0.01
1.012	1.600	0.001	0.01
1.014	1.620	0.001	0.01
1.016	1.880	0.001	0.01
1.018	1.800	0.001	0.01
1.020	2.240	0.001	0.01
1.022	2.240	0.001	0.01
1.024	2.240	0.001	0.01
1.026	2.380	0.001	0.01
1.028	2.640	0.001	0.01
1.030	2.620	0.001	0.01
1.032	2.260	0.001	0.01
1.034	2.380	0.001	0.01
1.036	1.920	0.001	0.01
1.038	2.100	0.001	0.01
1.040	1.780	0.001	0.01
1.042	1.820	0.001	0.01
1.044	1.820	0.001	0.01
1.046	1.920	0.001	0.01
1.048	1.920	0.001	0.01
1.050	1.880	0.001	0.01
1.052	1.260	0.001	0.01
1.054	1.400	0.001	0.01
1.056	0.980	0.001	0.01
1.058	1.060	0.001	0.01
1.060	0.680	0.001	0.01
1.062	0.820	0.001	0.01
1.064	0.500	0.001	0.01
1.066	0.520	0.001	0.01
1.068	0.240	0.001	0.01
1.070	0.320	0.001	0.01
1.072	0.320	0.001	0.01
1.074	0.200	0.001	0.01
1.076	0.200	0.001	0.01
1.078	0.100	0.001	0.01
1.080	0.100	0.001	0.01
1.082	0.060	0.001	0.01
1.084	0.060	0.001	0.01
1.086	0.060	0.001	0.01
1.088	0.060	0.001	0.01
1.090	0.060	0.001	0.01
1.092	0.060	0.001	0.01
1.094	0.040	0.001	0.01
1.096	0.040	0.001	0.01
1.098	0.040	0.001	0.01
1.100	0.040	0.001	0.01
1.102	0.040	0.001	0.01
1.104	0.040	0.001	0.01
1.106	0.040	0.001	0.01
1.108	0.040	0.001	0.01
1.110	0.040	0.001	0.01
1.112	0.040	0.001	0.01
1.114	0.040	0.001	0.01
1.116	0.040	0.001	0.01
1.118	0.020	0.001	0.01
1.120	0.020	0.001	0.01
1.122	0.020	0.001	0.01
1.124	0.020	0.001	0.01
1.126	0.020	0.001	0.01
1.128	0.020	0.001	0.01
1.130	0.040	0.001	0.01
1.132	0.040	0.001	0.01
1.134	0.020	0.001	0.01
1.136	0.020	0.001	0.01
1.138	0.040	0.001	0.01
1.140	0.040	0.001	0.01
1.142	0.040	0.001	0.01
1.144	0.040	0.001	0.01
1.146	0.020	0.001	0.01
1.148	0.020	0.001	0.01
1.150	0.040	0.001	0.01
1.152	0.040	0.001	0.01
1.154	0.020	0.001	0.01
1.156	0.020	0.001	0.01
1.158	0.020	0.001	0.01
1.160	0.020	0.001	0.01
1.162	0.040	0.001	0.01
1.164	0.040	0.001	0.01
1.166	0.020	0.001	0.01
1.168	0.020	0.001	0.01
1.170	0.020	0.001	0.01
1.172	0.020	0.001	0.01
1.174	0.040	0.001	0.01
1.176	0.040	0.001	0.01
1.178	0.060	0.001	0.01
1.180	0.060	0.001	0.01
1.182	0.040	0.001	0.01
1.184	0.040	0.001	0.01
1.186	0.020	0.001	0.01
1.188	0.020	0.001	0.01
1.190	0.020	0.001	0.01
1.192	0.020	0.001	0.01
1.194	0.040	0.001	0.01
1.196	0.040	0.001	0.01
1.198	0.040	0.001	0.01
1.200	0.040	0.001	0.01
1.202	0.040	0.001	0.01
1.204	0.040	0.001	0.01
1.206	0.000	0.001	0.01
1.208	0.000	0.001	0.01
1.210	0.020	0.001	0.01
1.212	0.020	0.001	0.01
1.214	0.020	0.001	0.01
1.216	0.020	0.001	0.01
1.218	0.020	0.001	0.01
1.220	0.020	0.001	0.01
1.222	0.040	0.001	0.01
1.224	0.040	0.001	0.01
1.226	0.040	0.001	0.01
1.228	0.040	0.001	0.01
1.230	0.040	0.001	0.01
1.232	0.040	0.001	0.01
1.234	0.000	0.001	0.01
1.236	0.000	0.001	0.01
1.238	0.040	0.001	0.01
1.240	0.040	0.001	0.01
1.242	0.020	0.001	0.01
1.244	0.020	0.001	0.01
1.246	0.020	0.001	0.01
1.248	0.020	0.001	0.01
1.250	0.020	0.001	0.01
1.252	0.020	0.001	0.01
1.254	0.020	0.001	0.01
1.256	0.020	0.001	0.01
1.258	0.040	0.001	0.01
1.260	0.040	0.001	0.01
1.262	0.040	0.001	0.01
1.264	0.040	0.001	0.01
1.266	0.020	0.001	0.01
1.268	0.020	0.001	0.01
1.270	0.020	0.001	0.01
1.272	0.020	0.001	0.01
1.274	0.040	0.001	0.01
1.276	0.040	0.001	0.01
1.278	0.020	0.001	0.01
1.280	0.020	0.001	0.01
1.282	0.040	0.001	0.01
1.284	0.040	0.001	0.01
1.286	0.040	0.001	0.01
1.288	0.040	0.001	0.01
1.290	0.040	0.001	0.01
1.292	0.040	0.001	0.01
1.294	0.040	0.001	0.01
1.296	0.040	0.001	0.01
1.298	0.040	0.001	0.01
1.300	0.040	0.001	0.01
1.302	0.020	0.001	0.01
1.304	0.020	0.001	0.01
1.306	0.040	0.001	0.01
1.308	0.040	0.001	0.01
1.310	0.040	0.001	0.01
1.312	0.040	0.001	0.01
1.314	0.040	0.001	0.01
1.316	0.040	0.001	0.01
1.318	0.020	0.001	0.01
1.320	0.020	0.001	0.01
1.322	0.040	0.001	0.01
1.324	0.040	0.001	0.01
1.326	0.040	0.001	0.01
1.328	0.040	0.001	0.01
1.330	0.040	0.001	0.01
1.332	0.040	0.001	0.01
1.334	0.040	0.001	0.01
1.336	0.040	0.001	0.01
1.338	0.040	0.001	0.01
1.340	0.040	0.001	0.01
1.342	0.040	0.001	0.01
1.344	0.040	0.001	0.01
1.346	0.020	0.001	0.01
1.348	0.020	0.001	0.01
1.350	0.040	0.001	0.01
1.352	0.040	0.001	0.01
1.354	0.020	0.001	0.01
1.356	0.020	0.001	0.01
1.358	0.040	0.001	0.01
1.360	0.040	0.001	0.01
1.362	0.040	0.001	0.01
1.364	0.040	0.001	0.01
1.366	0.040	0.001	0.01
1.368	0.040	0.001	0.01
1.370	0.060	0.001	0.01
1.372	0.060	0.001	0.01
1.374	0.040	0.001	0.01
1.376	0.040	0.001	0.01
1.378	0.080	0.001	0.01
1.380	0.080	0.001	0.01
1.382	0.080	0.001	0.01
1.384	0.080	0.001	0.01
1.386	0.120	0.001	0.01
1.388	0.120	0.001	0.01
1.390	0.180	0.001	0.01
1.392	0.400	0.001	0.01
1.394	0.340	0.001	0.01
1.396	0.340	0.001	0.01
1.398	0.480	0.001	0.01
1.400	0.480	0.001	0.01
1.402	0.580	0.001	0.01
1.404	0.920	0.001	0.01
1.406	0.820	0.001	0.01
1.408	1.220	0.001	0.01
1.410	1.020	0.001	0.01
1.412	1.640	0.001	0.01
1.414	1.320	0.001	0.01
1.416	1.920	0.001	0.01
1.418	1.800	0.001	0.01
1.420	2.040	0.001	0.01
1.422	2.000	0.001	0.01
1.424	2.000	0.001	0.01
1.426	1.880	0.001	0.01
1.428	1.880	0.001	0.01
1.430	1.860	0.001	0.01
1.432	1.860	0.001	0.01
1.434	2.000	0.001	0.01
1.436	2.520	0.001	0.01
1.438	2.340	0.001	0.01
1.440	2.660	0.001	0.01
1.442	2.600	0.001	0.01
1.444	2.600	0.001	0.01
1.446	2.520	0.001	0.01
1.448	2.280	0.001	0.01
1.450	2.340	0.001	0.01
1.452	2.340	0.001	0.01
1.454	2.260	0.001	0.01
1.456	1.780	0.001	0.01
1.458	1.860	0.001	0.01
1.460	1.640	0.001	0.01
1.462	1.680	0.001	0.01
1.464	1.680	0.001	0.01
1.466	1.600	0.001	0.01
1.468	1.600	0.001	0.01
1.470	1.600	0.001	0.01
1.472	1.600	0.001	0.01
1.474	1.460	0.001	0.01
1.476	1.460	0.001	0.01
1.478	1.320	0.001	0.01
1.480	1.320	0.001	0.01
1.482	1.240	0.001	0.01
1.484	1.240	0.001	0.01
1.486	1.160	0.001	0.01
1.488	1.160	0.001	0.01
1.490	1.100	0.001	0.01
1.492	1.100	0.001	0.01
1.494	1.080	0.001	0.01
1.496	1.080	0.001	0.01
1.498	1.060	0.001	0.01
1.500	1.060	0.001	0.01
1.502	1.040	0.001	0.01
1.504	1.040	0.001	0.01
1.506	1.020	0.001	0.01
1.508	1.020	0.001	0.01
1.510	0.960	0.001	0.01
1.512	0.960	0.001	0.01
1.514	0.860	0.001	0.01
1.516	0.860	0.001	0.01
1.518	0.840	0.001	0.01
1.520	0.840	0.001	0.01
1.522	0.780	0.001	0.01
1.524	0.780	0.001	0.01
1.526	0.720	0.001	0.01
1.528	0.720	0.001	0.01
1.530	0.680	0.001	0.01
1.532	0.680	0.001	0.01
1.534	0.660	0.001	0.01
1.536	0.660	0.001	0.01
1.538	0.600	0.001	0.01
1.540	0.600	0.001	0.01
1.542	0.580	0.001	0.01
1.544	0.580	0.001	0.01
1.546	0.500	0.001	0.01
1.548	0.500	0.001	0.01
1.550	0.500	0.001	0.01
1.552	0.500	0.001	0.01
1.554	0.480	0.001	0.01
1.556	0.480	0.001	0.01
1.558	0.440	0.001	0.01
1.560	0.440	0.001	0.01
1.562	0.440	0.001	0.01
1.564	0.440	0.001	0.01
1.566	0.440	0.001	0.01
1.568	0.440	0.001	0.01
1.570	0.420	0.001	0.01
1.572	0.420	0.001	0.01
1.574	0.400	0.001	0.01
1.576	0.400	0.001	0.01
1.578	0.380	0.001	0.01
1.580	0.380	0.001	0.01
1.582	0.380	0.001	0.01
1.584	0.380	0.001	0.01
1.586	0.360	0.001	0.01
1.588	0.360	0.001	0.01
1.590	0.360	0.001	0.01
1.592	0.360	0.001	0.01
1.594	0.340	0.001	0.01
1.596	0.340	0.001	0.01
1.598	0.340	0.001	0.01
1.600	0.340	0.001	0.01
1.602	0.320	0.001	0.01
1.604	0.320	0.001	0.01
1.606	0.340	0.001	0.01
1.608	0.340	0.001	0.01
1.610	0.280	0.001	0.01
1.612	0.280	0.001	0.01
1.614	0.300	0.001	0.01
1.616	0.300	0.001	0.01
1.618	0.280	0.001	0.01
1.620	0.280	0.001	0.01
1.622	0.320	0.001	0.01
1.624	0.320	0.001	0.01
1.626	0.280	0.001	0.01
1.628	0.280	0.001	0.01
1.630	0.280	0.001	0.01
1.632	0.280	0.001	0.01
1.634	0.280	0.001	0.01
1.636	0.280	0.001	0.01
1.638	0.260	0.001	0.01
1.640	0.260	0.001	0.01
1.642	0.280	0.001	0.01
1.644	0.280	0.001	0.01
1.646	0.260	0.001	0.01
1.648	0.260	0.001	0.01
1.650	0.260	0.001	0.01
1.652	0.260	0.001	0.01
1.654	0.240	0.001	0.01
1.656	0.240	0.001	0.01
1.658	0.240	0.001	0.01
1.660	0.240	0.001	0.01
1.662	0.240	0.001	0.01
1.664	0.240	0.001	0.01
1.666	0.220	0.001	0.01
1.668	0.220	0.001	0.01
1.670	0.200	0.001	0.01
1.672	0.200	0.001	0.01
1.674	0.240	0.001	0.01
1.676	0.240	0.001	0.01
1.678	0.240	0.001	0.01
1.680	0.240	0.001	0.01
1.682	0.200	0.001	0.01
1.684	0.200	0.001	0.01
1.686	0.200	0.001	0.01
1.688	0.200	0.001	0.01
1.690	0.200	0.001	0.01
1.692	0.200	0.001	0.01
1.694	0.200	0.001	0.01
1.696	0.200	0.001	0.01
1.698	0.180	0.001	0.01
1.700	0.180	0.001	0.01
1.702	0.200	0.001	0.01
1.704	0.200	0.001	0.01
1.706	0.180	0.001	0.01
1.708	0.180	0.001	0.01
1.710	0.180	0.001	0.01
1.712	0.180	0.001	0.01
1.714	0.160	0.001	0.01
1.716	0.160	0.001	0.01
1.718	0.200	0.001	0.01
1.720	0.200	0.001	0.01
1.722	0.180	0.001	0.01
1.724	0.180	0.001	0.01
1.726	0.180	0.001	0.01
1.728	0.180	0.001	0.01
1.730	0.160	0.001	0.01
1.732	0.160	0.001	0.01
1.734	0.140	0.001	0.01
1.736	0.140	0.001	0.01
1.738	0.180	0.001	0.01
1.740	0.180	0.001	0.01
1.742	0.160	0.001	0.01
1.744	0.160	0.001	0.01
1.746	0.160	0.001	0.01
1.748	0.160	0.001	0.01
1.750	0.160	0.001	0.01
1.752	0.160	0.001	0.01
1.754	0.140	0.001	0.01
1.756	0.140	0.001	0.01
1.758	0.140	0.001	0.01
1.760	0.140	0.001	0.01
1.762	0.140	0.001	0.01
1.764	0.140	0.001	0.01
1.766	0.140	0.001	0.01
1.768	0.140	0.001	0.01
1.770	0.160	0.001	0.01
1.772	0.160	0.001	0.01
1.774	0.140	0.001	0.01
1.776	0.140	0.001	0.01
1.778	0.120	0.001	0.01
1.780	0.120	0.001	0.01
1.782	0.140	0.001	0.01
1.784	0.140	0.001	0.01
1.786	0.140	0.001	0.01
1.788	0.140	0.001	0.01
1.790	0.140	0.001	0.01
1.792	0.140	0.001	0.01
1.794	0.120	0.001	0.01
1.796	0.120	0.001	0.01
1.798	0.120	0.001	0.01
1.800	0.120	0.001	0.01
1.802	0.120	0.001	0.01
1.804	0.120	0.001	0.01
1.806	0.120	0.001	0.01
1.808	0.120	0.001	0.01
1.810	0.120	0.001	0.01
1.812	0.120	0.001	0.01
1.814	0.120	0.001	0.01
1.816	0.120	0.001	0.01
1.818	0.120	0.001	0.01
1.820	0.120	0.001	0.01
1.822	0.140	0.001	0.01
1.824	0.140	0.001	0.01
1.826	0.120	0.001	0.01
1.828	0.120	0.001	0.01
1.830	0.120	0.001	0.01
1.832	0.120	0.001	0.01
1.834	0.120	0.001	0.01
1.836	0.120	0.001	0.01
1.838	0.120	0.001	0.01
1.840	0.120	0.001	0.01
1.842	0.120	0.001	0.01
1.844	0.120	0.001	0.01
1.846	0.100	0.001	0.01
1.848	0.100	0.001	0.01
1.850	0.120	0.001	0.01
1.852	0.120	0.001	0.01
1.854	0.100	0.001	0.01
1.856	0.100	0.001	0.01
1.858	0.120	0.001	0.01
1.860	0.120	0.001	0.01
1.862	0.120	0.001	0.01
1.864	0.120	0.001	0.01
1.866	0.120	0.001	0.01
1.868	0.120	0.001	0.01
1.870	0.100	0.001	0.01
1.872	0.100	0.001	0.01
1.874	0.120	0.001	0.01
1.876	0.120	0.001	0.01
1.878	0.120	0.001	0.01
1.880	0.120	0.001	0.01
1.882	0.120	0.001	0.01
1.884	0.120	0.001	0.01
1.886	0.100	0.001	0.01
1.888	0.100	0.001	0.01
1.890	0.100	0.001	0.01
1.892	0.100	0.001	0.01
1.894	0.100	0.001	0.01
1.896	0.100	0.001	0.01
1.898	0.100	0.001	0.01
1.900	0.100	0.001	0.01
1.902	0.100	0.001	0.01
1.904	0.100	0.001	0.01
1.906	0.100	0.001	0.01
1.908	0.100	0.001	0.01
1.910	0.080	0.001	0.01
1.912	0.080	0.001	0.01
1.914	0.100	0.001	0.01
1.916	0.100	0.001	0.01
1.918	0.100	0.001	0.01
1.920	0.100	0.001	0.01
1.922	0.100	0.001	0.01
1.924	0.100	0.001	0.01
1.926	0.080	0.001	0.01
1.928	0.080	0.001	0.01
1.930	0.100	0.001	0.01
1.932	0.100	0.001	0.01
1.934	0.100	0.001	0.01
1.936	0.100	0.001	0.01
1.938	0.100	0.001	0.01
1.940	0.100	0.001	0.01
1.942	0.080	0.001	0.01
1.944	0.080	0.001	0.01
1.946	0.100	0.001	0.01
1.948	0.100	0.001	0.01
1.950	0.080	0.001	0.01
1.952	0.080	0.001	0.01
1.954	0.100	0.001	0.01
1.956	0.100	0.001	0.01
1.958	0.100	0.001	0.01
1.960	0.100	0.001	0.01
1.962	0.080	0.001	0.01
1.964	0.080	0.001	0.01
1.966	0.080	0.001	0.01
1.968	0.080	0.001	0.01
1.970	0.080	0.001	0.01
1.972	0.080	0.001	0.01
1.974	0.080	0.001	0.01
1.976	0.080	0.001	0.01
1.978	0.080	0.001	0.01
1.980	0.080	0.001	0.01
1.982	0.080	0.001	0.01
1.984	0.080	0.001	0.01
1.986	0.040	0.001	0.01
1.988	0.040	0.001	0.01
1.990	0.080	0.001	0.01
1.992	0.080	0.001	0.01
1.994	0.080	0.001	0.01
1.996	0.080	0.001	0.01
1.998	0.080	0.001	0.01
2.000	0.080	0.001	0.01
2.002	0.080	0.001	0.01
2.004	0.080	0.001	0.01
2.006	0.080	0.001	0.01
2.008	0.080	0.001	0.01
2.010	0.100	0.001	0.01
2.012	0.100	0.001	0.01
2.014	0.080	0.001	0.01
2.016	0.080	0.001	0.01
2.018	0.080	0.001	0.01
2.020	0.080	0.001	0.01
2.022	0.080	0.001	0.01
2.024	0.080	0.001	0.01
2.026	0.080	0.001	0.01
2.028	0.080	0.001	0.01
2.030	0.060	0.001	0.01
2.032	0.060	0.001	0.01
2.034	0.100	0.001	0.01
2.036	0.100	0.001	0.01
2.038	0.060	0.001	0.01
2.040	0.060	0.001	0.01
2.042	0.080	0.001	0.01
2.044	0.080	0.001	0.01
2.046	0.080	0.001	0.01
2.048	0.080	0.001	0.01
2.050	0.040	0.001	0.01
2.052	0.040	0.001	0.01
2.054	0.080	0.001	0.01
2.056	0.080	0.001	0.01
2.058	0.080	0.001	0.01
2.060	0.080	0.001	0.01
2.062	0.060	0.001	0.01
2.064	0.060	0.001	0.01
2.066	0.080	0.001	0.01
2.068	0.080	0.001	0.01
2.070	0.040	0.001	0.01
2.072	0.040	0.001	0.01
2.074	0.080	0.001	0.01
2.076	0.080	0.001	0.01
2.078	0.060	0.001	0.01
2.080	0.060	0.001	0.01
2.082	0.080	0.001	0.01
2.084	0.080	0.001	0.01
2.086	0.040	0.001	0.01
2.088	0.040	0.001	0.01
2.090	0.080	0.001	0.01
2.092	0.080	0.001	0.01
2.094	0.060	0.001	0.01
2.096	0.060	0.001	0.01
2.098	0.060	0.001	0.01
2.100	0.060	0.001	0.01
2.102	0.080	0.001	0.01
2.104	0.080	0.001	0.01
2.106	0.080	0.001	0.01
2.108	0.080	0.001	0.01
2.110	0.080	0.001	0.01
2.112	0.080	0.001	0.01
2.114	0.080	0.001	0.01
2.116	0.080	0.001	0.01
2.118	0.080	0.001	0.01
2.120	0.080	0.001	0.01
2.122	0.080	0.001	0.01
2.124	0.080	0.001	0.01
2.126	0.060	0.001	0.01
2.128	0.060	0.001	0.01
2.130	0.040	0.001	0.01
2.132	0.040	0.001	0.01
2.134	0.060	0.001	0.01
2.136	0.060	0.001	0.01
2.138	0.060	0.001	0.01
2.140	0.060	0.001	0.01
2.142	0.040	0.001	0.01
2.144	0.040	0.001	0.01
2.146	0.040	0.001	0.01
2.148	0.040	0.001	0.01
2.150	0.060	0.001	0.01
2.152	0.060	0.001	0.01
2.154	0.060	0.001	0.01
2.156	0.060	0.001	0.01
2.158	0.040	0.001	0.01
2.160	0.040	0.001	0.01
2.162	0.040	0.001	0.01
2.164	0.040	0.001	0.01
2.166	0.040	0.001	0.01
2.168	0.040	0.001	0.01
2.170	0.040	0.001	0.01
2.172	0.040	0.001	0.01
2.174	0.060	0.001	0.01
2.176	0.060	0.001	0.01
2.178	0.060	0.001	0.01
2.180	0.060	0.001	0.01
2.182	0.080	0.001	0.01
2.184	0.080	0.001	0.01
2.186	0.040	0.001	0.01
2.188	0.040	0.001	0.01
2.190	0.060	0.001	0.01
2.192	0.060	0.001	0.01
2.194	0.040	0.001	0.01
2.196	0.040	0.001	0.01
2.198	0.040	0.001	0.01
2.200	0.040	0.001	0.01
2.202	0.040	0.001	0.01
2.204	0.040	0.001	0.01
2.206	0.040	0.001	0.01
2.208	0.040	0.001	0.01
2.210	0.060	0.001	0.01
2.212	0.060	0.001	0.01
2.214	0.040	0.001	0.01
2.216	0.040	0.001	0.01
2.218	0.020	0.001	0.01
2.220	0.020	0.001	0.01
2.222	0.040	0.001	0.01
2.224	0.040	0.001	0.01
2.226	0.040	0.001	0.01
2.228	0.040	0.001	0.01
2.230	0.040	0.001	0.01
2.232	0.040	0.001	0.01
2.234	0.040	0.001	0.01
2.236	0.040	0.001	0.01
2.238	0.020	0.001	0.01
2.240	0.020	0.001	0.01
2.242	0.040	0.001	0.01
2.244	0.040	0.001	0.01
2.246	0.040	0.001	0.01
2.248	0.040	0.001	0.01
2.250	0.040	0.001	0.01
2.252	0.040	0.001	0.01
2.254	0.040	0.001	0.01
2.256	0.040	0.001	0.01
2.258	0.040	0.001	0.01
2.260	0.040	0.001	0.01
2.262	0.060	0.001	0.01
2.264	0.060	0.001	0.01
2.266	0.040	0.001	0.01
2.268	0.040	0.001	0.01
2.270	0.040	0.001	0.01
2.272	0.040	0.001	0.01
2.274	0.040	0.001	0.01
2.276	0.040	0.001	0.01
2.278	0.040	0.001	0.01
2.280	0.040	0.001	0.01
2.282	0.060	0.001	0.01
2.284	0.060	0.001	0.01
2.286	0.060	0.001	0.01
2.288	0.060	0.001	0.01
2.290	0.040	0.001	0.01
2.292	0.040	0.001	0.01
2.294	0.040	0.001	0.01
2.296	0.040	0.001	0.01
2.298	0.040	0.001	0.01
2.300	0.040	0.001	0.01
2.302	0.040	0.001	0.01
2.304	0.040	0.001	0.01
2.306	0.040	0.001	0.01
2.308	0.040	0.001	0.01
2.310	0.040	0.001	0.01
2.312	0.040	0.001	0.01
2.314	0.040	0.001	0.01
2.316	0.040	0.001	0.01
2.318	0.040	0.001	0.01
2.320	0.040	0.001	0.01
2.322	0.040	0.001	0.01
2.324	0.040	0.001	0.01
2.326	0.060	0.001	0.01
2.328	0.060	0.001	0.01
2.330	0.020	0.001	0.01
2.332	0.020	0.001	0.01
2.334	0.020	0.001	0.01
2.336	0.020	0.001	0.01
2.338	0.060	0.001	0.01
2.340	0.060	0.001	0.01
2.342	0.060	0.001	0.01
2.344	0.060	0.001	0.01
2.346	0.040	0.001	0.01
2.348	0.040	0.001	0.01
2.350	0.040	0.001	0.01
2.352	0.040	0.001	0.01
2.354	0.040	0.001	0.01
2.356	0.040	0.001	0.01
2.358	0.060	0.001	0.01
2.360	0.060	0.001	0.01
2.362	0.040	0.001	0.01
2.364	0.040	0.001	0.01
2.366	0.040	0.001	0.01
2.368	0.040	0.001	0.01
2.370	0.040	0.001	0.01
2.372	0.040	0.001	0.01
2.374	0.040	0.001	0.01
2.376	0.040	0.001	0.01
2.378	0.040	0.001	0.01
2.380	0.040	0.001	0.01
2.382	0.040	0.001	0.01
2.384	0.040	0.001	0.01
2.386	0.040	0.001	0.01
2.388	0.040	0.001	0.01
2.390	0.040	0.001	0.01
2.392	0.040	0.001	0.01
2.394	0.040	0.001	0.01
2.396	0.040	0.001	0.01
2.398	0.040	0.001	0.01
2.400	0.040	0.001	0.01
2.402	0.040	0.001	0.01
2.404	0.040	0.001	0.01
2.406	0.040	0.001	0.01
2.408	0.040	0.001	0.01
2.410	0.040	0.001	0.01
2.412	0.040	0.001	0.01
2.414	0.040	0.001	0.01
2.416	0.040	0.001	0.01
2.418	0.040	0.001	0.01
2.420	0.040	0.001	0.01
2.422	0.040	0.001	0.01
2.424	0.040	0.001	0.01
2.426	0.040	0.001	0.01
2.428	0.040	0.001	0.01
2.430	0.040	0.001	0.01
2.432	0.040	0.001	0.01
2.434	0.040	0.001	0.01
2.436	0.040	0.001	0.01
2.438	0.040	0.001	0.01
2.440	0.040	0.001	0.01
2.442	0.040	0.001	0.01
2.444	0.040	0.001	0.01
2.446	0.040	0.001	0.01
2.448	0.040	0.001	0.01
2.450	0.020	0.001	0.01
2.452	0.020	0.001	0.01
2.454	0.040	0.001	0.01
2.456	0.040	0.001	0.01
2.458	0.020	0.001	0.01
2.460	0.020	0.001	0.01
2.462	0.040	0.001	0.01
2.464	0.040	0.001	0.01
2.466	0.040	0.001	0.01
2.468	0.040	0.001	0.01
2.470	0.040	0.001	0.01
2.472	0.040	0.001	0.01
2.474	0.040	0.001	0.01
2.476	0.040	0.001	0.01
2.478	0.020	0.001	0.01
2.480	0.020	0.001	0.01
2.482	0.040	0.001	0.01
2.484	0.040	0.001	0.01
2.486	0.020	0.001	0.01
2.488	0.020	0.001	0.01
2.490	0.020	0.001	0.01
2.492	0.020	0.001	0.01
2.494	0.040	0.001	0.01
2.496	0.040	0.001	0.01
2.498	0.040	0.001	0.01
2.500	0.040	0.001	0.01
2.502	0.040	0.001	0.01
2.504	0.040	0.001	0.01
2.506	0.040	0.001	0.01
2.508	0.040	0.001	0.01
2.510	0.040	0.001	0.01
2.512	0.040	0.001	0.01
2.514	0.020	0.001	0.01
2.516	0.020	0.001	0.01
2.518	0.020	0.001	0.01
2.520	0.020	0.001	0.01
2.522	0.040	0.001	0.01
2.524	0.040	0.001	0.01
2.526	0.040	0.001	0.01
2.528	0.040	0.001	0.01
2.530	0.020	0.001	0.01
2.532	0.020	0.001	0.01
2.534	0.040	0.001	0.01
2.536	0.040	0.001	0.01
2.538	0.020	0.001	0.01
2.540	0.020	0.001	0.01
2.542	0.040	0.001	0.01
2.544	0.040	0.001	0.01
2.546	0.040	0.001	0.01
2.548	0.040	0.001	0.01
2.550	0.040	0.001	0.01
2.552	0.040	0.001	0.01
2.554	0.020	0.001	0.01
2.556	0.020	0.001	0.01
2.558	0.040	0.001	0.01
2.560	0.040	0.001	0.01
2.562	0.020	0.001	0.01
2.564	0.020	0.001	0.01
2.566	0.020	0.001	0.01
2.568	0.020	0.001	0.01
2.570	0.020	0.001	0.01
2.572	0.020	0.001	0.01
2.574	0.020	0.001	0.01
2.576	0.020	0.001	0.01
2.578	0.020	0.001	0.01
2.580	0.020	0.001	0.01
2.582	0.020	0.001	0.01
2.584	0.020	0.001	0.01
2.586	0.040	0.001	0.01
2.588	0.040	0.001	0.01
2.590	0.020	0.001	0.01
2.592	0.020	0.001	0.01
2.594	0.040	0.001	0.01
2.596	0.040	0.001	0.01
2.598	0.040	0.001	0.01
2.600	0.040	0.001	0.01
2.602	0.020	0.001	0.01
2.604	0.020	0.001	0.01
2.606	0.020	0.001	0.01
2.608	0.020	0.001	0.01
2.610	0.040	0.001	0.01
2.612	0.040	0.001	0.01
2.614	0.020	0.001	0.01
2.616	0.020	0.001	0.01
2.618	0.020	0.001	0.01
2.620	0.020	0.001	0.01
2.622	0.020	0.001	0.01
2.624	0.020	0.001	0.01
2.626	0.040	0.001	0.01
2.628	0.040	0.001	0.01
2.630	0.040	0.001	0.01
2.632	0.040	0.001	0.01
2.634	0.020	0.001	0.01
2.636	0.020	0.001	0.01
2.638	0.020	0.001	0.01
2.640	0.020	0.001	0.01
2.642	0.040	0.001	0.01
2.644	0.040	0.001	0.01
2.646	0.020	0.001	0.01
2.648	0.020	0.001	0.01
2.650	0.040	0.001	0.01
2.652	0.040	0.001	0.01
2.654	0.040	0.001	0.01
2.656	0.040	0.001	0.01
2.658	0.020	0.001	0.01
2.660	0.020	0.001	0.01
2.662	0.040	0.001	0.01
2.664	0.040	0.001	0.01
2.666	0.020	0.001	0.01
2.668	0.020	0.001	0.01
2.670	0.040	0.001	0.01
2.672	0.040	0.001	0.01
2.674	0.020	0.001	0.01
2.676	0.020	0.001	0.01
2.678	0.020	0.001	0.01
2.680	0.020	0.001	0.01
2.682	0.020	0.001	0.01
2.684	0.020	0.001	0.01
2.686	0.000	0.001	0.01
2.688	0.000	0.001	0.01
2.690	0.040	0.001	0.01
2.692	0.040	0.001	0.01
2.694	0.020	0.001	0.01
2.696	0.020	0.001	0.01
2.698	0.020	0.001	0.01
2.700	0.020	0.001	0.01
2.702	0.040	0.001	0.01
2.704	0.040	0.001	0.01
2.706	0.040	0.001	0.01
2.708	0.040	0.001	0.01
2.710	0.040	0.001	0.01
2.712	0.040	0.001	0.01
2.714	0.020	0.001	0.01
2.716	0.020	0.001	0.01
2.718	0.020	0.001	0.01
2.720	0.020	0.001	0.01
2.722	0.000	0.001	0.01
2.724	0.000	0.001	0.01
2.726	0.020	0.001	0.01
2.728	0.020	0.001	0.01
2.730	0.040	0.001	0.01
2.732	0.040	0.001	0.01
2.734	0.020	0.001	0.01
2.736	0.020	0.001	0.01
2.738	0.020	0.001	0.01
2.740	0.020	0.001	0.01
2.742	0.040	0.001	0.01
2.744	0.040	0.001	0.01
2.746	0.020	0.001	0.01
2.748	0.020	0.001	0.01
2.750	0.020	0.001	0.01
2.752	0.020	0.001	0.01
2.754	0.040	0.001	0.01
2.756	0.040	0.001	0.01
2.758	0.020	0.001	0.01
2.760	0.020	0.001	0.01
2.762	0.020	0.001	0.01
2.764	0.020	0.001	0.01
2.766	0.020	0.001	0.01
2.768	0.020	0.001	0.01
2.770	0.040	0.001	0.01
2.772	0.040	0.001	0.01
2.774	0.020	0.001	0.01
2.776	0.020	0.001	0.01
2.778	0.040	0.001	0.01
2.780	0.040	0.001	0.01
2.782	0.020	0.001	0.01
2.784	0.020	0.001	0.01
2.786	0.020	0.001	0.01
2.788	0.020	0.001	0.01
2.790	0.020	0.001	0.01
2.792	0.020	0.001	0.01
2.794	0.040	0.001	0.01
2.796	0.040	0.001	0.01
2.798	0.040	0.001	0.01
2.800	0.040	0.001	0.01
2.802	0.020	0.001	0.01
2.804	0.020	0.001	0.01
2.806	0.020	0.001	0.01
2.808	0.020	0.001	0.01
2.810	0.040	0.001	0.01
2.812	0.040	0.001	0.01
2.814	0.020	0.001	0.01
2.816	0.020	0.001	0.01
2.818	0.020	0.001	0.01
2.820	0.020	0.001	0.01
2.822	0.040	0.001	0.01
2.824	0.040	0.001	0.01
2.826	0.040	0.001	0.01
2.828	0.040	0.001	0.01
2.830	0.020	0.001	0.01
2.832	0.020	0.001	0.01
2.834	0.020	0.001	0.01
2.836	0.020	0.001	0.01
2.838	0.020	0.001	0.01
2.840	0.020	0.001	0.01
2.842	0.000	0.001	0.01
2.844	0.000	0.001	0.01
2.846	0.020	0.001	0.01
2.848	0.020	0.001	0.01
2.850	0.040	0.001	0.01
2.852	0.040	0.001	0.01
2.854	0.020	0.001	0.01
2.856	0.020	0.001	0.01
2.858	0.040	0.001	0.01
2.860	0.040	0.001	0.01
2.862	0.020	0.001	0.01
2.864	0.020	0.001	0.01
2.866	0.020	0.001	0.01
2.868	0.020	0.001	0.01
2.870	0.020	0.001	0.01
2.872	0.020	0.001	0.01
2.874	0.020	0.001	0.01
2.876	0.020	0.001	0.01
2.878	0.020	0.001	0.01
2.880	0.020	0.001	0.01
2.882	0.040	0.001	0.01
2.884	0.040	0.001	0.01
2.886	0.020	0.001	0.01
2.888	0.020	0.001	0.01
2.890	0.020	0.001	0.01
2.892	0.020	0.001	0.01
2.894	0.000	0.001	0.01
2.896	0.000	0.001	0.01
2.898	0.020	0.001	0.01
2.900	0.020	0.001	0.01
2.902	0.020	0.001	0.01
2.904	0.020	0.001	0.01
2.906	0.020	0.001	0.01
2.908	0.020	0.001	0.01
2.910	0.020	0.001	0.01
2.912	0.020	0.001	0.01
2.914	0.020	0.001	0.01
2.916	0.020	0.001	0.01
2.918	0.020	0.001	0.01
2.920	0.020	0.001	0.01
2.922	0.020	0.001	0.01
2.924	0.020	0.001	0.01
2.926	0.040	0.001	0.01
2.928	0.040	0.001	0.01
2.930	0.040	0.001	0.01
2.932	0.040	0.001	0.01
2.934	0.000	0.001	0.01
2.936	0.000	0.001	0.01
2.938	0.040	0.001	0.01
2.940	0.040	0.001	0.01
2.942	0.040	0.001	0.01
2.944	0.040	0.001	0.01
2.946	0.020	0.001	0.01
2.948	0.020	0.001	0.01
2.950	0.040	0.001	0.01
2.952	0.040	0.001	0.01
2.954	0.020	0.001	0.01
2.956	0.020	0.001	0.01
2.958	0.020	0.001	0.01
2.960	0.020	0.001	0.01
2.962	0.020	0.001	0.01
2.964	0.020	0.001	0.01
2.966	0.020	0.001	0.01
2.968	0.020	0.001	0.01
2.970	0.040	0.001	0.01
2.972	0.040	0.001	0.01
2.974	0.020	0.001	0.01
2.976	0.020	0.001	0.01
2.978	0.040	0.001	0.01
2.980	0.040	0.001	0.01
2.982	0.040	0.001	0.01
2.984	0.040	0.001	0.01
2.986	0.020	0.001	0.01
2.988	0.020	0.001	0.01
2.990	0.020	0.001	0.01
2.992	0.020	0.001	0.01
2.994	0.020	0.001	0.01
2.996	0.020	0.001	0.01
2.998	0.040	0.001	0.01
3.000	0.040	0.001	0.01
3.002	0.040	0.001	0.01
3.004	0.040	0.001	0.01
3.006	0.020	0.001	0.01
3.008	0.020	0.001	0.01
3.010	0.040	0.001	0.01
3.012	0.040	0.001	0.01
3.014	0.020	0.001	0.01
3.016	0.020	0.001	0.01
3.018	0.040	0.001	0.01
3.020	0.040	0.001	0.01
3.022	0.040	0.001	0.01
3.024	0.040	0.001	0.01
3.026	0.020	0.001	0.01
3.028	0.020	0.001	0.01
3.030	0.020	0.001	0.01
3.032	0.020	0.001	0.01
3.034	0.040	0.001	0.01
3.036	0.040	0.001	0.01
3.038	0.040	0.001	0.01
3.040	0.040	0.001	0.01
3.042	0.020	0.001	0.01
3.044	0.020	0.001	0.01
3.046	0.020	0.001	0.01
3.048	0.020	0.001	0.01
3.050	0.040	0.001	0.01
3.052	0.040	0.001	0.01
3.054	0.040	0.001	0.01
3.056	0.040	0.001	0.01
3.058	0.040	0.001	0.01
3.060	0.040	0.001	0.01
3.062	0.020	0.001	0.01
3.064	0.020	0.001	0.01
3.066	0.020	0.001	0.01
3.068	0.020	0.001	0.01
3.070	0.040	0.001	0.01
3.072	0.040	0.001	0.01
3.074	0.020	0.001	0.01
3.076	0.020	0.001	0.01
3.078	0.020	0.001	0.01
3.080	0.020	0.001	0.01
3.082	0.020	0.001	0.01
3.084	0.020	0.001	0.01
3.086	0.020	0.001	0.01
3.088	0.020	0.001	0.01
3.090	0.040	0.001	0.01
3.092	0.040	0.001	0.01
3.094	0.020	0.001	0.01
3.096	0.020	0.001	0.01
3.098	0.020	0.001	0.01
3.100	0.020	0.001	0.01
3.102	0.020	0.001	0.01
3.104	0.020	0.001	0.01
3.106	0.020	0.001	0.01
3.108	0.020	0.001	0.01
3.110	0.020	0.001	0.01
3.112	0.020	0.001	0.01
3.114	0.040	0.001	0.01
3.116	0.040	0.001	0.01
3.118	0.040	0.001	0.01
3.120	0.040	0.001	0.01
3.122	0.040	0.001	0.01
3.124	0.040	0.001	0.01
3.126	0.020	0.001	0.01
3.128	0.020	0.001	0.01
3.130	0.020	0.001	0.01
3.132	0.020	0.001	0.01
3.134	0.020	0.001	0.01
3.136	0.020	0.001	0.01
3.138	0.020	0.001	0.01
3.140	0.020	0.001	0.01
3.142	0.020	0.001	0.01
3.144	0.020	0.001	0.01
3.146	0.020	0.001	0.01
3.148	0.020	0.001	0.01
3.150	0.040	0.001	0.01
3.152	0.040	0.001	0.01
3.154	0.020	0.001	0.01
3.156	0.020	0.001	0.01
3.158	0.020	0.001	0.01
3.160	0.020	0.001	0.01
3.162	0.040	0.001	0.01
3.164	0.040	0.001	0.01
3.166	0.020	0.001	0.01
3.168	0.020	0.001	0.01
3.170	0.020	0.001	0.01
3.172	0.020	0.001	0.01
3.174	0.020	0.001	0.01
3.176	0.020	0.001	0.01
3.178	0.040	0.001	0.01
3.180	0.040	0.001	0.01
3.182	0.020	0.001	0.01
3.184	0.020	0.001	0.01
3.186	0.040	0.001	0.01
3.188	0.040	0.001	0.01
3.190	0.040	0.001	0.01
3.192	0.040	0.001	0.01
3.194	0.020	0.001	0.01
3.196	0.020	0.001	0.01
3.198	0.040	0.001	0.01
3.200	0.040	0.001	0.01
3.202	0.000	0.001	0.01
3.204	0.000	0.001	0.01
3.206	0.040	0.001	0.01
3.208	0.040	0.001	0.01
3.210	0.020	0.001	0.01
3.212	0.020	0.001	0.01
3.214	0.040	0.001	0.01
3.216	0.040	0.001	0.01
3.218	0.040	0.001	0.01
3.220	0.040	0.001	0.01
3.222	0.020	0.001	0.01
3.224	0.020	0.001	0.01
3.226	0.040	0.001	0.01
3.228	0.040	0.001	0.01
3.230	0.020	0.001	0.01
3.232	0.020	0.001	0.01
3.234	0.040	0.001	0.01
3.236	0.040	0.001	0.01
3.238	0.020	0.001	0.01
3.240	0.020	0.001	0.01
3.242	0.000	0.001	0.01
3.244	0.000	0.001	0.01
3.246	0.040	0.001	0.01
3.248	0.040	0.001	0.01
3.250	0.000	0.001	0.01
3.252	0.000	0.001	0.01
3.254	0.040	0.001	0.01
3.256	0.040	0.001	0.01
3.258	0.000	0.001	0.01
3.260	0.000	0.001	0.01
3.262	0.040	0.001	0.01
3.264	0.040	0.001	0.01
3.266	0.020	0.001	0.01
3.268	0.020	0.001	0.01
3.270	0.020	0.001	0.01
3.272	0.020	0.001	0.01
3.274	0.020	0.001	0.01
3.276	0.020	0.001	0.01
3.278	0.020	0.001	0.01
3.280	0.020	0.001	0.01
3.282	0.020	0.001	0.01
3.284	0.020	0.001	0.01
3.286	0.000	0.001	0.01
3.288	0.000	0.001	0.01
3.290	0.020	0.001	0.01
3.292	0.020	0.001	0.01
3.294	0.040	0.001	0.01
3.296	0.040	0.001	0.01
3.298	0.020	0.001	0.01
3.300	0.020	0.001	0.01
3.302	0.040	0.001	0.01
3.304	0.040	0.001	0.01
3.306	0.040	0.001	0.01
3.308	0.040	0.001	0.01
3.310	0.020	0.001	0.01
3.312	0.020	0.001	0.01
3.314	0.020	0.001	0.01
3.316	0.020	0.001	0.01
3.318	0.020	0.001	0.01
3.320	0.020	0.001	0.01
3.322	0.020	0.001	0.01
3.324	0.020	0.001	0.01
3.326	0.020	0.001	0.01
3.328	0.020	0.001	0.01
3.330	0.020	0.001	0.01
3.332	0.020	0.001	0.01
3.334	0.040	0.001	0.01
3.336	0.040	0.001	0.01
3.338	0.020	0.001	0.01
3.340	0.020	0.001	0.01
3.342	0.040	0.001	0.01
3.344	0.040	0.001	0.01
3.346	0.040	0.001	0.01
3.348	0.040	0.001	0.01
3.350	0.040	0.001	0.01
3.352	0.040	0.001	0.01
3.354	0.040	0.001	0.01
3.356	0.040	0.001	0.01
3.358	0.040	0.001	0.01
3.360	0.040	0.001	0.01
3.362	0.040	0.001	0.01
3.364	0.040	0.001	0.01
3.366	0.020	0.001	0.01
3.368	0.020	0.001	0.01
3.370	0.040	0.001	0.01
3.372	0.040	0.001	0.01
3.374	0.040	0.001	0.01
3.376	0.040	0.001	0.01
3.378	0.040	0.001	0.01
3.380	0.040	0.001	0.01
3.382	0.040	0.001	0.01
3.384	0.040	0.001	0.01
3.386	0.040	0.001	0.01
3.388	0.040	0.001	0.01
3.390	0.040	0.001	0.01
3.392	0.040	0.001	0.01
3.394	0.020	0.001	0.01
3.396	0.020	0.001	0.01
3.398	0.040	0.001	0.01
3.400	0.040	0.001	0.01
3.402	0.020	0.001	0.01
3.404	0.020	0.001	0.01
3.406	0.060	0.001	0.01
3.408	0.060	0.001	0.01
3.410	0.040	0.001	0.01
3.412	0.040	0.001	0.01
3.414	0.040	0.001	0.01
3.416	0.040	0.001	0.01
3.418	0.060	0.001	0.01
3.420	0.060	0.001	0.01
3.422	0.040	0.001	0.01
3.424	0.040	0.001	0.01
3.426	0.100	0.001	0.01
3.428	0.100	0.001	0.01
3.430	0.080	0.001	0.01
3.432	0.080	0.001	0.01
3.434	0.120	0.001	0.01
3.436	0.120	0.001	0.01
3.438	0.200	0.001	0.01
3.440	0.460	0.001	0.01
3.442	0.380	0.001	0.01
3.444	0.680	0.001	0.01
3.446	0.680	0.001	0.01
3.448	0.680	0.001	0.01
3.450	0.800	0.001	0.01
3.452	1.180	0.001	0.01
3.454	1.040	0.001	0.01
3.456	1.580	0.001	0.01
3.458	1.480	0.001	0.01
3.460	1.900	0.001	0.01
3.462	1.880	0.001	0.01
3.464	1.880	0.001	0.01
3.466	1.760	0.001	0.01
3.468	1.760	0.001	0.01
3.470	1.720	0.001	0.01
3.472	2.040	0.001	0.01
3.474	1.960	0.001	0.01
3.476	2.340	0.001	0.01
3.478	2.220	0.001	0.01
3.480	2.220	0.001	0.01
3.482	2.280	0.001	0.01
3.484	2.040	0.001	0.01
3.486	2.100	0.001	0.01
3.488	1.780	0.001	0.01
3.490	1.840	0.001	0.01
3.492	1.500	0.001	0.01
3.494	1.540	0.001	0.01
3.496	1.540	0.001	0.01
3.498	1.460	0.001	0.01
3.500	1.460	0.001	0.01
3.502	1.460	0.001	0.01
3.504	1.240	0.001	0.01
3.506	1.280	0.001	0.01
3.508	1.280	0.001	0.01
3.510	1.160	0.001	0.01
3.512	1.160	0.001	0.01
3.514	1.060	0.001	0.01
3.516	1.060	0.001	0.01
3.518	1.040	0.001	0.01
3.520	1.040	0.001	0.01
3.522	0.960	0.001	0.01
3.524	0.960	0.001	0.01
3.526	0.960	0.001	0.01
3.528	0.960	0.001	0.01
3.530	0.920	0.001	0.01
3.532	0.920	0.001	0.01
3.534	0.880	0.001	0.01
3.536	0.880	0.001	0.01
3.538	0.840	0.001	0.01
3.540	0.840	0.001	0.01
3.542	0.740	0.001	0.01
3.544	0.740	0.001	0.01
3.546	0.680	0.001	0.01
3.548	0.680	0.001	0.01
3.550	0.660	0.001	0.01
3.552	0.660	0.001	0.01
3.554	0.600	0.001	0.01
3.556	0.600	0.001	0.01
3.558	0.560	0.001	0.01
3.560	0.560	0.001	0.01
3.562	0.520	0.001	0.01
3.564	0.520	0.001	0.01
3.566	0.480	0.001	0.01
3.568	0.480	0.001	0.01
3.570	0.460	0.001	0.01
3.572	0.460	0.001	0.01
3.574	0.420	0.001	0.01
3.576	0.420	0.001	0.01
3.578	0.440	0.001	0.01
3.580	0.440	0.001	0.01
3.582	0.380	0.001	0.01
3.584	0.380	0.001	0.01
3.586	0.340	0.001	0.01
3.588	0.340	0.001	0.01
3.590	0.380	0.001	0.01
3.592	0.380	0.001	0.01
3.594	0.340	0.001	0.01
3.596	0.340	0.001	0.01
3.598	0.360	0.001	0.01
3.600	0.360	0.001	0.01
3.602	0.320	0.001	0.01
3.604	0.320	0.001	0.01
3.606	0.340	0.001	0.01
3.608	0.340	0.001	0.01
3.610	0.300	0.001	0.01
3.612	0.300	0.001	0.01
3.614	0.320	0.001	0.01
3.616	0.320	0.001	0.01
3.618	0.340	0.001	0.01
3.620	0.340	0.001	0.01
3.622	0.320	0.001	0.01
3.624	0.320	0.001	0.01
3.626	0.320	0.001	0.01
3.628	0.320	0.001	0.01
3.630	0.360	0.001	0.01
3.632	0.360	0.001	0.01
3.634	0.360	0.001	0.01
3.636	0.360	0.001	0.01
3.638	0.340	0.001	0.01
3.640	0.340	0.001	0.01
3.642	0.360	0.001	0.01
3.644	0.360	0.001	0.01
3.646	0.360	0.001	0.01
3.648	0.360	0.001	0.01
3.650	0.380	0.001	0.01
3.652	0.380	0.001	0.01
3.654	0.380	0.001	0.01
3.656	0.380	0.001	0.01
3.658	0.400	0.001	0.01
3.660	0.400	0.001	0.01
3.662	0.420	0.001	0.01
3.664	0.420	0.001	0.01
3.666	0.440	0.001	0.01
3.668	0.440	0.001	0.01
3.670	0.440	0.001	0.01
3.672	0.440	0.001	0.01
3.674	0.440	0.001	0.01
3.676	0.440	0.001	0.01
3.678	0.480	0.001	0.01
3.680	0.480	0.001	0.01
3.682	0.500	0.001	0.01
3.684	0.500	0.001	0.01
3.686	0.520	0.001	0.01
3.688	0.520	0.001	0.01
3.690	0.520	0.001	0.01
3.692	0.520	0.001	0.01
3.694	0.600	0.001	0.01
3.696	0.600	0.001	0.01
3.698	0.600	0.001	0.01
3.700	0.600	0.001	0.01
3.702	0.660	0.001	0.01
3.704	0.660	0.001	0.01
3.706	0.680	0.001	0.01
3.708	0.680	0.001	0.01
3.710	0.720	0.001	0.01
3.712	0.720	0.001	0.01
3.714	0.760	0.001	0.01
3.716	0.760	0.001	0.01
3.718	0.780	0.001	0.01
3.720	0.780	0.001	0.01
3.722	0.860	0.001	0.01
3.724	0.860	0.001	0.01
3.726	0.880	0.001	0.01
3.728	0.880	0.001	0.01
3.730	0.900	0.001	0.01
3.732	0.900	0.001	0.01
3.734	0.960	0.001	0.01
3.736	0.960	0.001	0.01
3.738	0.980	0.001	0.01
3.740	0.980	0.001	0.01
3.742	0.960	0.001	0.01
3.744	0.960	0.001	0.01
3.746	1.000	0.001	0.01
3.748	1.000	0.001	0.01
3.750	1.040	0.001	0.01
3.752	1.040	0.001	0.01
3.754	1.100	0.001	0.01
3.756	1.100	0.001	0.01
3.758	1.160	0.001	0.01
3.760	1.160	0.001	0.01
3.762	1.260	0.001	0.01
3.764	1.260	0.001	0.01
3.766	1.440	0.001	0.01
3.768	1.440	0.001	0.01
3.770	1.480	0.001	0.01
3.772	1.480	0.001	0.01
3.774	1.480	0.001	0.01
3.776	1.480	0.001	0.01
3.778	1.560	0.001	0.01
3.780	1.800	0.001	0.01
3.782	1.680	0.001	0.01
3.784	2.000	0.001	0.01
3.786	1.940	0.001	0.01
3.788	1.940	0.001	0.01
3.790	1.960	0.001	0.01
3.792	2.200	0.001	0.01
3.794	2.120	0.001	0.01
3.796	2.360	0.001	0.01
3.798	2.360	0.001	0.01
3.800	2.040	0.001	0.01
3.802	2.200	0.001	0.01
3.804	1.860	0.001	0.01
3.806	2.020	0.001	0.01
3.808	1.720	0.001	0.01
3.810	1.760	0.001	0.01
3.812	1.760	0.001	0.01
3.814	1.720	0.001	0.01
3.816	1.720	0.001	0.01
3.818	1.920	0.001	0.01
3.820	1.540	0.001	0.01
3.822	1.880	0.001	0.01
3.824	1.340	0.001	0.01
3.826	1.480	0.001	0.01
3.828	1.000	0.001	0.01
3.830	1.260	0.001	0.01
3.832	0.820	0.001	0.01
3.834	0.840	0.001	0.01
3.836	0.580	0.001	0.01
3.838	0.740	0.001	0.01
3.840	0.480	0.001	0.01
3.842	0.520	0.001	0.01
3.844	0.520	0.001	0.01
3.846	0.400	0.001	0.01
3.848	0.140	0.001	0.01
3.850	0.200	0.001	0.01
3.852	0.200	0.001	0.01
3.854	0.160	0.001	0.01
3.856	0.160	0.001	0.01
3.858	0.080	0.001	0.01
3.860	0.080	0.001	0.01
3.862	0.040	0.001	0.01
3.864	0.040	0.001	0.01
3.866	0.060	0.001	0.01
3.868	0.060	0.001	0.01
3.870	0.040	0.001	0.01
3.872	0.040	0.001	0.01
3.874	0.040	0.001	0.01
3.876	0.040	0.001	0.01
3.878	0.040	0.001	0.01
3.880	0.040	0.001	0.01
3.882	0.040	0.001	0.01
3.884	0.040	0.001	0.01
3.886	0.040	0.001	0.01
3.888	0.040	0.001	0.01
3.890	0.020	0.001	0.01
3.892	0.020	0.001	0.01
3.894	0.040	0.001	0.01
3.896	0.040	0.001	0.01
3.898	0.040	0.001	0.01
3.900	0.040	0.001	0.01
3.902	0.040	0.001	0.01
3.904	0.040	0.001	0.01
3.906	0.020	0.001	0.01
3.908	0.020	0.001	0.01
3.910	0.020	0.001	0.01
3.912	0.020	0.001	0.01
3.914	0.040	0.001	0.01
3.916	0.040	0.001	0.01
3.918	0.020	0.001	0.01
3.920	0.020	0.001	0.01
3.922	0.040	0.001	0.01
3.924	0.040	0.001	0.01
3.926	0.040	0.001	0.01
3.928	0.040	0.001	0.01
3.930	0.040	0.001	0.01
3.932	0.040	0.001	0.01
3.934	0.040	0.001	0.01
3.936	0.040	0.001	0.01
3.938	0.040	0.001	0.01
3.940	0.040	0.001	0.01
3.942	0.040	0.001	0.01
3.944	0.040	0.001	0.01
3.946	0.020	0.001	0.01
3.948	0.020	0.001	0.01
3.950	0.020	0.001	0.01
3.952	0.020	0.001	0.01
3.954	0.020	0.001	0.01
3.956	0.020	0.001	0.01
3.958	0.040	0.001	0.01
3.960	0.040	0.001	0.01
3.962	0.040	0.001	0.01
3.964	0.040	0.001	0.01
3.966	0.040	0.001	0.01
3.968	0.040	0.001	0.01
3.970	0.020	0.001	0.01
3.972	0.020	0.001	0.01
3.974	0.040	0.001	0.01
3.976	0.040	0.001	0.01
3.978	0.020	0.001	0.01
3.980	0.020	0.001	0.01
3.982	0.040	0.001	0.01
3.984	0.040	0.001	0.01
3.986	0.040	0.001	0.01
3.988	0.040	0.001	0.01
3.990	0.020	0.001	0.01
3.992	0.020	0.001	0.01
3.994	0.040	0.001	0.01
3.996	0.040	0.001	0.01
3.998	0.040	0.001	0.01
4.000	0.040	0.001	0.01
4.002	0.020	0.001	0.01
4.004	0.020	0.001	0.01
4.006	0.020	0.001	0.01
4.008	0.020	0.001	0.01
4.010	0.020	0.001	0.01
4.012	0.020	0.001	0.01
4.014	0.020	0.001	0.01
4.016	0.020	0.001	0.01
4.018	0.020	0.001	0.01
4.020	0.020	0.001	0.01
4.022	0.040	0.001	0.01
4.024	0.040	0.001	0.01
4.026	0.020	0.001	0.01
4.028	0.020	0.001	0.01
4.030	0.020	0.001	0.01
4.032	0.020	0.001	0.01
4.034	0.040	0.001	0.01
4.036	0.040	0.001	0.01
4.038	0.020	0.001	0.01
4.040	0.020	0.001	0.01
4.042	0.040	0.001	0.01
4.044	0.040	0.001	0.01
4.046	0.040	0.001	0.01
4.048	0.040	0.001	0.01
4.050	0.040	0.001	0.01
4.052	0.040	0.001	0.01
4.054	0.040	0.001	0.01
4.056	0.040	0.001	0.01
4.058	0.020	0.001	0.01
4.060	0.020	0.001	0.01
4.062	0.020	0.001	0.01
4.064	0.020	0.001	0.01
4.066	0.040	0.001	0.01
4.068	0.040	0.001	0.01
4.070	0.020	0.001	0.01
4.072	0.020	0.001	0.01
4.074	0.040	0.001	0.01
4.076	0.040	0.001	0.01
4.078	0.040	0.001	0.01
4.080	0.040	0.001	0.01
4.082	0.040	0.001	0.01
4.084	0.040	0.001	0.01
4.086	0.040	0.001	0.01
4.088	0.040	0.001	0.01
4.090	0.040	0.001	0.01
4.092	0.040	0.001	0.01
4.094	0.020	0.001	0.01
4.096	0.020	0.001	0.01
4.098	0.020	0.001	0.01
4.100	0.020	0.001	0.01
4.102	0.020	0.001	0.01
4.104	0.020	0.001	0.01
4.106	0.020	0.001	0.01
4.108	0.020	0.001	0.01
4.110	0.000	0.001	0.01
4.112	0.000	0.001	0.01
4.114	0.040	0.001	0.01
4.116	0.040	0.001	0.01
4.118	0.020	0.001	0.01
4.120	0.020	0.001	0.01
4.122	0.020	0.001	0.01
4.124	0.020	0.001	0.01
4.126	0.020	0.001	0.01
4.128	0.020	0.001	0.01
4.130	0.020	0.001	0.01
4.132	0.020	0.001	0.01
4.134	0.040	0.001	0.01
4.136	0.040	0.001	0.01
4.138	0.040	0.001	0.01
4.140	0.040	0.001	0.01
4.142	0.020	0.001	0.01
4.144	0.020	0.001	0.01
4.146	0.040	0.001	0.01
4.148	0.040	0.001	0.01
4.150	0.020	0.001	0.01
4.152	0.020	0.001	0.01
4.154	0.020	0.001	0.01
4.156	0.020	0.001	0.01
4.158	0.020	0.001	0.01
4.160	0.020	0.001	0.01
4.162	0.020	0.001	0.01
4.164	0.020	0.001	0.01
4.166	0.020	0.001	0.01
4.168	0.020	0.001	0.01
4.170	0.020	0.001	0.01
4.172	0.020	0.001	0.01
4.174	0.020	0.001	0.01
4.176	0.020	0.001	0.01
4.178	0.020	0.001	0.01
4.180	0.020	0.001	0.01
4.182	0.020	0.001	0.01
4.184	0.020	0.001	0.01
4.186	0.020	0.001	0.01
4.188	0.020	0.001	0.01
4.190	0.020	0.001	0.01
4.192	0.020	0.001	0.01
4.194	0.020	0.001	0.01
4.196	0.020	0.001	0.01
4.198	0.020	0.001	0.01
4.200	0.020	0.001	0.01
4.202	0.020	0.001	0.01
4.204	0.020	0.001	0.01
4.206	0.020	0.001	0.01
4.208	0.020	0.001	0.01
4.210	0.040	0.001	0.01
4.212	0.040	0.001	0.01
4.214	0.020	0.001	0.01
4.216	0.020	0.001	0.01
4.218	0.020	0.001	0.01
4.220	0.020	0.001	0.01
4.222	0.020	0.001	0.01
4.224	0.020	0.001	0.01
4.226	0.020	0.001	0.01
4.228	0.020	0.001	0.01
4.230	0.040	0.001	0.01
4.232	0.040	0.001	0.01
4.234	0.040	0.001	0.01
4.236	0.040	0.001	0.01
4.238	0.000	0.001	0.01
4.240	0.000	0.001	0.01
4.242	0.020	0.001	0.01
4.244	0.020	0.001	0.01
4.246	0.040	0.001	0.01
4.248	0.040	0.001	0.01
4.250	0.020	0.001	0.01
4.252	0.020	0.001	0.01
4.254	0.020	0.001	0.01
4.256	0.020	0.001	0.01
4.258	0.040	0.001	0.01
4.260	0.040	0.001	0.01
4.262	0.040	0.001	0.01
4.264	0.040	0.001	0.01
4.266	0.020	0.001	0.01
4.268	0.020	0.001	0.01
4.270	0.040	0.001	0.01
4.272	0.040	0.001	0.01
4.274	0.000	0.001	0.01
4.276	0.000	0.001	0.01
4.278	0.020	0.001	0.01
4.280	0.020	0.001	0.01
4.282	0.040	0.001	0.01
4.284	0.040	0.001	0.01
4.286	0.020	0.001	0.01
4.288	0.020	0.001	0.01
4.290	0.020	0.001	0.01
4.292	0.020	0.001	0.01
4.294	0.040	0.001	0.01
4.296	0.040	0.001	0.01
4.298	0.020	0.001	0.01
4.300	0.020	0.001	0.01
4.302	0.020	0.001	0.01
4.304	0.020	0.001	0.01
4.306	0.020	0.001	0.01
4.308	0.020	0.001	0.01
4.310	0.020	0.001	0.01
4.312	0.020	0.001	0.01
4.314	0.020	0.001	0.01
4.316	0.020	0.001	0.01
4.318	0.020	0.001	0.01
4.320	0.020	0.001	0.01
4.322	0.020	0.001	0.01
4.324	0.020	0.001	0.01
4.326	0.020	0.001	0.01
4.328	0.020	0.001	0.01
4.330	0.020	0.001	0.01
4.332	0.020	0.001	0.01
4.334	0.020	0.001	0.01
4.336	0.020	0.001	0.01
4.338	0.020	0.001	0.01
4.340	0.020	0.001	0.01
4.342	0.020	0.001	0.01
4.344	0.020	0.001	0.01
4.346	0.020	0.001	0.01
4.348	0.020	0.001	0.01
4.350	0.020	0.001	0.01
4.352	0.020	0.001	0.01
4.354	0.020	0.001	0.01
4.356	0.020	0.001	0.01
4.358	0.040	0.001	0.01
4.360	0.040	0.001	0.01
4.362	0.020	0.001	0.01
4.364	0.020	0.001	0.01
4.366	0.040	0.001	0.01
4.368	0.040	0.001	0.01
4.370	0.020	0.001	0.01
4.372	0.020	0.001	0.01
4.374	0.020	0.001	0.01
4.376	0.020	0.001	0.01
4.378	0.020	0.001	0.01
4.380	0.020	0.001	0.01
4.382	0.020	0.001	0.01
4.384	0.020	0.001	0.01
4.386	0.020	0.001	0.01
4.388	0.020	0.001	0.01
4.390	0.020	0.001	0.01
4.392	0.020	0.001	0.01
4.394	0.020	0.001	0.01
4.396	0.020	0.001	0.01
4.398	0.040	0.001	0.01
4.400	0.040	0.001	0.01
4.402	0.040	0.001	0.01
4.404	0.040	0.001	0.01
4.406	0.040	0.001	0.01
4.408	0.040	0.001	0.01
4.410	0.020	0.001	0.01
4.412	0.020	0.001	0.01
4.414	0.040	0.001	0.01
4.416	0.040	0.001	0.01
4.418	0.020	0.001	0.01
4.420	0.020	0.001	0.01
4.422	0.020	0.001	0.01
4.424	0.020	0.001	0.01
4.426	0.020	0.001	0.01
4.428	0.020	0.001	0.01
4.430	0.020	0.001	0.01
4.432	0.020	0.001	0.01
4.434	0.040	0.001	0.01
4.436	0.040	0.001	0.01
4.438	0.040	0.001	0.01
4.440	0.040	0.001	0.01
4.442	0.020	0.001	0.01
4.444	0.020	0.001	0.01
4.446	0.020	0.001	0.01
4.448	0.020	0.001	0.01
4.450	0.020	0.001	0.01
4.452	0.020	0.001	0.01
4.454	0.020	0.001	0.01
4.456	0.020	0.001	0.01
4.458	0.020	0.001	0.01
4.460	0.020	0.001	0.01
4.462	0.040	0.001	0.01
4.464	0.040	0.001	0.01
4.466	0.000	0.001	0.01
4.468	0.000	0.001	0.01
4.470	0.020	0.001	0.01
4.472	0.020	0.001	0.01
4.474	0.020	0.001	0.01
4.476	0.020	0.001	0.01
4.478	0.000	0.001	0.01
4.480	0.000	0.001	0.01
4.482	0.020	0.001	0.01
4.484	0.020	0.001	0.01
4.486	0.020	0.001	0.01
4.488	0.020	0.001	0.01
4.490	0.040	0.001	0.01
4.492	0.040	0.001	0.01
4.494	0.040	0.001	0.01
4.496	0.040	0.001	0.01
4.498	0.040	0.001	0.01
4.500	0.040	0.001	0.01
4.502	0.020	0.001	0.01
4.504	0.020	0.001	0.01
4.506	0.020	0.001	0.01
4.508	0.020	0.001	0.01
4.510	0.020	0.001	0.01
4.512	0.020	0.001	0.01
4.514	0.040	0.001	0.01
4.516	0.040	0.001	0.01
4.518	0.000	0.001	0.01
4.520	0.000	0.001	0.01
4.522	0.020	0.001	0.01
4.524	0.020	0.001	0.01
4.526	0.020	0.001	0.01
4.528	0.020	0.001	0.01
4.530	0.000	0.001	0.01
4.532	0.000	0.001	0.01
4.534	0.020	0.001	0.01
4.536	0.020	0.001	0.01
4.538	0.020	0.001	0.01
4.540	0.020	0.001	0.01
4.542	0.040	0.001	0.01
4.544	0.040	0.001	0.01
4.546	0.020	0.001	0.01
4.548	0.020	0.001	0.01
4.550	0.040	0.001	0.01
4.552	0.040	0.001	0.01
4.554	0.040	0.001	0.01
4.556	0.040	0.001	0.01
4.558	0.020	0.001	0.01
4.560	0.020	0.001	0.01
4.562	0.020	0.001	0.01
4.564	0.020	0.001	0.01
4.566	0.020	0.001	0.01
4.568	0.020	0.001	0.01
4.570	0.020	0.001	0.01
4.572	0.020	0.001	0.01
4.574	0.020	0.001	0.01
4.576	0.020	0.001	0.01
4.578	0.040	0.001	0.01
4.580	0.040	0.001	0.01
4.582	0.020	0.001	0.01
4.584	0.020	0.001	0.01
4.586	0.040	0.001	0.01
4.588	0.040	0.001	0.01
4.590	0.020	0.001	0.01
4.592	0.020	0.001	0.01
4.594	0.020	0.001	0.01
4.596	0.020	0.001	0.01
4.598	0.020	0.001	0.01
4.600	0.020	0.001	0.01
4.602	0.040	0.001	0.01
4.604	0.040	0.001	0.01
4.606	0.040	0.001	0.01
4.608	0.040	0.001	0.01
4.610	0.020	0.001	0.01
4.612	0.020	0.001	0.01
4.614	0.040	0.001	0.01
4.616	0.040	0.001	0.01
4.618	0.040	0.001	0.01
4.620	0.040	0.001	0.01
4.622	0.040	0.001	0.01
4.624	0.040	0.001	0.01
4.626	0.040	0.001	0.01
4.628	0.040	0.001	0.01
4.630	0.020	0.001	0.01
4.632	0.020	0.001	0.01
4.634	0.020	0.001	0.01
4.636	0.020	0.001	0.01
4.638	0.040	0.001	0.01
4.640	0.040	0.001	0.01
4.642	0.040	0.001	0.01
4.644	0.040	0.001	0.01
4.646	0.000	0.001	0.01
4.648	0.000	0.001	0.01
4.650	0.040	0.001	0.01
4.652	0.040	0.001	0.01
4.654	0.040	0.001	0.01
4.656	0.040	0.001	0.01
4.658	0.040	0.001	0.01
4.660	0.040	0.001	0.01
4.662	0.040	0.001	0.01
4.664	0.040	0.001	0.01
4.666	0.020	0.001	0.01
4.668	0.020	0.001	0.01
4.670	0.020	0.001	0.01
4.672	0.020	0.001	0.01
4.674	0.040	0.001	0.01
4.676	0.040	0.001	0.01
4.678	0.020	0.001	0.01
4.680	0.020	0.001	0.01
4.682	0.020	0.001	0.01
4.684	0.020	0.001	0.01
4.686	0.020	0.001	0.01
4.688	0.020	0.001	0.01
4.690	0.020	0.001	0.01
4.692	0.020	0.001	0.01
4.694	0.020	0.001	0.01
4.696	0.020	0.001	0.01
4.698	0.040	0.001	0.01
4.700	0.040	0.001	0.01
4.702	0.040	0.001	0.01
4.704	0.040	0.001	0.01
4.706	0.040	0.001	0.01
4.708	0.040	0.001	0.01
4.710	0.020	0.001	0.01
4.712	0.020	0.001	0.01
4.714	0.040	0.001	0.01
4.716	0.040	0.001	0.01
4.718	0.020	0.001	0.01
4.720	0.020	0.001	0.01
4.722	0.040	0.001	0.01
4.724	0.040	0.001	0.01
4.726	0.040	0.001	0.01
4.728	0.040	0.001	0.01
4.730	0.040	0.001	0.01
4.732	0.040	0.001	0.01
4.734	0.040	0.001	0.01
4.736	0.040	0.001	0.01
4.738	0.040	0.001	0.01
4.740	0.040	0.001	0.01
4.742	0.040	0.001	0.01
4.744	0.040	0.001	0.01
4.746	0.040	0.001	0.01
4.748	0.040	0.001	0.01
4.750	0.020	0.001	0.01
4.752	0.020	0.001	0.01
4.754	0.040	0.001	0.01
4.756	0.040	0.001	0.01
4.758	0.020	0.001	0.01
4.760	0.020	0.001	0.01
4.762	0.020	0.001	0.01
4.764	0.020	0.001	0.01
4.766	0.020	0.001	0.01
4.768	0.020	0.001	0.01
4.770	0.040	0.001	0.01
4.772	0.040	0.001	0.01
4.774	0.020	0.001	0.01
4.776	0.020	0.001	0.01
4.778	0.040	0.001	0.01
4.780	0.040	0.001	0.01
4.782	0.020	0.001	0.01
4.784	0.020	0.001	0.01
4.786	0.020	0.001	0.01
4.788	0.020	0.001	0.01
4.790	0.040	0.001	0.01
4.792	0.040	0.001	0.01
4.794	0.020	0.001	0.01
4.796	0.020	0.001	0.01
4.798	0.040	0.001	0.01
4.800	0.040	0.001	0.01
4.802	0.020	0.001	0.01
4.804	0.020	0.001	0.01
4.806	0.020	0.001	0.01
4.808	0.020	0.001	0.01
4.810	0.040	0.001	0.01
4.812	0.040	0.001	0.01
4.814	0.040	0.001	0.01
4.816	0.040	0.001	0.01
4.818	0.020	0.001	0.01
4.820	0.020	0.001	0.01
4.822	0.040	0.001	0.01
4.824	0.040	0.001	0.01
4.826	0.020	0.001	0.01
4.828	0.020	0.001	0.01
4.830	0.020	0.001	0.01
4.832	0.020	0.001	0.01
4.834	0.060	0.001	0.01
4.836	0.060	0.001	0.01
4.838	0.020	0.001	0.01
4.840	0.020	0.001	0.01
4.842	0.040	0.001	0.01
4.844	0.040	0.001	0.01
4.846	0.040	0.001	0.01
4.848	0.040	0.001	0.01
4.850	0.040	0.001	0.01
4.852	0.040	0.001	0.01
4.854	0.040	0.001	0.01
4.856	0.040	0.001	0.01
4.858	0.020	0.001	0.01
4.860	0.020	0.001	0.01
4.862	0.020	0.001	0.01
4.864	0.020	0.001	0.01
4.866	0.020	0.001	0.01
4.868	0.020	0.001	0.01
4.870	0.040	0.001	0.01
4.872	0.040	0.001	0.01
4.874	0.020	0.001	0.01
4.876	0.020	0.001	0.01
4.878	0.020	0.001	0.01
4.880	0.020	0.001	0.01
4.882	0.020	0.001	0.01
4.884	0.020	0.001	0.01
4.886	0.060	0.001	0.01
4.888	0.060	0.001	0.01
4.890	0.040	0.001	0.01
4.892	0.040	0.001	0.01
4.894	0.020	0.001	0.01
4.896	0.020	0.001	0.01
4.898	0.040	0.001	0.01
4.900	0.040	0.001	0.01
4.902	0.040	0.001	0.01
4.904	0.040	0.001	0.01
4.906	0.000	0.001	0.01
4.908	0.000	0.001	0.01
4.910	0.040	0.001	0.01
4.912	0.040	0.001	0.01
4.914	0.040	0.001	0.01
4.916	0.040	0.001	0.01
4.918	0.040	0.001	0.01
4.920	0.040	0.001	0.01
4.922	0.020	0.001	0.01
4.924	0.020	0.001	0.01
4.926	0.040	0.001	0.01
4.928	0.040	0.001	0.01
4.930	0.040	0.001	0.01
4.932	0.040	0.001	0.01
4.934	0.040	0.001	0.01
4.936	0.040	0.001	0.01
4.938	0.040	0.001	0.01
4.940	0.040	0.001	0.01
4.942	0.040	0.001	0.01
4.944	0.040	0.001	0.01
4.946	0.040	0.001	0.01
4.948	0.040	0.001	0.01
4.950	0.040	0.001	0.01
4.952	0.040	0.001	0.01
4.954	0.020	0.001	0.01
4.956	0.020	0.001	0.01
4.958	0.040	0.001	0.01
4.960	0.040	0.001	0.01
4.962	0.060	0.001	0.01
4.964	0.060	0.001	0.01
4.966	0.040	0.001	0.01
4.968	0.040	0.001	0.01
4.970	0.020	0.001	0.01
4.972	0.020	0.001	0.01
4.974	0.020	0.001	0.01
4.976	0.020	0.001	0.01
4.978	0.040	0.001	0.01
4.980	0.040	0.001	0.01
4.982	0.020	0.001	0.01
4.984	0.020	0.001	0.01
4.986	0.040	0.001	0.01
4.988	0.040	0.001	0.01
4.990	0.040	0.001	0.01
4.992	0.040	0.001	0.01
4.994	0.040	0.001	0.01
4.996	0.040	0.001	0.01
4.998	0.040	0.001	0.01
5.000	0.040	0.001	0.01
5.002	0.020	0.001	0.01
5.004	0.020	0.001	0.01
5.006	0.040	0.001	0.01
5.008	0.040	0.001	0.01
5.010	0.040	0.001	0.01
5.012	0.040	0.001	0.01
5.014	0.040	0.001	0.01
5.016	0.040	0.001	0.01
5.018	0.040	0.001	0.01
5.020	0.040	0.001	0.01
5.022	0.040	0.001	0.01
5.024	0.040	0.001	0.01
5.026	0.040	0.001	0.01
5.028	0.040	0.001	0.01
5.030	0.020	0.001	0.01
5.032	0.020	0.001	0.01
5.034	0.040	0.001	0.01
5.036	0.040	0.001	0.01
5.038	0.040	0.001	0.01
5.040	0.040	0.001	0.01
5.042	0.040	0.001	0.01
5.044	0.040	0.001	0.01
5.046	0.040	0.001	0.01
5.048	0.040	0.001	0.01
5.050	0.020	0.001	0.01
5.052	0.020	0.001	0.01
5.054	0.040	0.001	0.01
5.056	0.040	0.001	0.01
5.058	0.020	0.001	0.01
5.060	0.020	0.001	0.01
5.062	0.040	0.001	0.01
5.064	0.040	0.001	0.01
5.066	0.040	0.001	0.01
5.068	0.040	0.001	0.01
5.070	0.040	0.001	0.01
5.072	0.040	0.001	0.01
5.074	0.040	0.001	0.01
5.076	0.040	0.001	0.01
5.078	0.040	0.001	0.01
5.080	0.040	0.001	0.01
5.082	0.040	0.001	0.01
5.084	0.040	0.001	0.01
5.086	0.020	0.001	0.01
5.088	0.020	0.001	0.01
5.090	0.020	0.001	0.01
5.092	0.020	0.001	0.01
5.094	0.040	0.001	0.01
5.096	0.040	0.001	0.01
5.098	0.040	0.001	0.01
5.100	0.040	0.001	0.01
5.102	0.040	0.001	0.01
5.104	0.040	0.001	0.01
5.106	0.060	0.001	0.01
5.108	0.060	0.001	0.01
5.110	0.060	0.001	0.01
5.112	0.060	0.001	0.01
5.114	0.040	0.001	0.01
5.116	0.040	0.001	0.01
5.118	0.060	0.001	0.01
5.120	0.060	0.001	0.01
5.122	0.040	0.001	0.01
5.124	0.040	0.001	0.01
5.126	0.060	0.001	0.01
5.128	0.060	0.001	0.01
5.130	0.060	0.001	0.01
5.132	0.060	0.001	0.01
5.134	0.040	0.001	0.01
5.136	0.040	0.001	0.01
5.138	0.060	0.001	0.01
5.140	0.060	0.001	0.01
5.142	0.040	0.001	0.01
5.144	0.040	0.001	0.01
5.146	0.040	0.001	0.01
5.148	0.040	0.001	0.01
5.150	0.060	0.001	0.01
5.152	0.060	0.001	0.01
5.154	0.040	0.001	0.01
5.156	0.040	0.001	0.01
5.158	0.060	0.001	0.01
5.160	0.060	0.001	0.01
5.162	0.080	0.001	0.01
5.164	0.080	0.001	0.01
5.166	0.040	0.001	0.01
5.168	0.040	0.001	0.01
5.170	0.040	0.001	0.01
5.172	0.040	0.001	0.01
5.174	0.040	0.001	0.01
5.176	0.040	0.001	0.01
5.178	0.060	0.001	0.01
5.180	0.060	0.001	0.01
5.182	0.040	0.001	0.01
5.184	0.040	0.001	0.01
5.186	0.060	0.001	0.01
5.188	0.060	0.001	0.01
5.190	0.040	0.001	0.01
5.192	0.040	0.001	0.01
5.194	0.040	0.001	0.01
5.196	0.040	0.001	0.01
5.198	0.060	0.001	0.01
5.200	0.060	0.001	0.01
5.202	0.040	0.001	0.01
5.204	0.040	0.001	0.01
5.206	0.040	0.001	0.01
5.208	0.040	0.001	0.01
5.210	0.040	0.001	0.01
5.212	0.040	0.001	0.01
5.214	0.080	0.001	0.01
5.216	0.080	0.001	0.01
5.218	0.080	0.001	0.01
5.220	0.080	0.001	0.01
5.222	0.080	0.001	0.01
5.224	0.080	0.001	0.01
5.226	0.040	0.001	0.01
5.228	0.040	0.001	0.01
5.230	0.060	0.001	0.01
5.232	0.060	0.001	0.01
5.234	0.060	0.001	0.01
5.236	0.060	0.001	0.01
5.238	0.060	0.001	0.01
5.240	0.060	0.001	0.01
5.242	0.080	0.001	0.01
5.244	0.080	0.001	0.01
5.246	0.040	0.001	0.01
5.248	0.040	0.001	0.01
5.250	0.060	0.001	0.01
5.252	0.060	0.001	0.01
5.254	0.060	0.001	0.01
5.256	0.060	0.001	0.01
5.258	0.080	0.001	0.01
5.260	0.080	0.001	0.01
5.262	0.040	0.001	0.01
5.264	0.040	0.001	0.01
5.266	0.060	0.001	0.01
5.268	0.060	0.001	0.01
5.270	0.060	0.001	0.01
5.272	0.060	0.001	0.01
5.274	0.060	0.001	0.01
5.276	0.060	0.001	0.01
5.278	0.080	0.001	0.01
